Orthogroup	Myotis_lucifugus	Mus_musculus
OG0000000	XP_023599356.1, XP_023599350.1	XP_030098258.1, NP_033587.2
OG0000000	XP_023620736.1	NP_663458.2
OG0000000	XP_023618147.1	NP_690027.1
OG0000000	XP_006098677.1	NP_001389468.1
OG0000000	XP_014319713.1	NP_035878.1, XP_030098427.1, NP_848848.1, NP_001345789.1
OG0000000	XP_023616328.1, XP_006098666.1	NP_808557.2
OG0000000	XP_006109488.2, XP_023604206.1	NP_001020099.1, XP_006540216.1
OG0000000	XP_006107371.2	NP_001345745.1
OG0000001	XP_023600178.1	XP_011247286.1, NP_848504.2
OG0000001	XP_023602735.1	NP_001020121.2, XP_006524318.1
OG0000001	XP_014301019.2, XP_006103138.1, XP_006104610.1, XP_014303641.1, XP_006103139.1, XP_014301016.2, XP_006103137.3, XP_006109167.1, XP_023600179.1, XP_023600175.1, XP_014301002.2, XP_014302358.1	NP_001028985.1
OG0000002	XP_006106210.1, XP_006107454.1, XP_006109070.1, XP_006107515.1, XP_006107514.1, XP_006099747.1, XP_006099742.1, XP_006106211.1, XP_006106209.1, XP_006107119.1, XP_006107121.1, XP_006107120.1, XP_006107453.1, XP_006106212.1, XP_023619081.1, XP_006106213.1, XP_006107455.1, XP_023603892.1, XP_006107457.1, XP_006099738.1, XP_006107116.1, XP_006099739.1, XP_006099744.1, XP_006106217.1, XP_006106215.1, XP_006108057.1, XP_006108056.1, XP_006106216.1, XP_006106496.1, XP_023603038.1, XP_006100411.1	NP_667253.1, NP_667282.1
OG0000003	XP_006106487.1	NP_001277309.1
OG0000003	XP_023602527.1	NP_835501.1
OG0000003	XP_006105754.1	NP_783595.1
OG0000003	XP_006095235.1, XP_006095234.1, XP_006105894.1	NP_835504.1
OG0000004	XP_006095377.1	NP_038577.1
OG0000004	XP_014316718.2	NP_835585.3
OG0000004	XP_006095233.1	NP_783593.1
OG0000005	XP_006101362.1, XP_006101381.1	NP_667141.1
OG0000005	XP_006101384.1, XP_006101386.2, XP_014322144.1, XP_006101385.1, XP_006101387.1, XP_023620581.1, XP_006101388.1, XP_006101389.1	NP_667138.1, NP_666939.1
OG0000005	XP_006101391.1, XP_006109268.1	NP_666758.1
OG0000005	XP_006101365.1	NP_666759.1, NP_666755.1
OG0000005	XP_006101366.1, XP_006101367.1	NP_666378.1, NP_996891.2
OG0000005	XP_006101378.1	NP_666490.1
OG0000005	XP_006101368.1	NP_666379.1
OG0000006	XP_023607122.1, XP_023611083.1	XP_030110853.2
OG0000006	XP_023604080.1, XP_014306381.1, XP_014307657.2, XP_014305168.1, XP_023604957.1, XP_023604864.1	XP_036010828.1
OG0000008	XP_023603086.1, XP_023603088.1, XP_023609052.1	NP_001277279.1
OG0000008	XP_023608739.1	NP_033592.2
OG0000008	XP_014318909.1	NP_067301.1, NP_001346164.1, NP_001038947.1
OG0000008	XP_023617197.1	NP_001276518.1
OG0000008	XP_023618878.1	NP_001355257.1
OG0000009	XP_023603920.1, XP_023603918.1	NP_034521.1, NP_034522.2, XP_011244602.1, NP_034520.2, NP_001355671.1, NP_001411251.1, NP_001411253.1, NP_001411252.1, NP_001411248.1, NP_075613.3, NP_001411249.1, NP_997531.1, NP_001355670.1, NP_001188389.1, NP_034524.3, NP_001137161.1, XP_017173254.1, NP_001357747.1, XP_006524864.1, NP_001074501.2, NP_001390291.1, XP_006523736.1, NP_034510.3
OG0000010	XP_014313946.1	XP_017174101.1, NP_667184.2
OG0000010	XP_006091995.1	NP_667181.1
OG0000010	XP_006092150.1	NP_667019.1, NP_667179.1, NP_667180.1
OG0000011	XP_006109699.2	NP_444370.1
OG0000011	XP_006086528.1	NP_444357.1
OG0000011	XP_023607814.1	NP_444375.2
OG0000011	XP_006086520.1	NP_444376.1
OG0000011	XP_023607813.1	NP_444374.2
OG0000011	XP_006086527.1	NP_444358.2
OG0000011	XP_023607816.1	NP_444371.3
OG0000011	XP_006086523.2	NP_444372.2
OG0000011	XP_006109698.1	NP_444360.1, NP_444364.3, NP_444362.3
OG0000011	XP_006086525.1	NP_444369.3
OG0000011	XP_023607817.1	NP_444368.1
OG0000011	XP_006086526.1	NP_444363.1, NP_444361.1, NP_444365.1, NP_444359.3, NP_444366.3, NP_444367.1
OG0000011	XP_006086677.1	NP_444377.3
OG0000012	XP_006085710.1	NP_776144.1
OG0000012	XP_006085740.1, XP_014308590.1	XP_006527991.1, NP_001094920.1
OG0000012	XP_006085738.1	NP_112448.1, NP_034889.1, NP_032571.2
OG0000012	XP_014305949.1, XP_014308593.1, XP_014308589.1, XP_006085751.1, XP_014308592.1	NP_001028664.2
OG0000013	XP_006102505.1	NP_001011824.1, NP_001011823.1
OG0000015	XP_014323263.2, XP_023599586.1, XP_006102511.3, XP_014323274.1	NP_666770.1, NP_666769.1, NP_666772.1
OG0000017	XP_014315670.1	NP_666404.1
OG0000018	XP_014301359.1	NP_032237.1
OG0000018	XP_006095231.1	NP_473386.1, NP_835510.1, NP_835734.2, NP_783584.1, NP_835511.1, NP_038576.1, NP_835587.1
OG0000018	XP_014303293.1, XP_014303295.1, XP_006105758.1	NP_835514.1
OG0000018	XP_006107726.1	NP_659539.1
OG0000018	XP_006091951.1, XP_006100057.1, XP_006086104.1, XP_023605537.1, XP_014303528.1	NP_001074488.1, NP_001357860.1
OG0000019	XP_006087592.3	NP_666953.1, NP_666661.2, NP_001011787.1, NP_001011803.2, NP_997034.1, NP_666474.1
OG0000019	XP_006087532.1	NP_666514.2
OG0000019	XP_006087533.1	NP_666513.2
OG0000019	XP_014310270.1	NP_666660.1
OG0000020	XP_023620544.1, XP_023603758.1, XP_023602862.1, XP_023602866.1, XP_023602864.1, XP_014304919.1, XP_014322076.2	XP_006539695.1, NP_035220.2, NP_001160144.1, NP_001371139.1, XP_006539491.1, NP_035219.2, XP_036008671.1, NP_001357997.1, XP_036008674.1, NP_001344323.1, XP_006539697.1
OG0000020	XP_023602217.1	XP_006539826.1, NP_001074708.2
OG0000020	XP_023605092.1, XP_023604823.1, XP_023602216.1, XP_023603178.1, XP_023603171.1, XP_023603172.1, XP_014304057.1, XP_014304063.1, XP_023602220.1	XP_036011513.1, NP_001278821.1, NP_032173.1, NP_038560.1
OG0000022	XP_006086666.1	NP_291065.3
OG0000022	XP_006086504.1	NP_291072.1
OG0000022	XP_014306348.1, XP_006086506.1	NP_291073.1
OG0000022	XP_023607764.1	NP_291067.1
OG0000022	XP_006086502.1	NP_291068.2
OG0000022	XP_006086509.1	NP_291070.1
OG0000022	XP_006086507.3	NP_291069.1
OG0000022	XP_006086508.2	NP_291071.1
OG0000022	XP_023607849.1	NP_291066.1
OG0000022	XP_023607811.1	NP_291062.1
OG0000022	XP_023607808.1	NP_291063.1
OG0000023	XP_023603364.1, XP_023603363.1, XP_023603365.1, XP_014305478.2, XP_014305476.2, XP_023604414.1, XP_014304274.2	NP_001104528.1, XP_006540653.1, XP_036008866.1, NP_848821.2
OG0000026	XP_006087848.1, XP_006087846.2	XP_006528255.1, NP_001020555.2, XP_006528244.1, NP_001020554.1, NP_001092772.1, XP_006528185.1, XP_006528203.1, NP_001075139.1
OG0000026	XP_023612671.1	NP_780750.2, NP_001158103.1, NP_001158102.1, NP_001158104.1, NP_001158105.1, XP_006528604.1
OG0000027	XP_006082612.1	NP_033473.1
OG0000027	XP_006109687.1, XP_006085845.1	NP_033474.1
OG0000027	XP_006085609.1	NP_059075.1
OG0000027	XP_023609366.1	NP_001029051.2
OG0000027	XP_014320502.1	NP_033475.1, NP_033472.1
OG0000027	XP_006091577.1	NP_035783.1
OG0000027	XP_006091578.1	NP_035784.1
OG0000028	XP_014313930.1, XP_006092090.1	NP_666909.1, NP_666908.2
OG0000028	XP_014313929.1	NP_666916.1
OG0000029	XP_014316275.1	NP_667210.2, NP_001011662.2, NP_667208.2
OG0000031	XP_006100279.1	NP_001011789.1
OG0000032	XP_023607827.1	NP_619603.1
OG0000032	XP_023607823.1	NP_034089.1
OG0000032	XP_023607821.1	NP_473413.1, NP_932785.1
OG0000032	XP_023607820.1	NP_619602.1
OG0000032	XP_023607822.1	NP_034090.1
OG0000032	XP_023607826.1	NP_619604.1
OG0000033	XP_006108023.2	XP_006533136.1, NP_742047.1
OG0000033	XP_023604413.1, XP_023603584.1, XP_023604412.1, XP_023603585.1	NP_001162624.1, XP_017170043.1
OG0000033	XP_014304527.1	NP_663412.1, XP_030102331.1, NP_001095126.1, NP_001095127.1, NP_954671.1, XP_006533716.1, XP_006531943.1, XP_036012057.1
OG0000035	XP_023608661.1	NP_033738.1
OG0000035	XP_006096684.1	NP_031418.1
OG0000035	XP_006093229.1	NP_031419.1
OG0000035	XP_006107764.1	NP_033739.1
OG0000035	XP_023604685.1	NP_780706.1
OG0000035	XP_006096839.1	NP_033740.2
OG0000036	XP_006090066.1	XP_011245537.1, NP_663474.2
OG0000038	XP_006108449.1	NP_667230.1, NP_666801.2, NP_997557.2, NP_997018.2, NP_666521.2, NP_666520.2, NP_667057.2, NP_667223.1
OG0000039	XP_014308601.2	NP_076205.1
OG0000039	XP_006101176.1	NP_033477.2
OG0000039	XP_023602750.1	NP_075768.1
OG0000039	XP_023600742.1	NP_001074440.1
OG0000040	XP_014313682.1, XP_006091633.1	NP_666393.1, NP_666392.1, NP_666668.2, NP_667247.1
OG0000041	XP_006091988.2	NP_001355135.1, NP_666478.1
OG0000041	XP_014313940.2, XP_006092121.1	NP_666803.1, NP_666802.2, NP_861539.2, XP_006499622.1, NP_666941.2
OG0000042	XP_006093905.1, XP_023613925.1, XP_006093908.1, XP_006093913.1, XP_014315541.1, XP_006093912.1, XP_006093918.2, XP_006093917.2, XP_006093916.1, XP_006093924.1, XP_006093914.1, XP_006093904.1, XP_006093911.1, XP_006093910.1, XP_006093907.1, XP_006093903.1	NP_780740.2, NP_001030040.2, NP_991379.3, NP_997421.1, NP_991364.1
OG0000043	XP_006089727.1, XP_006089728.1, XP_006089726.1, XP_006089755.1	NP_666422.1, NP_666708.1, NP_666948.1, NP_666949.1, NP_666946.1, NP_666709.1, NP_666707.1, NP_001011811.1, NP_001011810.2, NP_666943.1, NP_666710.1, NP_666944.1, NP_666419.2, NP_666476.1, NP_666423.1, NP_666954.1, NP_666637.1, NP_666636.1, NP_001011871.1, NP_666950.1, NP_666945.1
OG0000044	XP_014303412.1	NP_783583.1, NP_835515.1, NP_291074.1, NP_835582.1, NP_783587.1
OG0000044	XP_006105773.1	NP_694813.1
OG0000044	XP_014303302.1	NP_783586.1, NP_835500.1
OG0000044	XP_023614983.1	NP_835499.1
OG0000045	XP_023619132.1	NP_001093105.1, XP_006532475.1
OG0000045	XP_023619120.1	NP_001074719.1
OG0000045	XP_006099789.1, XP_023619123.1	XP_036012291.1, NP_796343.2
OG0000045	XP_023619122.1, XP_006099792.1	NP_001034634.2
OG0000045	XP_023619124.1	NP_034985.2
OG0000046	XP_023619063.1	XP_006524022.1, NP_001094915.1, NP_570952.1, XP_036016649.1, NP_001093657.1, NP_001343232.1
OG0000048	XP_006102709.1, XP_014323472.2, XP_023604189.1	NP_031701.3, XP_030098465.1, NP_036057.1
OG0000048	XP_014301486.2, XP_023604410.1, XP_023602150.1, XP_023602151.1	NP_001034274.1, NP_001106839.1, NP_031569.1, NP_001106840.1, XP_030098464.1
OG0000049	XP_006091104.2	NP_065063.1
OG0000049	XP_006082070.1	NP_787953.2
OG0000049	XP_023608810.1, XP_006082075.1, XP_014313096.1, XP_014313078.1, XP_006082073.1, XP_006082071.1	NP_035911.2, NP_001020551.3, XP_006509516.1, NP_001009548.1, XP_006509324.1, NP_034216.3
OG0000050	XP_006105691.1	NP_996786.1
OG0000050	XP_006105690.1, XP_014303234.1	NP_666838.1
OG0000051	XP_014309680.1	NP_034061.2
OG0000051	XP_023614891.1	NP_031760.2, XP_036013028.1
OG0000051	XP_014309679.1	NP_034062.3
OG0000051	XP_023614431.1	XP_011246185.1, NP_444415.2
OG0000051	XP_023615229.1, XP_006108950.2	XP_011236954.1, NP_031761.1
OG0000051	XP_006082308.1	XP_006528759.1, NP_001156627.1
OG0000052	XP_014306145.2, XP_014314626.1	NP_001157093.1
OG0000052	XP_023604860.1, XP_023605217.1, XP_014304615.1, XP_006109364.1, XP_023603348.1, XP_006092810.1, XP_006108974.1, XP_023603657.1, XP_006107490.1, XP_006107489.2, XP_023612973.1	XP_030104641.1, NP_776104.1, NP_001162131.1, NP_776147.1, NP_001156355.1, NP_001402939.1, NP_001402942.1, NP_001402940.1, NP_001402941.1, NP_001344825.1, XP_006520997.3, NP_001075439.1, NP_001344824.1, XP_011244068.1, NP_001158112.1, NP_083695.2, XP_006520340.1, NP_780600.1, NP_001128274.1, XP_011244013.1, NP_001020019.2
OG0000054	XP_006108306.2, XP_023604128.1, XP_014305777.1	XP_030108264.1, NP_001396544.1
OG0000055	XP_006089756.1	NP_667135.1, NP_667137.1, NP_666985.1, NP_666986.1, NP_666706.1, NP_666947.1
OG0000055	XP_006089754.1	NP_064687.2, NP_666984.1
OG0000056	XP_006091994.1	NP_997023.1, NP_666435.1, NP_001011761.1, NP_001011804.1, XP_011237863.1
OG0000057	XP_023618012.1	XP_017174374.2, XP_036011217.1, XP_036011223.1, NP_001013839.1
OG0000057	XP_023617871.1	NP_084470.1, XP_006529132.1, XP_036011762.1, XP_036018110.1, XP_011248127.1, NP_780606.3
OG0000058	XP_006107133.1	NP_001263422.1, XP_006511699.1, NP_001263411.1, NP_001263415.1, NP_001263414.1, NP_001263410.1, NP_034147.1, NP_001263421.1
OG0000059	XP_006094765.2	XP_017172475.1, NP_666990.2, NP_001011791.1, NP_001011807.2, NP_666434.2, NP_666509.2, NP_666433.1, NP_666696.2, XP_017172474.1
OG0000060	XP_023599774.1, XP_023599773.1, XP_006102731.1, XP_006097433.1	NP_064410.1, NP_001397567.1, NP_001397566.1, XP_036019016.1
OG0000061	XP_023608990.1, XP_014310721.2, XP_014310723.1	NP_032675.2, XP_011248383.1, NP_001074754.1, NP_032674.1, NP_001012323.1, XP_006538108.1, NP_001009550.1, NP_001034633.1, NP_001157998.1, NP_001334063.1, NP_001186935.1, NP_001334058.1, NP_001334060.1, NP_001186928.1, NP_001186933.1, NP_001186924.1, XP_003688833.1, XP_006537578.1, XP_006537546.1, XP_006537549.1, XP_030108871.1, XP_030108860.1, XP_030108849.1, XP_006537554.1, XP_006537544.1, XP_006537552.1, XP_006537543.1, XP_006537714.1, XP_006537550.1, XP_006537547.1, NP_001156483.1, NP_001156482.1, NP_112465.2, NP_001039015.1, NP_001128599.1, NP_001268908.1, NP_001186865.1, NP_001116119.1, NP_001334083.1, NP_001186262.1
OG0000062	XP_023612259.1, XP_014313876.1, XP_014313880.1, XP_023612262.1, XP_023612258.1, XP_023612257.1, XP_023612260.1, XP_014313878.1, XP_023612261.1, XP_006091812.1	NP_001186233.1, NP_001186234.1, XP_011242683.1, NP_033150.2
OG0000063	XP_023611602.1	NP_001163872.1, NP_848860.1, NP_001351820.1, XP_006515972.1, NP_001351821.1
OG0000064	XP_023609585.1, XP_014311336.1, XP_023609586.1, XP_023609584.1	NP_001408048.1, NP_001408050.1, NP_001153028.1, NP_001408047.1, NP_001153030.1, NP_001408049.1, NP_001153029.1, NP_031669.3, NP_001153027.1, XP_006535686.1
OG0000065	XP_014303917.1, XP_006083485.1	NP_033108.1, NP_001311462.1, XP_006511723.1, NP_001311463.1, XP_036010295.1, XP_036020498.1, XP_036016113.1, XP_036017248.1, XP_036015591.1, XP_030099758.1
OG0000066	XP_006098324.1	NP_001395917.1
OG0000069	XP_006095089.1	NP_780707.1, XP_006519052.1
OG0000069	XP_023608740.1	XP_011245927.1, NP_001093931.1
OG0000069	XP_023608761.1	NP_694809.1
OG0000069	XP_006097691.1	NP_081714.2
OG0000069	XP_006100567.3	NP_001136409.1, NP_071718.1
OG0000070	XP_023608440.1	NP_001408084.1, NP_001408087.1, NP_001156869.1, NP_001408082.1, NP_001408085.1, NP_001408094.1, NP_001408096.1, NP_001408088.1, NP_034618.2, XP_006502857.1, NP_001408095.1, NP_001408093.1, NP_001408081.1, NP_001408086.1, NP_001033787.1, NP_001408091.1, NP_001408090.1
OG0000071	XP_006108231.1, XP_006108232.1, XP_006109206.1, XP_006108229.1, XP_023604577.1, XP_006108230.1, XP_014305702.1	NP_001106186.1, NP_081096.3, NP_001347656.1, NP_001347657.1, NP_001257647.1, NP_079654.1, XP_030098981.1, NP_109619.1
OG0000072	XP_014312406.1	XP_011245661.1, NP_082595.1
OG0000073	XP_006092130.1	NP_667239.2
OG0000074	XP_006094556.1, XP_023614505.1, XP_014316200.1	NP_001290168.1, NP_001290160.1, NP_032061.1
OG0000074	XP_023614501.1	NP_001399363.1, NP_001399368.1, NP_001399365.1, NP_001239483.1, NP_001399364.1, NP_001399362.1, NP_001399360.1, NP_001399366.1, NP_032060.2, NP_001399367.1, NP_001239481.1, NP_001399358.1, XP_006507427.1, NP_001239482.1, NP_001399357.1, NP_001399359.1, NP_001399361.1
OG0000075	XP_006087866.1, XP_006085947.1, XP_006105780.1, XP_006082375.1, XP_006099921.1	NP_076263.1
OG0000075	XP_006087859.1, XP_006087851.1, XP_006087855.1, XP_014310450.2	XP_017173961.1, NP_001078975.1
OG0000075	XP_006106919.1, XP_006106918.1	NP_001349815.1
OG0000076	XP_014309283.1	NP_291054.1
OG0000076	XP_023607802.1	NP_291055.1
OG0000076	XP_006086511.1	NP_291057.1
OG0000076	XP_023607809.1	NP_291056.1
OG0000076	XP_023607810.1	NP_291052.3
OG0000076	XP_014309276.2	NP_291053.1
OG0000077	XP_006083143.1	NP_444493.1, NP_001346900.1, NP_666242.2, NP_932758.1
OG0000077	XP_006095857.1	NP_001034218.1
OG0000078	XP_006093589.1	NP_035521.1, NP_001345425.1, NP_001345844.1, XP_006513469.1
OG0000079	XP_006106843.1, XP_006106841.1, XP_006106842.1, XP_023603328.1	NP_001103619.1, NP_001103620.1, XP_006532461.1, NP_001103618.1, NP_034924.3
OG0000080	XP_023604822.1, XP_006108589.1, XP_023604821.1	NP_080916.1
OG0000082	XP_023619344.1	NP_001191961.1
OG0000084	XP_014316904.1, XP_014316906.1, XP_014316905.1	NP_001357555.1, NP_001171137.2, NP_001034333.3, NP_001357556.1
OG0000085	XP_006102508.1, XP_014323264.1, XP_006108529.1, XP_014323270.1, XP_006102507.1, XP_006102509.1, XP_014323268.1, XP_014323260.1, XP_006102506.1	NP_667036.2, NP_001011748.1, NP_666451.1
OG0000086	XP_023612450.1	XP_006499529.1, NP_001005342.1
OG0000086	XP_006103379.1	NP_001366224.1, NP_001366223.1, NP_079623.1
OG0000086	XP_014320496.1, XP_006092276.1	NP_001005341.1
OG0000087	XP_006107099.2	NP_038735.2, NP_034801.1, NP_081446.1, XP_030105222.1, NP_473441.1, NP_899012.1, NP_081431.1, NP_038741.1
OG0000088	XP_023620812.1	NP_001258622.1, NP_001258624.1, NP_001258620.1, NP_062638.1, NP_001034145.1, NP_001258618.1, XP_006523005.1, NP_001258619.1, NP_001034146.1, NP_001258623.1, NP_001258621.1, NP_001258616.1
OG0000090	XP_023602041.1	NP_001390709.1, NP_001390712.1, NP_001390707.1, NP_001390715.1, NP_001390708.1, NP_001390710.1, NP_001390711.1, NP_001390714.1, NP_001390694.1, NP_001390699.1, NP_001390696.1, NP_001390693.1, NP_001390698.1, NP_001390695.1, NP_001390697.1, NP_001390701.1, NP_001390700.1, NP_001390705.1, NP_061370.2, NP_001390716.1, NP_001390719.1, NP_001390718.1, NP_001390713.1, NP_001185823.1, NP_001390717.1, XP_017168066.1
OG0000093	XP_023603971.1, XP_014304922.1	XP_017176645.1
OG0000095	XP_023603269.1	NP_032657.1
OG0000095	XP_006106789.1	NP_038630.1, XP_006530815.1
OG0000095	XP_006106790.1	XP_036019391.1
OG0000096	XP_006087239.1	NP_035589.1
OG0000096	XP_006085768.1, XP_023607165.1, XP_023607164.1	NP_683744.2, NP_001369781.1, XP_036014126.1, NP_035584.1, XP_006516684.1, NP_001157590.1, NP_033280.1, NP_001230121.1, XP_011242601.1, NP_001157589.1
OG0000099	XP_023610246.1, XP_014311893.1, XP_023610248.1, XP_023610247.1	XP_006535434.1, NP_001166930.1, NP_001166931.1, XP_006530146.1, NP_001002898.1
OG0000099	XP_023610089.1	NP_001277948.1, XP_036015585.1
OG0000100	XP_023604015.1	NP_001407899.1, NP_001407898.1, NP_001407900.1, NP_001153489.1, NP_032168.1, NP_001153488.1
OG0000100	XP_006081076.1	NP_034442.1, XP_006504616.1
OG0000101	XP_006102598.1	NP_001334416.1
OG0000101	XP_006084736.1	NP_063921.1, NP_001300646.1, NP_001300645.1
OG0000102	XP_006103626.2, XP_006103624.1	NP_690024.1, NP_705826.1
OG0000104	XP_023603436.1, XP_023602915.1, XP_014303799.2, XP_023614012.1, XP_023613445.1, XP_014304842.1, XP_023614009.1	NP_001276422.1, NP_001276421.1, NP_061204.3, NP_001342332.1, XP_006501782.1, NP_663520.2, NP_001076781.1
OG0000104	XP_023613383.1, XP_023613380.1, XP_014315053.1, XP_023613382.1, XP_023613451.1, XP_023614013.1	XP_036021572.1, NP_001411600.1, NP_083785.3, XP_011247895.1, NP_001034735.2, NP_919317.2, XP_011247687.1
OG0000105	XP_014314667.1	XP_036011259.1
OG0000106	XP_006106865.1	NP_075017.2
OG0000106	XP_006103520.1	NP_058034.1
OG0000106	XP_006099091.1	NP_001371255.1
OG0000106	XP_014310895.1	XP_017176539.1
OG0000107	XP_006092103.1	NP_667076.1, NP_001011785.1, NP_001011534.1
OG0000107	XP_023612356.1	NP_666646.1, NP_666645.1, XP_006499612.1, NP_666644.1
OG0000108	XP_006083067.1	NP_001408428.1, NP_001408427.1, NP_001153191.1, NP_035021.1, NP_001408425.1, NP_001408424.1, NP_001408426.1, NP_001408423.1, NP_001153189.1, NP_001153190.1, NP_001408431.1, NP_001408429.1, NP_001408430.1
OG0000109	XP_006102782.1	NP_062347.2
OG0000109	XP_006102760.1	NP_062346.1
OG0000110	XP_006105151.1	NP_001300856.1, NP_031519.1, NP_001300854.1, NP_001300855.1
OG0000110	XP_006108001.1	NP_033844.1, XP_017169720.1, NP_001278060.1, NP_001278061.1
OG0000110	XP_006109204.1, XP_014302781.1, XP_014302778.1, XP_023601966.1	XP_006532975.1, NP_660119.1, NP_001191181.1
OG0000111	XP_023603133.1	NP_001243902.1, XP_017177923.1, NP_034219.3, NP_001001559.2, NP_031913.1, NP_958811.2
OG0000113	XP_023614621.1, XP_023614629.1	XP_006528649.1, NP_001346208.1, NP_001346206.1, NP_001025149.2, NP_001346207.1, NP_079631.2, NP_001352047.1, NP_001352046.1, NP_808587.1
OG0000114	XP_023615099.1	NP_031802.2, NP_031803.3, NP_081286.1
OG0000114	XP_023615102.1	NP_031800.1, NP_001076042.1
OG0000115	XP_006091570.1	NP_031504.1, NP_001342439.1
OG0000115	XP_014321084.1	NP_031502.1, NP_001123880.1
OG0000116	XP_023614180.1	XP_006526183.1
OG0000116	XP_006086570.1	NP_064296.1
OG0000118	XP_014311373.1, XP_023609603.1, XP_023609604.1	NP_034582.1, XP_011239527.1
OG0000119	XP_014322039.1	NP_001159900.1, NP_001159903.1, NP_001159899.1, XP_006506892.1, NP_001159901.1, NP_001159904.1, NP_598595.1, NP_001159902.1
OG0000120	XP_023617223.1	NP_032912.2
OG0000121	XP_023616611.1, XP_023616613.1, XP_023616612.1	NP_001351185.1, NP_766341.4, XP_006509689.1, NP_001239552.1
OG0000122	XP_023618125.1	NP_001277560.1
OG0000122	XP_023605732.1	NP_001276655.1
OG0000123	XP_006105194.1, XP_014302819.2, XP_006105188.1, XP_006105189.1	NP_666458.1
OG0000125	XP_006095004.1	NP_001152846.2
OG0000125	XP_006095005.1, XP_006095008.1, XP_006095006.1	NP_082259.2, NP_038598.1, NP_034789.2
OG0000125	XP_006095007.1	NP_081839.1
OG0000126	XP_023601914.1	NP_001171329.1, XP_006511421.1, NP_001164355.1, NP_001344616.1
OG0000127	XP_023616213.1, XP_014317970.1, XP_014317972.1, XP_014317969.1, XP_014317968.1, XP_014317973.1, XP_023616215.1, XP_023616214.1, XP_023616212.1, XP_023616216.1, XP_006096648.1	NP_001366512.1, NP_083219.2, XP_011238551.1, NP_001366516.1, NP_001366514.1, NP_001366511.1, NP_001366515.1, NP_001366513.1
OG0000128	XP_023602430.1	XP_006516679.1, NP_001164109.1, NP_033224.3
OG0000128	XP_023602433.1	XP_006516709.1, NP_795990.2, XP_006516756.1
OG0000130	XP_006094605.1	NP_038646.2
OG0000130	XP_006094607.1	NP_667333.2, NP_038644.2
OG0000131	XP_006089739.1, XP_006108842.1	NP_666465.1, XP_017167724.1, NP_083186.2, NP_001347676.1, NP_667243.2, NP_001011862.1, NP_666664.1, NP_666811.1, NP_666807.1, NP_666813.2, NP_666809.1, NP_001011749.1, NP_666663.2
OG0000132	XP_006084467.1	NP_001345712.1, NP_001345711.1, XP_006512619.1, NP_034567.2
OG0000133	XP_023613398.1, XP_023613397.1, XP_023613396.1, XP_023613395.1, XP_023613394.1, XP_023613399.1, XP_014315061.1	NP_001116240.1, NP_848816.3, XP_006534956.1
OG0000134	XP_006084217.2	NP_001359349.1
OG0000135	XP_023607667.1	NP_001231621.1, NP_776293.1, NP_001231622.1, XP_030109815.1
OG0000136	XP_023606748.1	XP_006537959.1, NP_001342645.1, NP_775602.1
OG0000137	XP_006094818.1	NP_666385.1
OG0000137	XP_006094802.1	NP_666407.1
OG0000137	XP_006094801.1	NP_666408.1
OG0000138	XP_006094594.1	NP_001001805.2
OG0000138	XP_006094593.1	NP_667325.1
OG0000140	XP_023620778.1	NP_663433.2
OG0000142	XP_006106709.1, XP_006106710.1, XP_023603199.1, XP_006106708.1	NP_082497.2, XP_006530603.1, NP_001350385.1
OG0000145	XP_006096700.1	NP_001349352.1, NP_001161998.1, XP_006526881.1, NP_001161997.1, NP_659041.3
OG0000146	XP_006105955.1, XP_023602559.1	XP_006538334.1, NP_082502.2, NP_001343492.1, NP_945195.1, XP_017175942.1, NP_001343491.1
OG0000147	XP_023617290.1, XP_023603880.1, XP_023603879.1	NP_038921.2, NP_035166.1, NP_035389.1, NP_035390.1
OG0000149	XP_023600635.1	NP_001407721.1
OG0000149	XP_023616468.1, XP_014306422.2	NP_848492.1
OG0000149	XP_023617009.1	NP_659149.1
OG0000149	XP_006096963.1	NP_038762.1
OG0000151	XP_006101983.2	NP_001159500.1, XP_006533299.1
OG0000151	XP_023599168.1, XP_023599167.1, XP_023605154.1	NP_899024.3, XP_006533637.1
OG0000151	XP_023599174.1	NP_766384.2, XP_006533298.1, NP_853523.2
OG0000153	XP_006101380.1, XP_006101379.1	NP_666767.2, NP_001011849.1
OG0000157	XP_006089394.1	NP_034236.2
OG0000158	XP_006095193.1, XP_006102438.1, XP_006087316.1	NP_001177187.1
OG0000159	XP_014316276.1, XP_014306719.1, XP_014316274.1	NP_667202.1, NP_667203.2, NP_001011736.1, NP_997434.2, NP_001005524.2, NP_666697.2
OG0000161	XP_006096519.1, XP_006096831.1, XP_023616394.1, XP_014318152.1	NP_001032931.1, XP_017177330.1, NP_001240839.2, NP_001398767.1, NP_001188318.1, NP_075649.3, XP_006506533.1, NP_001348989.1, XP_006506599.1, NP_075944.1, NP_075982.2, NP_444326.2, NP_083607.3
OG0000163	XP_014322276.1	XP_036010474.1, NP_033938.3
OG0000163	XP_023620683.1	NP_033937.2
OG0000164	XP_006086410.1	XP_036011335.1
OG0000165	XP_014309436.1, XP_023607965.1	XP_011245218.1, NP_001347376.1, NP_848837.3
OG0000166	XP_023605334.1, XP_023605345.1, XP_023605352.1, XP_014321285.2, XP_023605338.1	XP_006529814.1, NP_001342001.1, NP_001342002.1, NP_598586.1, NP_001342000.1, NP_001342003.1
OG0000167	XP_006103113.1, XP_023600145.1	NP_775584.1, NP_001157175.1, XP_006507744.1
OG0000170	XP_014312153.1	XP_006507275.1, NP_473425.2
OG0000171	XP_006100015.1	XP_036018065.1, XP_036018064.1, XP_036018062.1, XP_036018068.1, XP_036018067.1, XP_036018063.1, XP_036018069.1, XP_036018066.1, NP_001032243.1, NP_001394372.1, NP_035425.2, NP_001394371.1, XP_036018677.1
OG0000172	XP_023606738.1	NP_001171266.1
OG0000172	XP_023613986.1	NP_001155294.1
OG0000173	XP_006084433.1, XP_014307292.1, XP_023605848.1, XP_023605849.1	NP_001346369.1
OG0000174	XP_006095354.1, XP_006095356.1, XP_023615091.1, XP_006095355.1, XP_023615090.1, XP_006095357.1	NP_149410.1, NP_001034683.1, NP_001018089.1, NP_001257355.1, NP_001241654.1, NP_079777.1
OG0000175	XP_023619605.1	NP_001276671.1, NP_848840.3, NP_001349977.1, NP_001276672.1, XP_036017803.1, NP_001349978.1, NP_001349976.1, NP_001276673.1
OG0000176	XP_023612325.1	NP_083826.1
OG0000176	XP_023612302.1	NP_001013784.2, NP_001161379.1
OG0000176	XP_023612290.1, XP_006091903.1, XP_014313981.1, XP_023612322.1, XP_023612323.1, XP_023612324.1, XP_006091904.1	NP_666047.1
OG0000177	XP_023605077.1	NP_084211.2, XP_006508395.1, NP_001347697.1
OG0000178	XP_023606331.1, XP_014307712.1, XP_014307710.1	NP_001139424.1
OG0000179	XP_006102694.1	NP_038837.1
OG0000179	XP_014323474.1	NP_034129.1, XP_006539571.1, XP_011248733.1, NP_034130.1, NP_031839.2, XP_036008976.1, NP_001074617.1, NP_031840.1
OG0000180	XP_014322759.1	XP_006508948.1, NP_081619.3, NP_081232.2, XP_006508930.1
OG0000182	XP_023616097.1, XP_006096564.1, XP_023616096.1, XP_006096563.1, XP_014304507.1, XP_023607362.1	XP_006537898.1, NP_001009949.3
OG0000183	XP_006092049.1	NP_001342345.1
OG0000184	XP_023605358.1	XP_036010907.1, NP_001346889.1, NP_780746.2, NP_001346888.1
OG0000188	XP_006094601.1, XP_006094602.1	NP_032246.2, NP_001188320.1
OG0000188	XP_006094603.1	NP_032245.1
OG0000189	XP_006082100.1	NP_035382.1, XP_036017757.1, NP_001160095.1, NP_001412882.1, NP_001412883.1, NP_001345904.1, NP_033059.2, NP_001345903.1, NP_001239018.1
OG0000191	XP_006084436.1, XP_023605915.1, XP_023605911.1, XP_014307298.1, XP_023605912.1, XP_023605913.1, XP_014307296.1, XP_023605914.1	XP_006512824.1, NP_001074677.1, NP_001240285.1, NP_001240284.1
OG0000193	XP_023606229.1	NP_937804.1, NP_001091692.1, XP_006528671.1
OG0000195	XP_014303636.1	NP_001399659.1, NP_001160017.1, NP_001399658.1, NP_001160007.1, NP_001399660.1, NP_001399669.1, NP_001160008.1, NP_001034445.1, NP_057869.2, NP_001020598.1, NP_001159948.1, NP_001399662.1, NP_001399661.1, NP_001399700.1, NP_001399701.1, NP_001399699.1, NP_001399702.1, NP_001399695.1, NP_001160016.1, NP_001399696.1, NP_001399697.1, NP_001160015.1, NP_001399698.1, NP_001399873.1, NP_001399874.1, NP_001399872.1
OG0000197	XP_023606210.1, XP_006085012.1	NP_001035966.1
OG0000199	XP_006081640.1	NP_001171005.1
OG0000200	XP_006108946.1, XP_006093214.1	NP_705792.2
OG0000203	XP_023608201.1	NP_001349915.1, NP_001349916.1, NP_766250.2, XP_011237393.1
OG0000204	XP_023614516.1	XP_006508342.1
OG0000205	XP_023604415.1, XP_023604423.1, XP_014304630.1, XP_014304620.1, XP_006083603.1, XP_023604417.1, XP_014304613.1, XP_006083601.1, XP_014304616.1	XP_036014730.1, NP_001347520.1, NP_001347521.1, NP_001347522.1, NP_081184.3
OG0000206	XP_023608679.1	NP_001412671.1, NP_666164.1, NP_001412670.1, XP_006518068.1
OG0000207	XP_006082497.1, XP_023616343.1, XP_023616339.1, XP_014317501.1	XP_006496044.1, NP_001343974.1, NP_666362.1
OG0000208	XP_006082277.1	NP_001028967.2, XP_011246164.1
OG0000209	XP_014304126.1, XP_006108464.1, XP_006109090.3	NP_001171910.2, NP_001074794.1, NP_001095004.1, NP_001095056.2, NP_001171909.1, NP_001104766.1, XP_006540489.1, NP_780459.1, NP_001186235.1
OG0000209	XP_014305908.1	NP_033312.2, XP_006540226.1, XP_006540331.1
OG0000210	XP_006093876.1, XP_023613944.1, XP_006093877.1, XP_006109512.1, XP_006093878.1	NP_035445.1, NP_001390015.1, NP_001390014.1, NP_033143.1, NP_001344422.1, NP_035444.1, NP_001366198.1, NP_001366197.1, NP_001344420.1
OG0000211	XP_023610226.1	NP_742116.1, NP_001405859.1
OG0000213	XP_014304133.1	NP_032933.1, XP_036009546.1
OG0000214	XP_023619763.1	XP_006509847.1
OG0000214	XP_023608571.1	NP_001342461.1
OG0000214	XP_006081311.1	XP_006517391.1
OG0000215	XP_006108509.1, XP_006086815.1	NP_001257573.1, NP_001257571.1, NP_001257829.1, NP_001257827.1, NP_001257830.1, NP_001257828.1, NP_001171006.1, XP_017169235.1, NP_001160108.1, NP_001160109.1, NP_001160111.1, NP_001160113.1, NP_001160110.1, NP_001160106.1, NP_062357.3
OG0000215	XP_014305463.1	NP_035698.1
OG0000216	XP_006101920.1	NP_001346769.1
OG0000216	XP_006101919.1	NP_001164337.1, NP_598855.2, NP_001346773.1, NP_001164338.1, NP_001346774.1, NP_001346771.1, XP_006520174.1, NP_001346772.1, NP_001346768.1, NP_001164339.1, NP_001346770.1
OG0000217	XP_006082351.1, XP_023614600.1, XP_014315334.1	NP_001161698.1, NP_062742.4, NP_001161700.1, NP_001161697.1, NP_001161701.1, XP_006528647.1, NP_001161702.1, NP_001161699.1
OG0000219	XP_023609613.1, XP_006100117.1, XP_006088847.1, XP_006103342.1, XP_006084673.1, XP_014318289.1	NP_031834.1
OG0000220	XP_006091888.1, XP_014313954.1	NP_666891.1
OG0000222	XP_006096788.1	NP_035246.1, NP_001304284.1, NP_001404025.1, NP_001404026.1
OG0000223	XP_006106940.1, XP_023604562.1	XP_017173677.1, NP_666344.1, NP_795976.1, NP_001013842.2, XP_006527242.1, XP_017173565.1, NP_766364.1, XP_006526877.1, NP_659034.1
OG0000224	XP_014318297.1, XP_023616483.1, XP_006096986.1, XP_023616485.1, XP_023616484.1, XP_006096983.1, XP_014318296.1, XP_014318294.1, XP_006096984.1, XP_006096982.1, XP_014318298.1, XP_014318299.1	NP_001263696.1, NP_001344157.1, NP_653113.4
OG0000225	XP_006088681.1, XP_006088680.1, XP_014301983.1, XP_023601213.1, XP_014301979.1	XP_006528292.1, NP_001095055.1, NP_001075140.1, XP_011246174.1, NP_082787.1, XP_006528725.1, NP_001091449.1, NP_001013782.1, NP_001028971.1, NP_001343325.1, XP_006528276.1, NP_001188324.1, NP_001268466.1, XP_006529023.1, NP_001186240.1
OG0000226	XP_006084733.1, XP_014307626.1, XP_006084734.1, XP_014307627.1	XP_011246047.1, NP_001007579.1
OG0000227	XP_006091479.1, XP_023612020.1, XP_006091480.1	NP_001034479.1
OG0000228	XP_006082737.1	NP_964007.2
OG0000228	XP_023618420.1, XP_023618427.1	NP_001365304.1, NP_964006.2, NP_964003.2, NP_964004.1
OG0000232	XP_023607072.1	NP_001355702.1
OG0000232	XP_023619478.1	NP_001392830.1, NP_001392832.1, NP_001028501.1, NP_001392834.1, NP_001392835.1, NP_001392831.1, NP_001392833.1, NP_001277313.1, NP_001392838.1, NP_001277314.1, NP_001392837.1, NP_001392844.1, NP_001392839.1
OG0000233	XP_006092839.1	NP_001393126.1, NP_001258397.1, NP_001393129.1, NP_001342037.1, NP_001393134.1, NP_001393144.1, NP_001393132.1, NP_001393133.1, NP_001393147.1, NP_001393146.1, NP_001393143.1, NP_001393156.1, NP_001393155.1, XP_006498819.1, NP_001393136.1, NP_001393121.1, NP_001258396.1, NP_997552.1, NP_001393127.1, NP_001393128.1
OG0000233	XP_023607433.1	NP_001393122.1, NP_001393123.1, NP_001393125.1, NP_034379.1, NP_001393124.1, NP_001393151.1, NP_001393152.1, NP_001393153.1, NP_001393154.1, NP_001393142.1, NP_001393141.1, NP_001393140.1, NP_001393137.1, NP_001393138.1, NP_001393139.1, NP_001393130.1, NP_001393131.1, NP_001258399.1
OG0000234	XP_023604078.1, XP_023602097.1, XP_006105331.1	XP_054875530.1, XP_054875529.1, NP_001264109.1, NP_001264108.1, NP_001264112.1, NP_001264111.1, XP_011240141.1, NP_001264110.1, XP_054875531.1, NP_083276.2, XP_017167845.1, NP_001034249.2, NP_001229969.1, NP_001229968.1
OG0000236	XP_006087167.1	NP_001348055.1, NP_001077436.1, NP_038713.1, NP_001348056.1, XP_006525809.1, NP_001348058.1, NP_001348057.1
OG0000237	XP_006107980.1, XP_014305431.1, XP_014305433.1	NP_001239148.1, NP_444487.1, NP_001239147.1, NP_001245387.1
OG0000241	XP_014313960.1	NP_666669.1, NP_001355141.1, NP_666964.1, NP_666672.2
OG0000243	XP_023608121.1	NP_001349437.1, NP_001349434.1, NP_001349426.1
OG0000244	XP_023620417.1	NP_660252.1, XP_006513501.1
OG0000244	XP_023600059.1	NP_001019645.1, XP_006517013.1
OG0000245	XP_023603089.1, XP_006109305.1, XP_023603083.1, XP_014306075.1, XP_006106564.1	NP_032068.2, NP_032065.1, NP_032067.2, NP_032066.2, XP_030106054.1, NP_796290.2
OG0000246	XP_023607966.1	NP_035676.1
OG0000247	XP_006088559.1	NP_001363905.1, NP_001363904.1, NP_001363901.1, XP_036021351.1, NP_598458.1, NP_001363903.1, NP_001363906.1, NP_001363908.1, NP_001363902.1, NP_001363900.1, NP_001363907.1
OG0000248	XP_006096013.1, XP_006096014.1	NP_001403529.1, NP_001403530.1, NP_001403526.1, NP_001289143.1, NP_001289142.1, NP_001289145.1, NP_001403523.1, XP_030104798.1, NP_001403520.1, NP_058035.1, NP_001403521.1, NP_001345428.1, NP_001403522.1, NP_001403527.1, NP_001403518.1, NP_001403524.1, NP_001345429.1, NP_001289144.1
OG0000249	XP_006094796.1, XP_006094795.1	NP_444473.1, NP_001034086.1, NP_001398766.1, NP_001096623.1, NP_035775.1, NP_035776.1, NP_001003405.1, NP_001034085.1, NP_033456.1
OG0000249	XP_006094794.1	NP_075822.3
OG0000250	XP_006085373.1, XP_014312864.1	XP_030107324.1
OG0000251	XP_014311454.1, XP_023609669.1	NP_001273924.1, NP_082241.1, XP_006535602.1, NP_001127857.1, NP_001273923.1, NP_001273925.1, NP_001344073.1, NP_001127858.1
OG0000252	XP_014323427.1	NP_001276652.1, NP_001276651.1, XP_006499187.1, NP_694778.1
OG0000254	XP_014302875.1, XP_006105262.1	NP_001013786.2, XP_017168309.1, NP_067431.2, NP_598421.1, NP_001074841.1, NP_031980.2, NP_444430.2
OG0000255	XP_023619953.1, XP_006102017.1	NP_058653.1, XP_036013671.1
OG0000257	XP_006089738.1	NP_001011542.1, NP_001005570.2
OG0000257	XP_006089760.1, XP_006107835.1	NP_666815.1
OG0000258	XP_023620470.1	NP_033076.2, NP_001074249.1
OG0000259	XP_006091986.1	NP_667228.2
OG0000260	XP_006091992.1	NP_473431.1, NP_667059.2, NP_473432.2
OG0000262	XP_006094674.1, XP_006094679.1, XP_006094687.1	NP_667023.2, NP_001011865.2
OG0000263	XP_023609691.1	XP_017176771.1, NP_808506.1
OG0000264	XP_014306126.2	XP_011242304.1, NP_032484.1, NP_033279.2, NP_001396863.1, NP_035588.2, NP_001161177.1, NP_001094942.1, XP_006515920.1, NP_766612.1, XP_006515994.1, NP_033278.2, NP_001028507.2, NP_001161766.1, NP_001161767.1, NP_001340541.1, NP_001186869.1, XP_017170641.1
OG0000265	XP_014321480.1	XP_011244964.1, NP_083027.1, NP_001239402.1, NP_001239404.1, NP_001239403.1
OG0000266	XP_006096378.2	NP_001008497.1, NP_001274049.1, NP_001274050.1, NP_001274051.1, NP_573463.1, NP_001274048.1, NP_001274053.1, NP_001274052.1
OG0000268	XP_014304495.1, XP_014304494.1, XP_006107101.1, XP_023603568.1	NP_579937.1, NP_034806.2, NP_899119.1, XP_036015699.1, NP_570943.1
OG0000270	XP_023608747.1, XP_023608746.1	NP_001154903.1, NP_942563.2, XP_006528077.1
OG0000272	XP_006102116.1	NP_035460.1
OG0000272	XP_006102115.1, XP_006102124.1, XP_006102118.1	NP_035461.2
OG0000274	XP_006101970.1	NP_035467.1
OG0000274	XP_006101969.1, XP_014301789.1	NP_038680.1
OG0000275	XP_023613305.1, XP_006082927.1, XP_023619985.1, XP_014323369.1, XP_023599658.1, XP_014323370.1	NP_001412922.1
OG0000278	XP_006086568.1, XP_006086567.1	NP_001344387.1, NP_598448.1, NP_001344388.1, XP_006526239.1
OG0000280	XP_006100233.2	NP_848741.1, XP_006534383.1
OG0000281	XP_023608455.1, XP_006087273.1	NP_079848.1, NP_001406007.1
OG0000282	XP_006095671.1	NP_001161944.1, NP_001161943.1
OG0000282	XP_006096603.1, XP_014308597.1, XP_006082431.1	NP_062656.3
OG0000285	XP_014320883.1, XP_023619316.1	NP_001357746.1, NP_001357753.1, NP_001357737.1, NP_001129463.1, XP_006514415.1, NP_001357762.1, NP_001095100.1, NP_001357760.1, NP_001191938.1, NP_001156416.1, NP_001357745.1, NP_001095101.1, NP_001357764.1, NP_001019880.2, XP_001477836.1
OG0000286	XP_006094630.1	NP_997440.2, NP_667255.1
OG0000287	XP_006087529.1	NP_666705.1
OG0000287	XP_006087525.1, XP_023608605.1	NP_666874.2, NP_666876.1
OG0000288	XP_014313944.2	NP_667129.2
OG0000290	XP_023619424.1	XP_030103562.1, NP_001366426.1, NP_001240608.1, NP_001366427.1, NP_001240609.1, NP_035535.2, NP_001411520.1, NP_001366428.1
OG0000291	XP_023614847.1, XP_023604395.1, XP_023604127.1	NP_001412409.1
OG0000291	XP_023614804.1	NP_671753.2, XP_017169975.1
OG0000291	XP_014316518.1	NP_671751.2
OG0000292	XP_023604237.1	NP_001388345.1
OG0000294	XP_006087684.1	XP_017171445.1
OG0000294	XP_023600181.1	NP_001408108.1, NP_001408109.1, NP_001343324.1, NP_033480.1, NP_001408110.1, NP_001408107.1, NP_001408111.1
OG0000295	XP_014313620.1	NP_001192005.1, NP_067541.1, XP_006500035.1
OG0000295	XP_006086407.1	XP_011236698.1, NP_065629.1
OG0000296	XP_006083068.1, XP_006083069.1	NP_598569.1, NP_001288293.1, NP_001344485.1, XP_006529138.1
OG0000297	XP_023605598.1, XP_023605597.1, XP_006084403.1, XP_006084401.1, XP_006084299.1	NP_067353.1, XP_006506493.1, XP_017176908.1, NP_001129540.1
OG0000298	XP_023610122.1, XP_006089454.1, XP_023610124.1, XP_014311930.1, XP_023610123.1	NP_001403827.1, NP_001341982.1, NP_001403828.1, NP_001403826.1, NP_001276646.1, NP_001276645.1, NP_001403825.1, NP_033873.3, NP_001276668.1
OG0000299	XP_023609838.1, XP_006089116.1, XP_023609837.1, XP_023608950.1	NP_898911.2
OG0000300	XP_006092139.1, XP_006092140.1, XP_006092136.1, XP_006092137.1, XP_006092138.1	XP_017174033.1, NP_667060.2, NP_667028.2
OG0000301	XP_014316180.1, XP_014316181.1	NP_667263.1
OG0000301	XP_014316182.1	NP_997026.1
OG0000303	XP_006103970.1, XP_023600907.1, XP_006109319.2, XP_023600647.1	XP_006512555.1, NP_084251.1, NP_001029149.1
OG0000304	XP_023617733.1	NP_001074581.1, XP_006506085.1
OG0000305	XP_006095592.1	NP_997406.1
OG0000305	XP_014321861.1	XP_036012032.1, XP_036012031.1, XP_036012028.1, XP_036012030.1, XP_036012029.1
OG0000306	XP_023619876.1	NP_031472.2, NP_001103975.1, NP_001153623.1, NP_001153622.1, NP_001153624.1, NP_001036176.1, NP_001398423.1, NP_001177332.1
OG0000308	XP_023609375.1, XP_006088516.1, XP_023609373.1, XP_023609374.1	NP_084328.1
OG0000308	XP_006082891.1	NP_079655.1, XP_036019394.1
OG0000309	XP_023619594.1, XP_006100261.1, XP_023619593.1, XP_023619591.1, XP_006100260.1, XP_023619595.1, XP_014321082.1, XP_023619592.1	NP_001289265.1, NP_001289263.1
OG0000310	XP_023606482.1	XP_006505089.1, NP_034286.2
OG0000311	XP_006085486.1	NP_783619.2, XP_006516755.1, XP_006516766.1, NP_861419.3
OG0000312	XP_006108184.3	NP_001412813.1, NP_644675.2, NP_001349354.1
OG0000313	XP_006095746.1	NP_001188252.1, NP_001159629.1
OG0000314	XP_023615823.1	XP_006535642.1, NP_109657.2
OG0000315	XP_023614229.1, XP_023612713.1	XP_006541462.1, NP_001345407.1, NP_082601.1, NP_001345409.1, NP_001345405.1, NP_001345406.1, NP_001345408.1, NP_001345366.1, NP_080169.2, XP_030107344.1, NP_001345369.1, NP_001030586.1, NP_001030587.1, NP_001345368.1, NP_001345370.1
OG0000316	XP_006087712.1	NP_079686.1
OG0000318	XP_014308511.1	NP_033106.1
OG0000319	XP_014320574.1, XP_006099639.1, XP_023619006.1, XP_023619007.1, XP_014320575.1	NP_038924.1, XP_011242424.1, NP_001020024.1, NP_001273132.1, NP_001020025.1
OG0000320	XP_023614900.1, XP_023614899.1, XP_006095133.1	NP_001103668.1, NP_001271208.1, NP_001103666.1, NP_080794.2, NP_001103667.1
OG0000321	XP_006107351.1, XP_023603784.1, XP_014313627.1	NP_444304.1
OG0000321	XP_023612665.1	XP_006528624.2, NP_001075137.1
OG0000322	XP_006101739.1, XP_006083439.1, XP_006108243.1	NP_031616.1
OG0000322	XP_006088486.1	NP_081692.1
OG0000323	XP_023614268.1	NP_001158217.1
OG0000323	XP_006096880.1, XP_006085581.1	NP_001407715.1
OG0000325	XP_023605161.1, XP_006102795.1, XP_014323574.1	NP_080269.1, XP_006534031.1
OG0000326	XP_006088264.1	XP_006504337.1, NP_598661.1
OG0000327	XP_006100875.1, XP_014321718.1, XP_023620156.1, XP_023620157.1	NP_922922.1
OG0000328	XP_023600221.1, XP_014301052.1, XP_006103215.1	NP_808393.1
OG0000329	XP_006097949.1, XP_014319084.1	NP_077777.1
OG0000329	XP_023612835.1, XP_006092598.1, XP_006092599.1	NP_663516.1, XP_006500970.1
OG0000330	XP_023615111.1	XP_006537654.1, NP_001341950.1, NP_001352810.1, NP_001341949.1, NP_031752.1
OG0000331	XP_006087314.1	NP_058028.2, NP_001342420.1
OG0000331	XP_014311192.1	NP_001345327.1, NP_001162043.1, NP_061207.1, XP_006528975.1, NP_001162041.1, NP_001162040.1
OG0000332	XP_006088772.1	NP_001397530.1, NP_036172.1, NP_001342480.1, NP_001342479.1, NP_001397529.1, NP_001397531.1, NP_001397528.1
OG0000333	XP_023602710.1	NP_001107591.1, NP_780352.2, XP_006511871.1
OG0000334	XP_006104614.1	NP_001344242.1, NP_001344241.1, NP_001344243.1, NP_001344240.1
OG0000334	XP_006104615.1	NP_740747.1
OG0000335	XP_023603981.1	NP_001346037.1
OG0000336	XP_014307799.1, XP_023606408.1, XP_014307801.1, XP_014307800.1, XP_014307802.1	NP_001152880.1, XP_006521769.1, NP_001152879.1, NP_473393.2
OG0000337	XP_014304037.1, XP_006106650.1, XP_014304044.1, XP_014304043.1, XP_023603146.1, XP_014304036.1, XP_014304035.1, XP_006106648.1, XP_014308611.1, XP_014308612.1, XP_014308610.1, XP_023607167.1, XP_006085849.1, XP_014308615.1, XP_014304033.1, XP_014304039.1, XP_006093060.1, XP_023607166.1, XP_014308614.1, XP_006108620.2, XP_023607135.1, XP_023603151.1, XP_014308613.1, XP_014308617.1, XP_023607170.1, XP_014308616.1, XP_023607169.1, XP_014304041.1	NP_766640.1, XP_006516747.1, XP_006516787.1, NP_079705.2
OG0000339	XP_023612828.1	NP_031510.2, NP_001278788.1
OG0000339	XP_006107030.1	NP_001300890.1, NP_001300891.1, NP_058082.2
OG0000339	XP_023613150.1	NP_001155245.1
OG0000340	XP_023616340.1	XP_006539544.1, NP_001318037.1, NP_031460.1, NP_001318038.1, NP_001103678.1
OG0000341	XP_006083628.1	NP_001390638.1
OG0000342	XP_006107287.1	XP_036021543.1, NP_032998.1, XP_036010327.1, XP_036018057.1
OG0000343	XP_023614824.1	NP_001239137.1, NP_001239138.1, XP_036012243.1, NP_034734.3, NP_001239139.1, NP_001239136.1
OG0000344	XP_006091194.1	NP_666836.1
OG0000345	XP_014305768.1	NP_001347509.1, NP_001347510.1, NP_001347508.1, XP_030098726.1, NP_001347507.1, NP_075361.2, NP_001347506.1, NP_001347511.1
OG0000346	XP_014314516.1	NP_081040.1, XP_006502034.1, NP_032209.1, NP_001361607.1, NP_034489.1
OG0000347	XP_006089702.1	NP_064434.1
OG0000347	XP_006109363.3	NP_079715.1, NP_001153618.1, NP_001153617.1
OG0000348	XP_023610000.1, XP_014311764.1, XP_023609999.1, XP_014311765.1, XP_014311766.1	NP_033573.1, NP_001343211.1, NP_001343212.1
OG0000349	XP_006092244.1	XP_030101494.1, NP_034988.2, NP_001342683.1, NP_001342684.1
OG0000349	XP_006107755.1	NP_001351413.1, NP_034989.1
OG0000350	XP_014316535.1, XP_006095017.1	NP_083627.2, NP_081433.2
OG0000351	XP_023606682.1	NP_848880.2, NP_001272769.1, NP_001403469.1, NP_001345511.1, NP_001403467.1, NP_001403468.1, NP_001403466.1, XP_017172151.1, NP_795972.2, NP_001403464.1, NP_001403465.1, NP_001027899.1, NP_001403470.1, NP_001272770.1, NP_001403472.1, NP_001272771.1, NP_001272773.1, NP_001272772.1, NP_001345512.1, NP_001403471.1, NP_001345513.1
OG0000352	XP_014314774.1, XP_014305282.1, XP_006092976.2, XP_006092973.1, XP_006081605.1, XP_006093800.1, XP_006084991.1, XP_023613061.1	NP_775609.2, XP_006510333.1, NP_001397435.1
OG0000353	XP_014314751.1	XP_036020500.1, XP_036014159.1, NP_001123957.1, NP_067313.2, NP_001123956.1
OG0000354	XP_006097623.1	NP_001406582.1, NP_001182026.1, NP_001406578.1, NP_001406581.1, NP_001406579.1, NP_001406583.1, XP_006518378.1, NP_001406580.1
OG0000355	XP_023615968.1, XP_006096384.1, XP_006096386.1, XP_023615969.1, XP_006096385.1	NP_775616.1, NP_001345167.1, XP_006523113.1
OG0000356	XP_014307622.1, XP_014307624.1, XP_006084732.1	NP_001345450.1, XP_017174115.1, NP_001345449.1, NP_082146.2
OG0000357	XP_006084725.1	XP_030107202.1, NP_001156489.1, NP_001156488.1, NP_001346300.1, NP_001156487.1
OG0000359	XP_006104659.1	NP_038586.2
OG0000359	XP_006104657.1, XP_006104658.1	NP_034608.2, NP_034609.2
OG0000360	XP_014303560.2	NP_001076429.1
OG0000360	XP_023601824.1	XP_036009093.1, NP_001025043.3
OG0000360	XP_023601825.1	NP_067309.1
OG0000361	XP_006092122.1, XP_014313941.1	NP_667056.2, NP_667054.2, NP_666805.1, NP_001357689.1, NP_666979.1
OG0000362	XP_006107948.3, XP_006085256.1	NP_620404.1, NP_001138485.1
OG0000362	XP_006084552.1	NP_001171254.1
OG0000363	XP_006096177.1	NP_663523.2, NP_083255.1, NP_034137.1, NP_034138.3, XP_006502678.1, NP_001004141.2, NP_001098397.1, NP_001411962.1, NP_001093652.1
OG0000364	XP_014320383.1, XP_014320382.1, XP_006099441.1	NP_001019777.1, XP_006531223.1
OG0000365	XP_006107952.1, XP_014306059.2	XP_006502541.1, NP_001342607.2, NP_849267.2
OG0000366	XP_006102276.1, XP_014323115.1, XP_006102277.1, XP_006108649.1, XP_014323078.1, XP_023599440.1	NP_038570.1
OG0000367	XP_006108461.3	NP_001033742.1, NP_001033743.1, NP_109621.1, XP_011247623.1
OG0000368	XP_006091144.1	XP_006538298.1, NP_444314.2, NP_001155254.1
OG0000370	XP_023605041.1, XP_014311907.1	XP_036012022.1, NP_035420.2, NP_001408239.1
OG0000371	XP_023599400.1	XP_011237507.1
OG0000372	XP_006108887.3	NP_001076790.1, NP_001396916.1, NP_001396919.1, NP_001396909.1, NP_001396918.1, NP_001273717.1, NP_001396905.1, NP_001396904.1, NP_001396907.1, NP_001396908.1, NP_001396920.1, NP_001396913.1, NP_001396917.1, NP_001396914.1, NP_001396912.1, NP_001396911.1, NP_001396915.1, NP_001396900.1, NP_001076789.1, NP_001396898.1, NP_001396899.1, NP_001396901.1, NP_001396903.1
OG0000372	XP_006089092.1	NP_001273713.1, NP_001396896.1, NP_001396897.1, NP_001025021.1, XP_006505643.1
OG0000373	XP_023599457.1, XP_014323137.1	NP_001344770.1, NP_062788.1, NP_001344767.1, NP_001344768.1, NP_001344766.1, NP_001344769.1
OG0000374	XP_006089569.1, XP_006089567.1, XP_006089568.1	NP_775572.1, XP_006499414.1
OG0000375	XP_006085555.1, XP_023606942.1	NP_001411377.1, NP_001258592.1, NP_001010937.1, NP_001411379.1, NP_001411378.1
OG0000376	XP_023619297.1, XP_023619295.1, XP_006099970.1, XP_006099969.1, XP_023619296.1	NP_001391807.1, NP_001391809.1, NP_001391808.1, NP_001391811.1, NP_001391810.1, NP_001391802.1, NP_001391799.1, NP_001391800.1, NP_001391806.1, NP_001391805.1, NP_443747.2, NP_001391803.1, NP_001391801.1, NP_001391804.1, XP_006513781.1
OG0000379	XP_006094619.1	XP_036009110.1, XP_006508432.1, NP_001344608.1, NP_109609.2, NP_001408613.1, NP_001230845.1
OG0000381	XP_023613911.1	NP_001355290.1, XP_006540742.1, NP_001355291.1, NP_038608.1
OG0000382	XP_006108130.1	NP_034723.1, XP_006532378.1
OG0000384	XP_006094600.1, XP_006094680.1	NP_667308.2, NP_001020557.1
OG0000385	XP_006098768.1, XP_006101484.1, XP_023604498.1, XP_023604497.1	NP_573467.2, XP_006539636.1
OG0000386	XP_014323271.1	NP_001288082.1
OG0000387	XP_006084089.1	XP_036016108.1, XP_036019392.1, NP_001346405.1
OG0000388	XP_006106965.1	NP_001344632.1, NP_031867.1, NP_851841.2, NP_001344631.1, NP_001104296.1, XP_011240693.1
OG0000389	XP_023602467.1	XP_011239235.1, NP_573472.2, NP_001020103.1, NP_705730.1
OG0000390	XP_023610464.1, XP_023610460.1, XP_014312265.1, XP_023610462.1, XP_006089883.1, XP_023610463.1, XP_023610461.1	NP_079554.1, XP_036021738.1, NP_001171029.1, NP_001171028.1, NP_001171030.1, NP_001171031.1, NP_001171027.1
OG0000391	XP_006087007.1, XP_023608251.1	XP_036013225.1, NP_001276359.1, NP_776096.2, NP_001276358.1, NP_001351203.1, NP_001276360.1, NP_001276361.1
OG0000392	XP_006098635.1	NP_032328.2
OG0000392	XP_023619844.1	NP_034610.1
OG0000393	XP_006099009.1, XP_014319997.1, XP_006099010.1	NP_079563.2
OG0000394	XP_014307074.2	NP_001363910.1, NP_001387910.1, NP_001193780.1, XP_011241782.1
OG0000395	XP_006085466.1	XP_011248053.1, NP_001394425.1, NP_001394428.1, NP_001346101.1, NP_001346102.1, NP_001394431.1, NP_001394432.1, NP_001394439.1, NP_001394430.1, NP_001394427.1, NP_001394443.1, NP_033300.2, NP_001346103.1, NP_001394434.1, NP_001394433.1, NP_001394435.1, NP_001394441.1, NP_001394440.1, NP_001394442.1, NP_001394437.1, NP_001394436.1, NP_001394438.1, NP_001346104.1, NP_001394429.1
OG0000396	XP_006091677.1, XP_023612149.1, XP_023612150.1, XP_006091675.1, XP_023612152.1, XP_023612151.1, XP_006091673.1, XP_006091674.1	NP_082536.1
OG0000397	XP_023608225.1	NP_059098.2, NP_001359253.1, NP_001359254.1, NP_001359252.1, NP_001359251.1, NP_001106990.1
OG0000399	XP_006084357.1	NP_001334418.1
OG0000400	XP_014313713.1, XP_023612113.1, XP_023612115.1, XP_023612112.1, XP_023612114.1, XP_014313714.1, XP_006091603.1, XP_023612116.1, XP_014313712.1	NP_036155.1, NP_001240737.1, NP_001398794.1, NP_001398795.1, NP_001240738.1
OG0000401	XP_006083286.1	NP_001405416.1, NP_001405417.1, XP_036018314.1, NP_001405422.1, NP_001405421.1, NP_001405419.1, NP_001405420.1, NP_001405418.1, NP_065600.1
OG0000402	XP_006083250.1	NP_001333608.1, XP_017170434.1, NP_001333609.1, NP_001092768.1
OG0000402	XP_023601131.1	NP_001342095.1
OG0000402	XP_023601100.1	NP_001300926.1
OG0000405	XP_006082947.1, XP_023620135.1	NP_001289425.1, XP_030107087.1, NP_001289427.1, NP_032150.2, NP_001289426.1
OG0000407	XP_014316176.2	NP_032730.1, NP_001365783.1
OG0000407	XP_023599972.1	NP_032731.1, NP_001070997.1
OG0000408	XP_006101374.1	NP_666760.1, NP_667143.1
OG0000409	XP_006094632.1, XP_006094629.1, XP_006094715.1	NP_997132.1, NP_667256.1
OG0000410	XP_006107915.3, XP_014302818.1	NP_666917.1, NP_666918.1, NP_666919.1
OG0000411	XP_014310731.1	NP_666818.1
OG0000412	XP_023619410.1	NP_001269890.1, XP_006517212.1, NP_001020245.1
OG0000413	XP_006106089.1, XP_014303555.1, XP_006106087.1	NP_001349121.1, NP_001349119.1, XP_006507911.1, NP_001349120.1, NP_001349118.1, NP_666371.1
OG0000414	XP_006093991.1	XP_006501738.1
OG0000415	XP_023619647.1	NP_033119.1, XP_036008334.1, XP_036021558.1
OG0000416	XP_023604903.1	NP_080320.1, NP_001342483.1, NP_001342490.1, NP_001342489.1, NP_001342487.1, NP_001342485.1, NP_001342486.1, NP_001342488.1, XP_006498304.1
OG0000417	XP_014310822.1	NP_035790.1
OG0000418	XP_023609056.1	NP_001407938.1
OG0000419	XP_006090572.2	NP_001404776.1, NP_083233.1, NP_001404778.1, NP_001404777.1, NP_001073344.1, XP_006505088.1, NP_033267.2
OG0000421	XP_014317484.1, XP_014317483.1, XP_023615671.1	XP_006515143.1, NP_001400186.1, NP_001400185.1, NP_001162036.1, NP_001400183.1, NP_775593.1, NP_001400188.1, NP_001400187.1, NP_001400184.1
OG0000422	XP_006098865.1	NP_071722.1, XP_006529845.1
OG0000423	XP_023610210.1	NP_001355729.1, XP_006498771.1
OG0000424	XP_023620045.1	NP_001136212.1, NP_001136210.1, NP_001136208.1, NP_001136211.1, NP_001136213.1, NP_001136207.1, NP_001136209.1, NP_075604.2
OG0000425	XP_023618419.1	NP_082984.1, XP_036009374.1
OG0000427	XP_006083036.1	NP_001361169.1, NP_001346600.1, XP_006528430.1, XP_054875640.1, NP_081944.1
OG0000428	XP_006109511.1, XP_006108444.1, XP_006097131.1, XP_006097076.1, XP_023616605.1, XP_023616607.1, XP_023616608.1	NP_001162049.1, NP_035004.1, XP_006509655.1
OG0000431	XP_014301212.1	NP_598431.2
OG0000432	XP_014305634.1, XP_023604523.1, XP_014305636.1	XP_006532518.1, NP_036197.1
OG0000432	XP_023605841.1, XP_023605840.1, XP_023605843.1, XP_014307213.1, XP_023605842.1	XP_006506836.1, NP_076387.2
OG0000433	XP_006108732.1, XP_006105636.1, XP_006107020.1, XP_014305234.1, XP_014305524.1, XP_006108279.1, XP_023602019.1, XP_006107571.1, XP_006106592.1, XP_006105637.1, XP_014303189.1, XP_006107018.1, XP_023603117.1, XP_014305270.2, XP_023603118.1, XP_014303989.1	NP_034512.2
OG0000435	XP_014310029.1	NP_034141.3, NP_001093651.1, NP_964002.2, NP_758510.2, NP_803125.2, NP_031848.1, XP_017175435.1, NP_001093653.1
OG0000437	XP_014303624.1, XP_014303626.1	NP_081465.1
OG0000438	XP_023609911.1	NP_598530.2, NP_001239388.1, NP_001239389.1, XP_006534524.1
OG0000438	XP_006107437.1	NP_001158134.1, XP_006540792.1, NP_035500.2, NP_001158133.1
OG0000439	XP_023600324.1	XP_006516531.1, NP_150372.1
OG0000440	XP_006083093.1, XP_006096080.1	NP_082479.1
OG0000441	XP_006105293.1, XP_023602070.1, XP_006105292.1, XP_006105294.1, XP_006105289.1	NP_001123988.1, NP_001123987.1, XP_006534291.1, NP_081934.1
OG0000443	XP_023605707.1	NP_001291504.1
OG0000445	XP_006099319.1, XP_006099320.1	NP_075872.1
OG0000445	XP_006099321.3	NP_001121563.1
OG0000446	XP_023617474.1, XP_006097992.1	NP_001103629.1, NP_062735.4
OG0000446	XP_014314932.1	NP_001277462.1, NP_766370.2, XP_030107190.1, NP_001154902.1, NP_001277461.1
OG0000447	XP_023611696.1	NP_001347314.1
OG0000448	XP_006099353.1, XP_006099355.1	NP_001277422.1, NP_001277421.1, NP_001277420.1, NP_796344.1, XP_006514777.1
OG0000449	XP_014322200.1, XP_006101441.1	NP_001186279.1, XP_036019156.1, NP_081000.1, NP_001005859.1, NP_001274510.1
OG0000450	XP_023613113.1, XP_006092902.1, XP_023613114.1, XP_014314757.1, XP_014314759.1	XP_006522161.1, NP_001345498.1, NP_001345499.1, NP_035879.1
OG0000451	XP_014300994.1, XP_014300999.1, XP_023600944.1, XP_023600928.1, XP_023600950.1, XP_014300983.1, XP_023600915.1	NP_001394397.1
OG0000452	XP_006103322.1	NP_001122081.1
OG0000454	XP_023612791.1	NP_032443.3, XP_006501112.1
OG0000455	XP_014318734.1	XP_011238327.1, NP_001346670.1, NP_694873.2, XP_006501105.2, NP_038849.2, NP_001291729.1, XP_006501099.1, NP_032319.1, NP_001257358.1, NP_032320.1, NP_001104806.1, NP_001357799.1, XP_001480548.2, XP_006500871.1, NP_032321.2
OG0000456	XP_023610945.1	NP_001344699.1
OG0000457	XP_006093675.1	NP_038636.2, NP_001269905.1
OG0000458	XP_006109377.3, XP_023605306.1	NP_598738.1
OG0000458	XP_023616636.1	NP_032548.2
OG0000459	XP_006106652.1, XP_014310202.1, XP_023608649.1, XP_006106656.1, XP_023608648.1, XP_023604552.1, XP_006108198.1, XP_023608601.1, XP_014310199.1, XP_006087501.1, XP_014310200.1, XP_006087502.1, XP_006108440.2, XP_023608645.1, XP_006087494.1, XP_023608646.1	NP_957691.1, NP_067447.2
OG0000460	XP_006094790.1	NP_666494.1
OG0000460	XP_006094798.1	NP_666787.1
OG0000461	XP_014313932.1	NP_997015.2, NP_001011842.1, NP_666413.1, NP_666901.2, NP_666846.1, NP_666847.1, NP_997458.1, NP_666403.1, NP_666907.2
OG0000462	XP_006087530.1, XP_006108852.1	NP_666507.1, NP_666506.1, XP_017173815.1, NP_001011795.1
OG0000463	XP_023620669.1	NP_084323.2
OG0000464	XP_023600475.1	NP_001347762.1, NP_001019870.1, XP_006539866.1
OG0000465	XP_023615625.1	XP_006539964.1, NP_666300.1, NP_001347749.1, NP_001407787.1, NP_001407788.1, NP_001347747.1, NP_001407789.1
OG0000466	XP_023604502.1	XP_036012047.1, XP_036014129.1, XP_036016097.1
OG0000467	XP_014322643.1	NP_001297025.1
OG0000469	XP_006095048.1, XP_006095015.1, XP_006095047.1	NP_082076.1, NP_001120826.1, NP_001092816.1, NP_001171008.2
OG0000470	XP_023600978.1, XP_023600977.1, XP_006104017.1, XP_014301795.1, XP_014301794.1, XP_014301793.1	NP_001395670.1, NP_001395671.1, NP_001395672.1, NP_001395673.1, XP_036012759.1, NP_001395675.1, NP_062793.2, NP_001395674.1
OG0000471	XP_023609090.1, XP_006088136.1, XP_023609091.1	NP_080220.2, NP_001342432.1, XP_006538258.1
OG0000472	XP_014322751.2	NP_032800.2, XP_011243641.1
OG0000472	XP_023612007.1	NP_001107551.1, XP_036018237.1
OG0000473	XP_023604153.1	NP_033203.1, NP_001399564.1, NP_001399565.1, XP_006520727.1, NP_001399566.1
OG0000475	XP_006098200.1	NP_001344964.1, NP_001344965.1, NP_031624.2, NP_001287996.1
OG0000476	XP_006092032.2	XP_006500487.1, NP_001276607.1, NP_112019.2, NP_083009.1, NP_001276606.1
OG0000477	XP_006101681.1	NP_001277051.1, NP_033058.2, NP_001277052.1
OG0000477	XP_006101676.1	NP_079993.2, XP_006531887.1
OG0000478	XP_023613306.1	XP_030108119.1, NP_780494.1
OG0000479	XP_023618156.1, XP_014319727.1, XP_023618154.1, XP_023618153.1, XP_023618157.1, XP_023618152.1, XP_006098681.1, XP_006098679.1, XP_006098678.1, XP_023618155.1	NP_036110.1, XP_006540071.1, NP_001344486.1
OG0000481	XP_014301980.1	NP_001243188.1, NP_001032244.1, XP_001475488.1, XP_017174078.1, XP_017174127.1, XP_017174095.1, XP_017174077.1, NP_001369321.1, NP_001229961.1, NP_001361144.1, NP_001229946.1, NP_001188287.1, NP_084312.1, NP_001229945.1, XP_011246186.1, NP_083475.1, NP_082830.2
OG0000482	XP_023612784.1	NP_001104613.1
OG0000482	XP_014306143.2	NP_067428.2
OG0000483	XP_014303600.1	XP_006532290.1, NP_001345969.1, NP_001152854.1, NP_032148.1, NP_001152855.1
OG0000485	XP_023609311.1	NP_033788.3
OG0000485	XP_014310932.1	NP_032038.1, NP_765986.3, NP_033861.2
OG0000486	XP_006106679.1, XP_006106683.1, XP_006106680.1, XP_006109556.1, XP_006106682.1	NP_997505.1, NP_666922.2
OG0000487	XP_006095673.1, XP_023615359.1	NP_666523.2, NP_666525.2
OG0000487	XP_014317150.1, XP_006095672.1	NP_666524.2
OG0000488	XP_023608415.1, XP_014309913.1, XP_006087219.1	XP_017176696.1, NP_848894.1, NP_001153840.1
OG0000489	XP_006100041.1	NP_001161229.1
OG0000490	XP_006097378.2	NP_034338.3, XP_006538607.1
OG0000491	XP_023601194.1	NP_038913.1
OG0000492	XP_023602312.1	NP_001366389.1, NP_001343461.1, XP_036018135.1, NP_766568.1, NP_001366388.1, XP_017174566.1, NP_001078987.1
OG0000492	XP_006104787.1	NP_001004184.2, XP_006541039.1
OG0000493	XP_006105546.1	NP_001160065.1, XP_011247360.1, NP_001160062.1, NP_001160067.1
OG0000493	XP_006105545.1	NP_001160063.1, NP_001160066.1, NP_001160064.1, NP_853613.1
OG0000494	XP_023608307.1	NP_083001.1, XP_006531472.1, NP_001344202.1, NP_001344201.1
OG0000495	XP_006109176.1	NP_001343529.1, NP_001343531.1, NP_033341.1, NP_001343530.1
OG0000496	XP_023615660.1	NP_083324.3, NP_001371122.1
OG0000497	XP_006089945.1	XP_006497235.1, NP_848890.3
OG0000498	XP_014316690.2, XP_014316694.2	XP_036019147.1, NP_001343534.1, NP_001343537.1, NP_001343538.1, NP_001343539.1, NP_001343536.1, NP_001343535.1, NP_080692.1
OG0000499	XP_023619192.1	XP_006519786.2
OG0000500	XP_006104768.1	NP_001171144.1, NP_001171145.1, NP_780702.1, NP_001390243.1
OG0000501	XP_023602071.1, XP_006105283.1, XP_023602072.1	NP_001404928.1, NP_080827.2
OG0000502	XP_006093719.1	NP_758463.1
OG0000502	XP_006093716.1	NP_034990.1
OG0000504	XP_006085088.1, XP_006085087.1, XP_006085086.1, XP_006085085.1	NP_031513.1, NP_001034604.1
OG0000506	XP_023603721.1, XP_023603732.1	XP_006527001.1
OG0000507	XP_023613633.1	NP_660110.2, XP_006529118.1
OG0000508	XP_006089419.1, XP_014311887.1	NP_061351.2, NP_001273431.1
OG0000510	XP_023620810.1	NP_001001492.2
OG0000511	XP_023600967.1, XP_023604762.1	NP_001345319.1, XP_006523180.1, NP_001345318.1, NP_001116465.1, NP_149161.1
OG0000512	XP_006091305.1	NP_031420.2, NP_001103674.1, NP_001341978.1, XP_006497685.1, NP_001341977.1, NP_001103675.1
OG0000513	XP_014307619.1	NP_001159869.1, XP_006528663.1, NP_080415.3, NP_001159870.1
OG0000515	XP_014303740.1, XP_006106322.1	NP_001075219.1
OG0000517	XP_006098562.1, XP_006098558.1, XP_006098560.1	NP_001156944.1, NP_062797.3, NP_034136.2, NP_958748.1, XP_006520454.1, NP_034135.2, NP_001098001.1, NP_663449.2, XP_030104365.1, NP_076112.2, XP_006521587.1, NP_083838.1
OG0000518	XP_006091984.1	NP_666789.1, XP_006499620.1, NP_666790.2
OG0000518	XP_014313935.1	NP_001011872.2, NP_997025.1
OG0000519	XP_023602867.1, XP_023602870.1, XP_014303777.1, XP_023604733.1, XP_014306595.1	NP_848726.1, NP_001289606.1, NP_001289605.1, NP_001289612.1, NP_001106945.1, NP_001289604.1, XP_006540238.1, NP_001289611.1, NP_001289610.1
OG0000520	XP_006096764.1	NP_778186.2
OG0000521	XP_006104581.2	NP_001078972.1
OG0000522	XP_014302982.1, XP_023602143.1, XP_006105360.1, XP_014302983.1, XP_023602141.1, XP_023602142.1	XP_006538778.1, NP_001406299.1, NP_663377.1, NP_001406300.1, NP_001406303.1, NP_001406301.1, NP_001406297.1
OG0000523	XP_006106058.1	NP_001398861.1, NP_001398864.1, NP_001398862.1, NP_001278096.1, NP_001278095.1, NP_001398863.1, XP_030097869.1, NP_001398872.1, NP_001398873.1, NP_001398871.1, NP_001398874.1, NP_001398875.1, NP_001398870.1, NP_001398867.1, NP_001398869.1, NP_001398865.1, NP_001398868.1, NP_001398866.1, NP_001398860.1, NP_031487.1
OG0000524	XP_023606561.1	NP_034190.3
OG0000524	XP_006109878.1	XP_017170010.1, NP_001093103.1
OG0000525	XP_006106823.1	NP_001391596.1
OG0000525	XP_006103918.1	XP_030101615.1, NP_001351015.1, NP_659055.1, NP_001351016.1, NP_001157714.1
OG0000526	XP_006096167.1	NP_001406061.1, NP_001406055.1, NP_001406056.1, NP_001406058.1, NP_001406059.1, NP_001406060.1, NP_001406057.1, NP_001406050.1, NP_080185.1, NP_001406044.1, XP_006503362.1, NP_001406043.1, NP_001406047.1, NP_001406045.1, NP_001406046.1, NP_001406053.1, NP_001406054.1, NP_001406052.1, NP_001406048.1, NP_001406049.1, NP_001406051.1
OG0000527	XP_006083826.1	NP_660116.1
OG0000528	XP_006091293.1, XP_006091294.1	XP_036009665.1, NP_001162093.1, NP_001350417.1, NP_001162092.1, NP_573469.1
OG0000529	XP_023609179.1	NP_001390209.1, NP_064367.1, NP_001185988.1, NP_001390211.1, NP_001390212.1, NP_001365802.1
OG0000530	XP_014322740.1	NP_001153089.1, NP_001153090.1, NP_001153092.1, NP_001153091.1, NP_062416.1, NP_001153088.1
OG0000531	XP_006089019.1, XP_023609762.1	NP_001404963.1, NP_001404962.1, NP_001404964.1, NP_663388.1
OG0000532	XP_006087038.1	NP_001409741.1, XP_011242434.1
OG0000533	XP_006103177.2	NP_808270.2, XP_006515720.1
OG0000534	XP_006092475.1, XP_023612698.1	NP_068680.1, NP_001300902.1, NP_001300905.1, NP_001300904.1, NP_001300903.1, NP_001349606.1, XP_036012323.1, NP_001360841.1, NP_001360842.1
OG0000535	XP_023602841.1, XP_006083449.1, XP_006083444.1, XP_006083445.1, XP_014303049.1	XP_006524734.1, NP_062628.2
OG0000536	XP_006083433.1, XP_014302953.1	NP_001342671.1
OG0000537	XP_006103925.1, XP_006108931.3	NP_001277202.1, XP_006497255.1
OG0000537	XP_023600852.1	NP_001355215.1, NP_598445.1
OG0000538	XP_006089664.1	NP_001160056.2
OG0000538	XP_023615724.1	NP_035697.3, NP_001074448.2
OG0000539	XP_023602411.1	NP_796057.1, XP_006524457.1
OG0000539	XP_014303263.1, XP_023602407.1	NP_848911.2, NP_001107028.1, XP_017173001.1, NP_001171367.1
OG0000539	XP_014305687.1	NP_001157267.1, XP_006524210.1
OG0000540	XP_006082738.2	NP_032325.2
OG0000540	XP_014311995.2, XP_023600299.1	NP_001346127.1, NP_035977.2, NP_001120839.1
OG0000541	XP_014305950.2	NP_958791.2, NP_001157012.1, NP_958789.3, NP_958790.2, NP_958794.2, NP_001157675.1, NP_035247.2, NP_001157014.1, NP_958795.2, NP_958792.2, NP_958787.2, NP_958796.2, NP_958788.2, NP_958793.2, NP_001157021.1
OG0000542	XP_023606509.1, XP_006085073.1	NP_001397538.1, NP_001397537.1, NP_001397535.1, NP_001397536.1, NP_036185.1, NP_001397534.1
OG0000543	XP_023620325.1, XP_014321883.1, XP_023620326.1	NP_001273580.1, NP_075543.1, NP_001157679.1, NP_001273581.1, NP_001157680.1, NP_001157681.1, XP_006506519.1
OG0000544	XP_006097128.1	NP_065610.2, NP_001035949.1
OG0000544	XP_006090017.1	NP_081970.1, NP_001135455.1, XP_030106936.1
OG0000545	XP_006092739.1	NP_031476.3
OG0000545	XP_006082242.1	NP_031477.1
OG0000547	XP_006102547.1	NP_080592.2, XP_006531893.1
OG0000547	XP_023599597.1	NP_082821.2, XP_006531905.1, NP_001170909.1
OG0000548	XP_023608186.1, XP_023608184.1, XP_014309633.1, XP_023608187.1, XP_023608185.1, XP_014309635.1	NP_001366313.1, NP_001366316.1, NP_082266.2, NP_001366314.1, NP_001366312.1, NP_001366311.1, NP_001366315.1, NP_001366310.1, XP_006498413.1
OG0000550	XP_006098529.1	NP_083770.2
OG0000551	XP_014316185.1, XP_014316188.1, XP_014316189.1	NP_001289275.1, NP_032799.2, NP_001289276.1
OG0000552	XP_023611271.1, XP_006090702.1	NP_082036.1, XP_011239901.1
OG0000553	XP_023608047.1	XP_006520327.1, NP_001351775.1, NP_001028389.1
OG0000554	XP_023607739.1, XP_023607735.1, XP_023607737.1, XP_006086400.1, XP_023607736.1, XP_023607738.1, XP_023607734.1, XP_014309215.1, XP_006086395.1	XP_006530121.1, NP_001254644.1, NP_001156773.1, NP_001254643.1, NP_001156774.1, NP_001156777.1, NP_001156778.1, NP_033020.2
OG0000555	XP_023601038.1	NP_776107.2, NP_001165272.1
OG0000556	XP_023604056.1, XP_023604054.1, XP_023604055.1, XP_023604057.1, XP_023603571.1, XP_023604058.1, XP_023603570.1	NP_082897.2
OG0000557	XP_014317422.1	XP_006522968.1
OG0000558	XP_023602424.1	NP_056601.1
OG0000560	XP_023613811.1	NP_803130.1, XP_006513447.1
OG0000560	XP_006092450.1	XP_036012345.1
OG0000561	XP_006098847.1	XP_011248386.1, NP_001020616.1, NP_001020615.1, NP_079821.3
OG0000562	XP_006089724.1, XP_006089725.1	NP_666418.1, NP_666935.1, NP_997043.1, NP_666936.1, NP_001011846.1, NP_666937.1
OG0000563	XP_006094626.1	NP_667025.1
OG0000564	XP_006105559.2	NP_083624.2, NP_001350107.1, XP_006534452.1
OG0000565	XP_006094713.1	NP_666470.1
OG0000565	XP_006094710.1	NP_997029.1
OG0000566	XP_023599701.1	NP_035770.2, XP_006533220.1, NP_001120705.1
OG0000567	XP_006082873.1, XP_023609501.1, XP_014311250.2, XP_014303325.1	NP_067253.1
OG0000568	XP_006105378.1	NP_001347054.1, NP_001347045.1, NP_001347044.2, NP_075622.1, NP_001347048.1, NP_001347047.1, NP_001347057.1
OG0000569	XP_023620471.1	XP_017176786.1, NP_001166843.1, NP_387468.1
OG0000569	XP_014319786.1	NP_032583.1
OG0000571	XP_006094096.1, XP_023614132.1, XP_023614131.1	NP_077772.2, XP_006538984.1
OG0000572	XP_023611838.1	NP_001411821.1, NP_033205.2, NP_001411820.1, XP_006530850.1
OG0000573	XP_006085054.1, XP_006084596.1, XP_006082794.1, XP_006093723.1, XP_006085245.1	NP_038793.2
OG0000574	XP_006086390.1, XP_023607730.1	NP_001035903.1, NP_033598.2
OG0000575	XP_006087478.1	NP_001347193.1
OG0000576	XP_014303625.1, XP_023599499.1	XP_036011336.1, NP_001170874.1, XP_006524910.1, NP_001170873.1
OG0000577	XP_006090150.1	NP_076370.3, NP_065255.3, NP_853627.2
OG0000578	XP_023610363.1	NP_473444.1
OG0000579	XP_006096369.1	NP_083570.1
OG0000579	XP_006082328.1	NP_067438.1
OG0000581	XP_006102067.1	NP_076184.1, NP_001299822.1, NP_001299823.1, NP_001299824.1, XP_006534817.1
OG0000582	XP_023611277.1, XP_006090703.1	NP_001348983.1, NP_001348986.1, NP_001348988.1, NP_001348987.1, NP_001157100.1, XP_006507046.1, NP_001348984.1, NP_598449.1, NP_001348985.1, NP_001348982.1
OG0000583	XP_014313732.1	NP_001397298.1, NP_001397299.1, NP_031523.3, XP_036018072.1
OG0000584	XP_023615499.1, XP_023615498.1	NP_038581.2, XP_006520524.1
OG0000585	XP_014319502.1	NP_062605.2, XP_006522458.1
OG0000586	XP_023614472.1	NP_067300.1, NP_996258.1, XP_011244197.1, NP_997127.1
OG0000587	XP_014313248.1	NP_084529.1, NP_001392227.1, NP_001392229.1, NP_001392228.1, NP_001392231.1, NP_001392230.1, NP_001392232.1
OG0000588	XP_006105896.1	NP_766174.1, NP_001273085.1, NP_001273084.1, NP_001104577.1
OG0000589	XP_023601071.1	NP_001366255.1, NP_001366254.1, NP_001366256.1, NP_001399339.1, NP_064679.2, NP_001366257.1, NP_001399338.1, NP_001366253.1, NP_001366258.1, XP_036018121.1
OG0000591	XP_023609499.1, XP_023609500.1, XP_023609497.1, XP_023609495.1, XP_014311236.1, XP_023609498.1	XP_006528926.1, NP_001007578.2
OG0000592	XP_023616695.1	NP_001263245.1, NP_001129557.1, NP_001263246.1, XP_030107162.1, NP_033483.3
OG0000593	XP_006096183.1, XP_006096182.1, XP_023615815.1	NP_001346379.1, NP_081819.2, NP_001300677.1, XP_011246173.1, NP_001346378.1
OG0000594	XP_006083002.1	NP_001412895.1, NP_001412893.1, NP_001412891.1, XP_006527981.1, NP_001412890.1, NP_001412889.1, NP_001345134.1, NP_001412894.1, NP_001412892.1, NP_035406.3
OG0000596	XP_023616345.1, XP_023616322.1, XP_023616323.1	XP_006540184.1, NP_001019844.2, NP_796370.1, XP_006540193.1
OG0000597	XP_023599298.1	NP_001411500.1, XP_036016114.1, XP_036016116.1, XP_036016115.1, XP_036016117.1
OG0000598	XP_006083407.1	NP_083620.1, XP_017170305.1
OG0000598	XP_006098490.1, XP_023617930.1, XP_006098491.1	XP_036013450.1
OG0000599	XP_006090391.1	XP_006501161.1, NP_001276391.1, NP_001344264.1, NP_032630.2, NP_001276392.1
OG0000601	XP_006108932.1, XP_006099708.1, XP_014320670.2	NP_001185991.1, NP_997058.2, NP_035128.2
OG0000602	XP_023614570.1	NP_667324.2
OG0000602	XP_023605201.1	NP_666471.2
OG0000603	XP_006100063.1, XP_006100064.1, XP_023619404.1, XP_023619403.1	NP_083180.3, NP_001161720.1, XP_006517483.1
OG0000604	XP_006086882.1	XP_006526742.1, NP_034395.4, NP_001129956.3, NP_775618.3
OG0000605	XP_006107059.1	NP_001258507.1, NP_001392824.1, XP_006541073.1
OG0000605	XP_023603533.1, XP_014306591.1	NP_001258922.1, NP_061364.2, XP_011249097.1
OG0000606	XP_006106479.1, XP_006106478.1	NP_780739.1, XP_006539998.1
OG0000607	XP_023610053.1	NP_034075.2
OG0000607	XP_006098686.1	NP_034074.1, NP_001399200.1
OG0000608	XP_014306398.1, XP_006083786.1, XP_014306386.1, XP_014306392.1	XP_006511869.1, NP_852059.1
OG0000610	XP_006089207.1	NP_001013805.1
OG0000610	XP_006089996.1	NP_001103229.1
OG0000611	XP_023609698.1	NP_766431.3, XP_006529650.1, NP_001345556.1, NP_001345555.1
OG0000612	XP_023600377.1	NP_001360878.1, XP_006515987.1, NP_001351133.1, NP_001360879.1, NP_001128473.1
OG0000613	XP_006095644.1, XP_023615378.1, XP_023615377.1	XP_006534093.1, NP_080709.1
OG0000614	XP_006081132.1	XP_006526202.1, NP_001128169.1
OG0000615	XP_006098172.1, XP_023617632.1	NP_766459.2
OG0000615	XP_023614270.1	NP_001368820.1
OG0000616	XP_006101296.1	NP_780725.2, NP_001159471.1, NP_001159472.1, XP_006537966.1, NP_001159473.1
OG0000617	XP_006088145.1, XP_014310716.1	NP_001343218.1, NP_663343.2, XP_006537902.1, NP_001158037.1, XP_011248271.1
OG0000618	XP_006097272.1, XP_023616730.1	NP_001026834.1, NP_067406.2, XP_006527609.1
OG0000619	XP_023616594.1	NP_001411830.1, NP_035524.2, NP_001411832.1, NP_001411831.1
OG0000620	XP_006085415.1	NP_598828.3, NP_001098116.1
OG0000621	XP_006091964.1	NP_001408798.1, NP_001408797.1, NP_001408799.1, NP_001408796.1, NP_001408789.1, NP_001408788.1, NP_001408787.1, XP_006500020.1, NP_067373.2, NP_001408790.1, NP_001408793.1, NP_001408792.1, NP_001408791.1, NP_001408794.1, NP_001408795.1
OG0000622	XP_014303606.1	NP_001344212.1, XP_030100211.1, NP_001344214.1, NP_035920.1, NP_001407995.1, NP_001344215.1
OG0000623	XP_023603576.1	NP_082991.3, XP_006509828.1
OG0000624	XP_014310526.1, XP_006087956.1, XP_006087957.1	XP_030100335.1
OG0000624	XP_006101232.1	NP_062521.1
OG0000625	XP_006100511.1	NP_001177799.1, NP_001347396.1, NP_001177800.1, NP_065599.1, NP_001177879.1, NP_001347395.1, XP_006508122.1, NP_001177798.1
OG0000626	XP_006089649.1	NP_001398905.1
OG0000627	XP_023605594.1	NP_001005860.1, NP_001397512.1, NP_001397513.1, NP_001177239.1, NP_001163803.1, NP_036129.1, NP_001163804.1, XP_011239666.1, NP_955015.1, NP_001191170.1, NP_694877.2
OG0000628	XP_023615605.1	NP_001001738.2, NP_001349388.1, NP_001349387.1, XP_036017516.1
OG0000629	XP_014310751.1, XP_023609123.1, XP_006088187.1, XP_014310747.1	XP_006526610.1, NP_001182277.1, NP_001182267.1
OG0000630	XP_006087555.1	NP_780675.1, XP_036017232.1
OG0000631	XP_023607374.1	NP_848717.1
OG0000632	XP_014319529.1, XP_023617912.1	XP_006496339.1, NP_082726.2
OG0000633	XP_014316406.1, XP_006094899.1	NP_001171099.1, XP_006529404.1, NP_666089.1
OG0000634	XP_014317575.1	NP_001405304.1, NP_001005370.1, NP_001405303.1
OG0000635	XP_014310269.1	NP_666508.1
OG0000636	XP_014322142.1, XP_014322141.1, XP_006101383.1	NP_667006.1, NP_666988.1, NP_666766.1, NP_666764.1, NP_666397.1, XP_017169433.1, NP_666940.1, NP_666763.1
OG0000638	XP_006085523.1	XP_036010346.1, NP_001300823.1, XP_036018032.1, NP_034569.1
OG0000639	XP_014316263.1	XP_006509891.1, NP_031490.2
OG0000640	XP_014309335.1	NP_034901.2, NP_001386915.1, NP_001401430.1, NP_001386912.1, NP_001386914.1, NP_001401429.1, NP_001386913.1
OG0000641	XP_014306794.1, XP_006083880.1, XP_023605407.1, XP_006083881.1	NP_742083.1
OG0000642	XP_023619301.1	NP_001288602.1, NP_064313.1
OG0000644	XP_006091987.1	NP_667077.1, NP_001171328.1
OG0000646	XP_006108450.1, XP_014313939.1	NP_667229.2
OG0000646	XP_014322363.1, XP_014313938.1	NP_001297480.1
OG0000647	XP_014309926.1	NP_766440.2
OG0000648	XP_006102183.1, XP_023599299.1	XP_006517143.1, NP_034114.1
OG0000649	XP_006103646.1, XP_014301489.1, XP_014301488.1	NP_780645.1, XP_006539776.1
OG0000650	XP_014319915.1, XP_006098918.1, XP_006098917.1, XP_014319916.1	XP_030105367.1, NP_001013394.2
OG0000651	XP_023608183.1	NP_001347635.1
OG0000652	XP_006097379.1	NP_001391059.1
OG0000653	XP_006097365.1, XP_006097366.1, XP_023616785.1	NP_001343395.1
OG0000654	XP_006100046.1, XP_006081171.1, XP_006084666.1	NP_444301.1
OG0000655	XP_014312551.1, XP_014312550.1, XP_006090209.1, XP_023610803.1, XP_014312549.1	XP_030104576.1, NP_080489.1, NP_001342549.1, NP_001342550.1
OG0000656	XP_006090471.1, XP_006090469.1, XP_023611017.1, XP_006090470.1, XP_023611016.1	NP_001345008.1
OG0000657	XP_023603369.1	NP_080581.1
OG0000658	XP_023609704.1, XP_014311496.1, XP_006088966.1	NP_080354.1, NP_001034134.1, XP_006497022.1
OG0000659	XP_006092434.1	NP_001157534.1
OG0000659	XP_006092438.1	NP_001349611.1, NP_001107035.1, NP_035619.3
OG0000660	XP_023615424.1	NP_001019843.1
OG0000660	XP_014313734.1	XP_006521342.1, NP_001074940.1, NP_955771.2, NP_081610.2, XP_006521452.1
OG0000661	XP_023617426.1	NP_081744.1, XP_036011899.1
OG0000662	XP_006101929.1	NP_080797.1
OG0000662	XP_006101927.1	XP_036011919.1
OG0000663	XP_023605644.1, XP_014307021.1, XP_023605645.1, XP_023605643.1, XP_014307022.1	NP_001028503.2
OG0000664	XP_023610580.1, XP_006081804.1	XP_006530809.1, NP_032565.2
OG0000665	XP_014306086.1, XP_023600127.1	NP_705731.2, NP_062323.1, NP_081439.1
OG0000666	XP_023604593.1, XP_006108253.1, XP_006108254.1, XP_014305736.1	NP_001396601.1, NP_001396600.1, NP_034619.2, XP_006511706.1
OG0000667	XP_006091124.1	NP_001171416.1
OG0000668	XP_023610110.1	NP_001276079.1, NP_082942.2, NP_666239.1, NP_001393330.1, XP_006500329.1, NP_001276080.1
OG0000669	XP_023600787.1	NP_803426.2, XP_006514005.1
OG0000670	XP_014307137.1	XP_030110915.1, NP_081940.1
OG0000671	XP_006091549.1	XP_006521605.1, NP_084397.3, NP_001164181.1, NP_001164182.1
OG0000672	XP_014314900.2, XP_006093070.1	NP_612186.2
OG0000673	XP_006084857.1	NP_001413535.1, XP_006521938.1, NP_666045.1, NP_001239435.1, NP_001239434.1
OG0000674	XP_006097060.1, XP_006097061.1	XP_011245985.1, NP_001107206.1, NP_082301.1
OG0000675	XP_006094854.1, XP_006096061.2	NP_081937.1
OG0000679	XP_014317569.1	NP_001229930.1, NP_001093113.1, NP_001079021.1, NP_001229944.1, NP_001092803.3, NP_001268963.1, NP_001161809.1, XP_003689011.1, NP_001229953.1, NP_001257598.1, XP_003689013.1, XP_003689009.1, NP_001257596.1, NP_001079012.1, XP_003689017.1, NP_001078992.1, NP_001361649.1, XP_036018050.1, NP_082231.2, NP_001161806.1, NP_001079023.1, NP_001079014.1, XP_001474977.1, NP_001079022.1, NP_001361652.1, NP_001229940.1, NP_001079020.1, XP_003689016.1, NP_001138510.1
OG0000680	XP_006100653.1	NP_001303970.1, NP_001273986.1
OG0000681	XP_014318008.1	NP_080610.1, XP_017173769.1
OG0000681	XP_014318003.1, XP_014306353.1	NP_001192278.1
OG0000682	XP_023620133.1	NP_001003817.1
OG0000683	XP_006109311.2	NP_001318024.1, XP_006513156.1, NP_033760.2, NP_001318025.1
OG0000684	XP_023616076.1, XP_023603939.1, XP_006100392.1	NP_932099.2, NP_001350045.1
OG0000685	XP_006094816.1, XP_006094817.1	NP_667197.1, NP_001011869.1, NP_001011799.1
OG0000686	XP_023609855.1, XP_023609852.1, XP_014311696.2, XP_023609854.1	NP_001156829.1, NP_001020606.2, NP_001154827.1, XP_030101484.1, NP_599010.4, NP_001154828.1, NP_001160104.1, NP_001160103.1, NP_599009.2, XP_006532455.1
OG0000687	XP_006084088.1	NP_542127.1
OG0000688	XP_006091831.1	NP_849179.1, XP_006517014.1
OG0000689	XP_006109740.1	NP_001032723.1, XP_011249318.1, NP_062411.1, NP_001344731.1, NP_001413248.1
OG0000690	XP_023612289.1, XP_006109421.1, XP_014315942.1	NP_084528.1
OG0000693	XP_006086747.1	NP_001347758.1, NP_083678.2, XP_006526338.1
OG0000694	XP_014308183.1, XP_014308184.1, XP_023607021.1	NP_001041715.1
OG0000695	XP_023609400.1, XP_014311082.1	XP_011239081.1, NP_001350383.1, NP_001074574.1
OG0000696	XP_006097396.1	NP_058092.2
OG0000697	XP_014320455.1, XP_014320454.1	NP_001288133.1, XP_006531144.1
OG0000697	XP_006099548.1	NP_082236.1
OG0000698	XP_006092605.1	NP_075675.2
OG0000699	XP_023600565.1	NP_666315.3, NP_084502.2, NP_780769.1, XP_006507226.1, NP_932128.2
OG0000699	XP_023600566.1	NP_081275.3, XP_006508242.1
OG0000700	XP_023616461.1	NP_694730.2, XP_017175030.1
OG0000700	XP_014318257.1	NP_001406149.1, NP_109632.2
OG0000701	XP_006085257.1	NP_001157827.1, NP_079857.3
OG0000702	XP_023614803.1	XP_006533878.1, NP_064390.1, NP_001156818.1
OG0000703	XP_014313247.1	NP_081389.1
OG0000703	XP_006107899.1	XP_006497735.1, NP_543124.1
OG0000704	XP_023613804.1	XP_036011466.1
OG0000705	XP_006103064.1	XP_030107914.1, NP_035009.3
OG0000706	XP_006098775.1	NP_766279.1, NP_001240283.1, XP_006537885.1, NP_001240282.1
OG0000707	XP_023609031.1, XP_014310664.1	NP_001355170.1, NP_647452.1
OG0000708	XP_014315649.2	NP_001153373.1, NP_001153372.1, NP_783199.1, XP_036021457.1
OG0000709	XP_014310007.1, XP_006087327.1	NP_082733.1, NP_001153515.1
OG0000710	XP_023606424.1	NP_653102.1, XP_006535590.1, NP_001343554.1, NP_001155290.1
OG0000711	XP_006083510.1	NP_080790.1, XP_006524358.1
OG0000712	XP_023614613.1	NP_001258324.1, NP_001035999.1, NP_001258344.1, XP_017176859.1, NP_031625.2
OG0000713	XP_023612449.1	NP_001343481.1, XP_030108062.1, NP_001343482.1, NP_076339.1
OG0000714	XP_023617462.1, XP_014319089.1	XP_011237947.1
OG0000714	XP_006097972.1	NP_899043.1, NP_001277711.1, XP_006499823.1
OG0000716	XP_006091117.1	NP_001344291.1
OG0000717	XP_006098019.1	NP_034108.1, XP_006498721.1
OG0000718	XP_014308082.1	NP_796237.2
OG0000719	XP_023611981.1	NP_001041692.1, XP_006499958.1, NP_081073.1, NP_001041693.1, NP_001041694.1
OG0000720	XP_014310790.1	NP_848803.3
OG0000721	XP_006087962.1	NP_001103820.1
OG0000722	XP_006103567.1	NP_001346126.1, NP_001074264.1, XP_030110327.1, NP_001074265.1
OG0000724	XP_006082826.2	NP_001292581.1, NP_080060.1
OG0000725	XP_023617196.1	NP_001275541.1, NP_001395156.1, NP_001395154.1, NP_001003917.2
OG0000726	XP_023611146.1, XP_023611147.1, XP_014312907.1	NP_035953.3, XP_006527688.1
OG0000731	XP_023617408.1	NP_001171509.1, XP_006496841.1
OG0000732	XP_006097175.1	NP_034045.1, XP_006512491.1
OG0000733	XP_006102942.1, XP_023599989.1	NP_001399148.1, NP_033955.2, NP_001399151.1, NP_001272705.1, NP_001399149.1, NP_001104514.1, NP_001399146.1, NP_001399150.1, NP_001104513.1, NP_001399147.1
OG0000734	XP_006086355.1	NP_076074.2
OG0000734	XP_006098037.1, XP_023604626.1	NP_001298060.1
OG0000735	XP_006084814.1	NP_058559.3
OG0000735	XP_023603710.1	NP_001289007.1
OG0000736	XP_006101319.1	NP_598876.1, NP_001344102.1, XP_036016133.1
OG0000736	XP_006086838.1	XP_006507092.1
OG0000737	XP_023614337.1, XP_006094345.1, XP_023614338.1	NP_001403843.1, NP_001403842.1, NP_031578.2, NP_001403841.1, NP_001403840.1
OG0000739	XP_014309904.1	NP_001347980.1
OG0000740	XP_006095107.1	XP_017169636.1, NP_001345743.1, NP_084157.2
OG0000743	XP_014317443.1, XP_014305584.1	NP_001093934.1, NP_840093.1, XP_006540562.1, XP_030099000.1, XP_006540231.1, XP_006540276.1, XP_036009257.1, XP_006540561.1, XP_006540556.1, NP_001268453.1, NP_001365615.1, NP_001268452.1, NP_001365619.1, XP_001004121.2, XP_001004117.2, XP_897754.2, XP_003084726.1, NP_001268437.1, NP_001186265.1, NP_001297586.1, NP_001297550.1, NP_001009952.2, NP_001185800.1, NP_001297544.1, NP_803229.1, NP_001297589.1, NP_997145.2, NP_001257470.1
OG0000744	XP_023606205.1	XP_006528673.1, NP_083234.2, NP_001155327.1
OG0000744	XP_006086519.1	NP_786964.1
OG0000745	XP_014319927.1, XP_014319926.1, XP_014319924.1, XP_006098933.1, XP_014319925.1	NP_659185.1, XP_011240784.1
OG0000746	XP_014309835.1	NP_064334.1
OG0000748	XP_014308397.1, XP_014312798.1	NP_083366.1
OG0000749	XP_006093218.1	NP_001028722.1, XP_011247810.1
OG0000750	XP_023601836.1, XP_014302678.1, XP_014302682.1, XP_023601839.1, XP_023604858.1, XP_014306064.1	NP_001020746.1, NP_001361030.1
OG0000750	XP_006105014.1, XP_006108651.1, XP_006105019.1, XP_023601837.1	NP_056595.1
OG0000751	XP_023609725.1, XP_014311516.1	NP_001156368.1, XP_006497031.1
OG0000752	XP_006095010.1	NP_001242986.1
OG0000752	XP_006095019.1	NP_079800.1, NP_079996.2
OG0000754	XP_006098993.1, XP_006098992.1	NP_031532.2, NP_001154891.1, NP_001404256.1
OG0000755	XP_023616087.1	XP_011237857.1, NP_659193.3
OG0000755	XP_023613227.1	NP_001342584.1, NP_067356.2, XP_006506495.1
OG0000756	XP_006086619.1, XP_023607911.1, XP_023607912.1, XP_014309371.1	NP_032567.1, NP_001157513.1, NP_001157514.1, XP_006517180.1
OG0000757	XP_014315109.1, XP_006093279.1	NP_001191000.1, NP_033446.1, XP_006524099.1
OG0000758	XP_023608454.1, XP_006087276.1	XP_006503076.1, NP_759015.2
OG0000759	XP_006101054.1	XP_006535674.1
OG0000760	XP_023616396.1, XP_006096832.1, XP_006096833.1	NP_001348994.1, NP_001163959.1, XP_006506630.1, NP_001348993.1, NP_789812.1, NP_001348996.1, NP_001348995.1
OG0000761	XP_023612824.1	NP_033222.1
OG0000762	XP_014313962.2, XP_014306320.1	NP_667185.1, NP_667005.1, NP_666685.1
OG0000763	XP_023602586.1	NP_001391796.1, NP_001391793.1, NP_001391791.1, NP_001391794.1, NP_001391795.1, NP_001391790.1, NP_001391792.1, NP_034861.3
OG0000764	XP_006087673.1	NP_033406.1
OG0000765	XP_006089610.1	NP_001158292.1, NP_001158291.1
OG0000767	XP_023615511.1	NP_598854.1
OG0000768	XP_023608927.1, XP_023608924.1, XP_023608926.1, XP_023608928.1, XP_006087982.1, XP_006087981.1	XP_006511230.1, NP_766512.2
OG0000769	XP_023602513.1	NP_031546.1, XP_006522942.1
OG0000770	XP_006084586.1	NP_034424.1
OG0000770	XP_006084678.1	NP_034423.2
OG0000770	XP_014308547.1	XP_006527892.1
OG0000775	XP_006099034.1	NP_075610.1, NP_001271322.1, XP_006532294.1, NP_001033753.2, NP_001271326.1
OG0000776	XP_023616934.1	XP_006495701.1, NP_034039.1
OG0000777	XP_023607399.1	XP_006510843.1, NP_076124.1, NP_001288161.1, NP_001288159.1
OG0000778	XP_006106038.1, XP_014303500.1	NP_033270.3, NP_033269.1, NP_001239498.1, NP_033271.1, NP_033273.1, NP_033272.1
OG0000779	XP_006100103.1	NP_001412666.1, NP_001348536.1, NP_542766.1, XP_017171330.1
OG0000779	XP_023619440.1	XP_006518740.1, NP_034986.1, NP_001157643.1
OG0000780	XP_006085869.1	NP_034856.1
OG0000781	XP_006094597.1	NP_997439.2
OG0000782	XP_023604212.1	NP_573464.2, NP_001272850.1, XP_006538672.1, NP_001272852.1, NP_001342519.1, NP_001272849.1, NP_001342520.1, NP_001272851.1
OG0000783	XP_023604751.1, XP_023608600.1, XP_006087489.1, XP_006087490.1, XP_006108441.1, XP_023608644.1, XP_006087508.1, XP_023603152.1, XP_006087581.2	NP_035401.2
OG0000784	XP_023613951.1	NP_001289722.1, NP_001291866.1, XP_017169315.1, NP_001291877.1, NP_001291867.1, NP_001291879.1, NP_001034741.1, NP_001291884.1
OG0000785	XP_006094695.1, XP_006108955.1	NP_666962.1
OG0000786	XP_014316175.1, XP_006094705.1	NP_667261.1
OG0000786	XP_006094704.1	NP_667260.1, NP_001011527.1
OG0000789	XP_006092127.1, XP_006108781.1, XP_006092129.1, XP_006092128.1	NP_001011734.1, NP_997515.2, NP_667242.1, NP_666462.2
OG0000791	XP_006105280.2	NP_083660.1, NP_001375358.1, NP_001375359.1
OG0000792	XP_023613699.1	NP_082890.2, XP_006510704.3, NP_001029257.1, NP_001273482.1
OG0000792	XP_006101533.1	NP_058587.1
OG0000793	XP_023617546.1	NP_001186070.1, NP_001334405.1, NP_001334403.1, NP_001334406.1, XP_006516554.1, NP_001334399.1, NP_001334400.1
OG0000794	XP_014318384.1	XP_006525592.1
OG0000796	XP_006101247.1	NP_001348828.1, NP_001348830.1, NP_001348829.1, NP_082611.1, XP_006506739.1
OG0000797	XP_014319901.1	NP_663584.1
OG0000798	XP_023604863.1	NP_001390817.1, NP_001390824.1, NP_001390822.1, NP_001390825.1, NP_001390820.1, XP_011247208.1, NP_694720.2, NP_001034181.1, NP_001346739.1, NP_001034182.1
OG0000798	XP_006108715.1	NP_001129731.1
OG0000799	XP_006087413.1	XP_006503337.1, NP_079893.1
OG0000800	XP_014322176.1	XP_006507746.1, NP_001265873.1
OG0000800	XP_023620599.1	XP_006508008.1, NP_796187.2
OG0000801	XP_014300981.1	NP_001272890.1, NP_001272888.1, XP_006508297.1, NP_001272889.1, NP_083886.1
OG0000802	XP_023615655.1	NP_032329.1, XP_036011334.1
OG0000803	XP_014304284.2	XP_036016678.1, NP_081920.1
OG0000803	XP_023603367.1	NP_065233.2
OG0000804	XP_014319009.1, XP_023617356.1, XP_006097844.1	XP_006502003.1, NP_080867.2
OG0000805	XP_006089323.1	NP_001157547.1, XP_036016367.1, NP_001411888.1, NP_033398.2, NP_001157546.1, NP_001411891.1, NP_001157548.1, NP_001157549.1
OG0000806	XP_023616609.1	NP_001276397.1
OG0000808	XP_006103285.1, XP_006103286.1	NP_613056.2, XP_006538047.1
OG0000809	XP_006091172.1	XP_006498053.1, NP_666232.2
OG0000810	XP_014302218.1, XP_014302216.1, XP_023601429.1	NP_001289325.1, NP_062314.1, NP_001289322.1, NP_001289324.1, NP_001289323.1, XP_006524697.1
OG0000811	XP_014302220.1	NP_001156851.1
OG0000812	XP_006088841.1	NP_001341931.1
OG0000813	XP_014310970.1	NP_001348622.1, NP_001397156.1, NP_001397157.1, NP_001397162.1, NP_001397161.1, NP_001397164.1, NP_001397163.1, NP_001397160.1, NP_001397158.1, NP_001397159.1, NP_001397154.1, NP_001157701.1, NP_001157702.1, NP_001397155.1, NP_001348621.1, NP_001397152.1, NP_001397153.1, NP_001157699.1, NP_001397151.1, XP_011239348.1, NP_001397150.1, NP_001348623.1, NP_001157698.1, NP_035068.3, NP_001348624.1
OG0000814	XP_023608523.1	NP_001412715.1, NP_001412709.1, NP_035657.1, NP_001412712.1, NP_001412717.1, NP_001412714.1, NP_001412716.1, NP_001412708.1, NP_001412713.1, NP_001412711.1, NP_001412710.1, NP_001274317.1
OG0000815	XP_023608577.1	NP_001272450.1, XP_006502953.1, NP_033202.3, NP_001272449.1, NP_001155246.1
OG0000816	XP_023609264.1	NP_001398624.1, NP_001398620.1, NP_001398617.1, NP_001398622.1, NP_001398619.1, NP_987076.2
OG0000817	XP_006102983.1	NP_705746.1
OG0000817	XP_023617750.1, XP_006098286.1	NP_001258460.1
OG0000818	XP_006102390.1, XP_006102391.1	NP_032429.1, NP_001342538.1
OG0000820	XP_023616494.1	NP_001020022.2, NP_001398424.1, XP_006501774.1
OG0000821	XP_014319092.2	NP_001343464.1, XP_017174437.1, NP_001343465.1, NP_001020417.1, NP_001343466.1
OG0000822	XP_014305520.1, XP_014305521.1, XP_023604451.1, XP_006108081.2	XP_006508539.2
OG0000823	XP_023610101.1, XP_023610095.1, XP_006081745.1	NP_001093255.1, XP_036019247.1, NP_082943.2
OG0000824	XP_014308653.1	NP_001395886.1, NP_001395887.1, NP_001395885.1, NP_001395884.1, NP_001395879.1, NP_001395881.1, NP_001395882.1, NP_001127855.1, NP_001395883.1, NP_001343369.1, NP_001395878.1, NP_001395875.1, NP_001395880.1
OG0000825	XP_006100556.2	NP_081572.1, XP_006506644.1, NP_001229287.1
OG0000826	XP_014303313.1	XP_011240705.1
OG0000827	XP_014313348.1, XP_006091111.1	NP_001106850.1, XP_006508041.1
OG0000828	XP_014323149.1	XP_006512266.1, NP_001263648.1, NP_067622.2
OG0000829	XP_014305978.1	NP_001272922.1, NP_082438.3, NP_001272920.1, XP_036016685.1
OG0000830	XP_006104277.1	XP_036018341.1, NP_001278131.1, NP_001393286.1, NP_001278130.1, NP_001278132.1, NP_001393284.1, NP_001360890.1, NP_001360889.1, NP_001393285.1, NP_001278129.1, NP_079758.2, NP_001278126.1, NP_001393283.1, NP_001393282.1, NP_001360888.1, NP_001393292.1
OG0000831	XP_006085726.1	NP_001344944.1
OG0000832	XP_023607017.1, XP_023607018.1	NP_031654.2, XP_006501012.1, NP_001292150.1
OG0000833	XP_006082680.1	NP_598736.4
OG0000834	XP_014320479.1, XP_006099553.1, XP_023618948.1, XP_006099554.1, XP_014320480.1, XP_023618949.1	NP_001128189.1, NP_082586.1
OG0000836	XP_023616283.1	NP_035994.2
OG0000836	XP_006096651.1	NP_035993.1
OG0000837	XP_023605811.1	NP_001161167.1, NP_001348979.1, NP_001348981.1, NP_001348977.1, NP_032183.2, NP_001348978.1, NP_001348980.1, NP_001161168.1, NP_001161172.1, NP_001161166.1, NP_001161169.1, NP_001161171.1
OG0000838	XP_014313017.1	NP_570931.1, NP_001254636.1, NP_038825.1, XP_006507028.1, NP_076207.1, NP_001368859.1, XP_017177185.1, NP_001074787.1, NP_001365611.1, XP_011239887.1, NP_001342506.1, NP_109612.1, NP_001397586.1
OG0000839	XP_006088191.1	NP_082252.1, XP_006527241.1
OG0000840	XP_014305194.1	XP_030105120.1, NP_620082.1
OG0000841	XP_006091012.1	NP_001028411.1, NP_084009.1, NP_001371019.1, NP_001076016.1, XP_011244371.1, XP_156070.1, NP_079564.1, NP_001076014.1, NP_776294.1, NP_001076015.1, NP_001076012.1, NP_001001332.2, NP_001076011.1
OG0000842	XP_023612264.1	NP_899027.1, XP_006516996.1
OG0000843	XP_023617913.1	NP_001355206.1, NP_001355207.1, NP_001355208.1, NP_659202.1, NP_001355205.1, NP_001355209.1, NP_001355203.1, NP_001355210.1
OG0000844	XP_014317974.1, XP_014317960.1, XP_014317978.1	NP_001405211.1, NP_780773.1, NP_001405212.1, NP_001405213.1
OG0000845	XP_006087709.1, XP_023608765.1, XP_006087707.1	NP_001243033.1, NP_663381.1
OG0000846	XP_006108743.2, XP_006106654.1, XP_014304045.1, XP_006087506.1, XP_006087505.1, XP_023608647.1, XP_023604734.1	XP_006519411.1, NP_001011876.1, NP_031474.2, NP_808212.2, NP_031475.2, NP_031473.1, NP_001155203.1
OG0000848	XP_006085406.1	NP_001398576.1, NP_001398575.1, NP_001103630.1, NP_001398579.1, NP_001398578.1, NP_001398577.1, NP_808404.2, NP_001398574.1
OG0000849	XP_014302461.1, XP_023601642.1, XP_023601641.1, XP_023604993.1	NP_001347946.1, NP_001347949.1
OG0000852	XP_006095735.1, XP_006095736.1, XP_014317237.1, XP_006095737.1	XP_006520518.2, NP_001398182.1, NP_001398183.1, NP_034574.1
OG0000853	XP_023607363.1	NP_001335102.1, NP_001335100.1, NP_001335101.1, NP_031836.1
OG0000854	XP_006103033.1	NP_001369766.1, XP_006535215.1, NP_063931.1, NP_001343872.1
OG0000854	XP_006103032.1	NP_058051.3
OG0000855	XP_014321601.1	NP_733769.1
OG0000855	XP_006100746.1	XP_036021575.1
OG0000858	XP_006092110.1	NP_666784.2, NP_038756.2
OG0000858	XP_006091978.1	NP_001011695.1, NP_666648.2, NP_666647.2
OG0000859	XP_006099748.1	NP_666420.2
OG0000860	XP_014303713.1	NP_667125.1, XP_011248755.1, NP_667126.1, NP_667124.1, NP_666497.1
OG0000861	XP_006089242.1, XP_023609935.1, XP_014311717.1, XP_023609934.1, XP_006089246.1, XP_006089252.1, XP_006089309.1, XP_023609936.1, XP_006089250.1	NP_001094922.1, XP_006512757.1, XP_011241495.1, NP_065590.2
OG0000862	XP_023605865.1	NP_079722.1
OG0000863	XP_014308493.1, XP_006106698.1	NP_082886.2
OG0000863	XP_023603192.1	NP_082891.1
OG0000864	XP_014303963.1, XP_006105493.2, XP_006109240.2, XP_006105130.1, XP_023620668.1, XP_006108364.1, XP_023600054.1, XP_023613128.1	NP_001028572.1
OG0000866	XP_014303716.1	NP_001403995.1, NP_032843.2, NP_001403993.1, NP_001404001.1, NP_001404000.1, NP_001403999.1, NP_001403997.1, NP_001403994.1, XP_017177519.1
OG0000867	XP_006102051.1	NP_808256.1, XP_006497494.1
OG0000868	XP_006086487.2	NP_036067.2
OG0000868	XP_023609378.1	NP_001033104.1
OG0000869	XP_023610899.1, XP_023610898.1, XP_023610900.1	NP_001393954.1, NP_058083.3, XP_011241812.1
OG0000870	XP_006102820.1	XP_006534256.1, NP_081721.1
OG0000871	XP_006082560.1	NP_033110.1
OG0000872	XP_023609681.1	NP_001156449.1, XP_006538889.1
OG0000873	XP_006101632.1	NP_031713.1
OG0000874	XP_023610577.1, XP_006089985.1, XP_014312361.1	XP_006497316.1, NP_001153832.1, NP_851391.1, NP_001153831.1
OG0000875	XP_006091083.1	XP_036013204.1, NP_001229348.1
OG0000876	XP_006109001.2, XP_014301036.1, XP_006103167.1, XP_023600207.1, XP_014301034.1	NP_001398836.1
OG0000877	XP_014316524.1, XP_006095013.1, XP_023614834.1, XP_006095014.1, XP_006095012.1, XP_023614837.1, XP_006095043.1	NP_081083.2
OG0000879	XP_014317692.1	NP_067619.1, NP_001153103.1, XP_006498272.1
OG0000880	XP_006084550.1	NP_001106856.1, NP_659070.2, XP_006512759.1, NP_001371154.1
OG0000881	XP_006084998.1, XP_006084997.1	NP_075028.1, XP_006503661.1, NP_001412601.1, NP_001180588.1, NP_001180589.1, NP_001412602.1, NP_001180590.1
OG0000882	XP_006085076.1	NP_001396972.1
OG0000883	XP_023605567.1, XP_006084090.1, XP_006084093.1	NP_001162128.1, XP_017169385.1, NP_001162127.1, NP_001162126.1, NP_031732.1
OG0000884	XP_006109864.1	NP_035647.2, NP_001186942.1
OG0000886	XP_006106612.1, XP_006106614.1, XP_023603129.1, XP_006106613.1	NP_001347215.1, NP_032046.1, NP_001347217.1, NP_001159840.1
OG0000887	XP_023605429.1	NP_001396960.1, NP_001239571.1, NP_001304053.1, NP_001304055.1, NP_001304054.1, NP_032311.2, NP_001239572.1
OG0000888	XP_006101210.1, XP_023620465.1, XP_006101208.1	NP_001033744.2, NP_001393192.1, NP_034449.3, NP_001393193.1
OG0000889	XP_014312088.1, XP_006109066.1, XP_006108665.1	XP_006508017.1
OG0000889	XP_023610297.1	NP_001382793.1
OG0000891	XP_023604271.1	NP_598481.2, NP_001155884.1, XP_030103861.1
OG0000892	XP_023620694.1, XP_006101518.1, XP_006105344.1	NP_001412730.1
OG0000893	XP_006104944.1	XP_006514936.1, NP_776106.1
OG0000894	XP_014319176.1, XP_006084255.1	NP_001264734.1
OG0000895	XP_006090992.1, XP_023611542.1, XP_023611543.1, XP_023611540.1, XP_023611541.1, XP_023611546.1, XP_023611544.1, XP_023611539.1, XP_023611545.1	NP_001028369.1, NP_083088.1, NP_001342656.1
OG0000898	XP_023615757.1	NP_034969.1, NP_001281206.1
OG0000901	XP_006089046.1	NP_839974.2
OG0000901	XP_014311563.1, XP_014311584.1	NP_001008426.1, NP_839975.2
OG0000902	XP_023618266.1, XP_006098806.1	NP_057882.2, NP_001366141.1, NP_001366144.1, NP_001366145.1, NP_001129528.1, NP_001366140.1, XP_030109011.1, NP_001366142.1, NP_001390675.1, NP_001390676.1, NP_001366143.1
OG0000903	XP_023599429.1	NP_032596.1, NP_034909.2, XP_011243282.1, NP_032597.1
OG0000903	XP_006102278.1	NP_034910.2
OG0000904	XP_006085795.1, XP_006090725.1	NP_001303251.1, NP_032518.1
OG0000905	XP_014305754.2	NP_871790.2
OG0000905	XP_023604612.1	NP_083571.1
OG0000906	XP_014322147.1, XP_006101370.1, XP_006101360.1, XP_006101375.1	NP_666883.1, NP_666761.1, NP_666882.1
OG0000907	XP_006108479.1, XP_006109251.2, XP_014305914.1	NP_001277373.1, NP_109643.3, XP_006498519.1
OG0000908	XP_006104612.1	XP_006510007.1, NP_001095875.1, NP_001095874.1, NP_031414.1
OG0000909	XP_014308351.1	XP_006504859.1, NP_001288353.1, NP_031539.3
OG0000910	XP_023603741.1	XP_011244377.1, NP_001392321.1, NP_001392322.1, NP_001392323.1, NP_001157955.1, NP_001392333.1, NP_001038980.1, NP_001392324.1, NP_001392326.1, NP_001392325.1, NP_001392328.1, NP_001392336.1, NP_001392330.1, NP_001392329.1, NP_001392335.1, NP_001392334.1, NP_001392337.1, NP_001392332.1, NP_001392331.1, NP_001392339.1
OG0000913	XP_014313936.1	NP_666788.1
OG0000914	XP_023604021.1, XP_014305551.2	NP_001074435.1, XP_006539760.1, NP_065597.2, NP_001074434.2
OG0000914	XP_006102660.1	NP_035626.1
OG0000915	XP_006109544.1, XP_006095982.1, XP_006095981.1	XP_036010324.1, NP_075700.2
OG0000916	XP_023613973.1	XP_006523303.1, NP_852057.2, NP_001344733.1
OG0000917	XP_014306036.1	NP_001351848.1
OG0000917	XP_006090642.1	NP_001357871.1, NP_001094954.1
OG0000919	XP_023616354.1, XP_014318095.1, XP_023616353.1	NP_001347183.1, NP_001347181.1, NP_001347179.1, NP_036015.1
OG0000920	XP_023604910.1	NP_001345900.1, NP_851842.1
OG0000921	XP_006106707.1, XP_023603198.1, XP_006106706.1, XP_023605246.1	XP_036010145.1, NP_001346022.1, NP_080550.3
OG0000922	XP_006088625.1	XP_030107213.1, NP_033057.3
OG0000922	XP_006094287.1	NP_033056.2
OG0000923	XP_023606570.1	NP_080775.3
OG0000923	XP_014318511.1	NP_001356239.1, NP_001356238.1, NP_001356237.1, NP_001356240.1, XP_017175822.1, NP_065612.2
OG0000924	XP_006093577.1	NP_082218.1
OG0000924	XP_023601694.1	NP_076033.4
OG0000925	XP_023607031.1	XP_011242940.1, NP_780664.2
OG0000927	XP_023599816.1	NP_705807.2, NP_001103223.1, NP_001347500.1, NP_001347504.1, NP_001347502.1, NP_001347503.1, NP_001347501.1, XP_006541122.1
OG0000928	XP_006102819.1	NP_035202.1, XP_030101518.1
OG0000929	XP_014320449.1, XP_006099501.1	NP_001344159.1, NP_001344158.1, NP_080808.1
OG0000930	XP_014308221.1	NP_082574.1, XP_017176603.1, NP_001350380.1
OG0000931	XP_023611013.1	NP_001343979.1
OG0000932	XP_014301545.1	NP_001193264.1
OG0000934	XP_023617096.1, XP_006097683.1	NP_599007.1, NP_663419.3, NP_598949.3, NP_036136.1
OG0000935	XP_023605462.1	XP_030102819.1, NP_083151.1
OG0000936	XP_023612622.1	NP_001289434.1
OG0000937	XP_006098986.1	NP_034588.2, XP_006532346.1, NP_001073338.1
OG0000938	XP_006088029.1, XP_023608974.1, XP_023608975.1, XP_006088031.1	NP_001165631.1, NP_848469.1
OG0000939	XP_006102176.1	NP_082223.2, NP_001342539.1, NP_001342540.1, NP_001020765.1, NP_001342541.1, XP_006498412.1
OG0000940	XP_006102488.1	XP_006520549.1, NP_032453.3
OG0000941	XP_006093023.1	NP_001230671.1
OG0000945	XP_023606727.1, XP_014308172.1, XP_023606728.1, XP_006085314.1	NP_955520.1, XP_011243990.1
OG0000946	XP_006086447.1	NP_001156398.1
OG0000947	XP_023617694.1, XP_023617693.1, XP_023617696.1, XP_023617695.1	XP_006503070.1, NP_808338.2
OG0000948	XP_023614653.1	NP_038889.1
OG0000949	XP_006094399.1	NP_001344300.1
OG0000950	XP_006097834.1, XP_014305758.2	NP_001155235.1
OG0000951	XP_014310361.1	NP_001292370.1, NP_001292371.1, NP_001292369.1, NP_036026.1
OG0000952	XP_023611919.1	NP_001405126.1, NP_001405124.1, NP_001405125.1, NP_001405123.1, NP_776098.1, NP_001405122.1, NP_001405127.1, NP_001405128.1
OG0000953	XP_006106809.1	NP_694740.2, XP_036010813.1
OG0000953	XP_006084852.1	NP_075875.3, XP_006522554.1
OG0000954	XP_006104631.1	NP_001240796.1
OG0000955	XP_023613048.1	NP_062657.2, NP_001335189.1, XP_006510566.1
OG0000956	XP_006091115.2	NP_001162013.1, XP_006507895.1, NP_001162011.1, NP_001162012.1, NP_001019790.1
OG0000957	XP_006091653.1, XP_023612139.1, XP_014313749.1, XP_006091654.1	XP_006498886.1, NP_569719.1, NP_001400091.1
OG0000959	XP_023615234.1	NP_085033.2, XP_006496642.1
OG0000960	XP_023612454.1	XP_036021898.1, NP_001165678.1, NP_766080.1, NP_001398436.1, NP_001398437.1
OG0000961	XP_014307161.1, XP_023605798.1, XP_023605796.1, XP_023605795.1, XP_014307163.1, XP_023605797.1, XP_023605799.1	NP_001398614.1, NP_001398612.1, NP_001398613.1, NP_766479.1, NP_001398609.1, NP_001398610.1, XP_006506194.1, NP_001398611.1
OG0000962	XP_006091616.2	NP_001271452.1
OG0000963	XP_006085353.2	XP_017175838.1, NP_001272733.1, NP_852056.1, NP_001177252.1, NP_001177251.1, NP_001177253.1
OG0000964	XP_023611133.1	NP_032336.1
OG0000965	XP_023606181.1, XP_014307551.1, XP_006084664.1, XP_023606182.1, XP_023606183.1, XP_006084665.1	NP_036050.1, NP_001368856.1, NP_001342406.1, NP_001368854.1, XP_006506213.1, NP_001368855.1
OG0000966	XP_014318189.1	NP_001272734.1
OG0000968	XP_006082352.1	XP_006528580.1, NP_666348.1, NP_001343296.1
OG0000969	XP_006087777.1	NP_001074604.1, NP_001289957.1, XP_006527987.1
OG0000970	XP_014310405.1, XP_014310401.1, XP_023608804.1, XP_014310402.1, XP_023608805.1	NP_035071.3
OG0000972	XP_006106545.1	NP_001272837.1, NP_001033726.1
OG0000975	XP_014307645.1, XP_014305254.1, XP_006103207.1	NP_076360.1
OG0000976	XP_006095957.1	NP_058556.1
OG0000977	XP_014320098.1, XP_014317983.1	NP_291019.1, XP_006530181.1, NP_660263.1, NP_660135.2, NP_001411632.1, NP_035982.2
OG0000978	XP_014306276.1	NP_001161152.1
OG0000979	XP_014320494.1	NP_001033752.1, NP_001344044.1, NP_036079.1
OG0000979	XP_023600425.1	NP_036082.1
OG0000980	XP_014310209.1, XP_014310210.1, XP_023608650.1	NP_033817.1
OG0000981	XP_006084861.1	XP_006521847.1, NP_001116510.1, NP_038534.2
OG0000981	XP_006105568.1	NP_659207.1
OG0000982	XP_014307253.1	NP_663430.2
OG0000983	XP_023612111.1, XP_006091598.2	NP_001164506.1, NP_001164505.1, XP_036014961.1, NP_080945.1, NP_001164507.1
OG0000984	XP_006082200.1, XP_023613926.1, XP_023613930.1, XP_023613934.1	NP_033818.2, NP_001288568.1, NP_001288570.1, XP_011249278.1
OG0000985	XP_014318547.1, XP_023616795.1, XP_023616794.1, XP_023616793.1	NP_001074680.1
OG0000986	XP_006086473.1	NP_001348139.1, NP_001348141.1, NP_001348140.1, NP_032199.3, NP_001348138.1, XP_006525721.1
OG0000988	XP_023617830.1, XP_006107983.1, XP_006107984.1	NP_666719.1
OG0000991	XP_006090837.1, XP_023611382.1, XP_006090835.1	XP_006526576.1, NP_061291.2
OG0000992	XP_014302259.1	NP_766219.2
OG0000993	XP_014307419.1	XP_006512569.1
OG0000994	XP_014309590.1	NP_033577.1, XP_006527121.1
OG0000995	XP_006081122.2	NP_065607.1
OG0000996	XP_006107331.1	NP_001406984.1, NP_001406985.1, NP_001406986.1, NP_001406987.1, NP_001406981.1, NP_001406980.1, NP_001406989.1, NP_001406977.1, NP_001406990.1, NP_001406991.1, NP_001157677.1, XP_017167711.2, NP_001157676.1, NP_077130.1, NP_001406982.1, NP_001406983.1
OG0000997	XP_023618129.1, XP_006098728.1, XP_006098729.1	NP_079904.1
OG0000998	XP_014305458.1, XP_006108008.1, XP_006109528.1, XP_023604402.1	NP_001078854.1, NP_082442.1
OG0000999	XP_006098271.1	NP_001405344.1, NP_001405345.1, NP_001405346.1, NP_001405342.1, NP_001405340.1, NP_001405343.1, NP_001405338.1, NP_001405341.1, NP_001405339.1, XP_036018286.1, NP_001405337.1, NP_001405336.1, NP_058614.1
OG0001000	XP_023602036.1, XP_006105246.1	NP_598902.1, XP_006530623.1
OG0001001	XP_014319243.1	NP_001103458.1, XP_030106348.1, NP_001103459.1, NP_444308.1, NP_001254646.1
OG0001002	XP_023602470.1	XP_011246689.1
OG0001003	XP_006100192.1	NP_510963.1, NP_001186051.1, NP_001346831.1
OG0001004	XP_014311689.1	NP_001335029.1
OG0001005	XP_006093570.1	NP_001351472.1, NP_001028496.1, NP_001397426.1
OG0001006	XP_006093565.1, XP_014315359.1	XP_006509964.1, NP_598742.1
OG0001007	XP_014304851.1	NP_001403941.1, NP_031902.2
OG0001008	XP_023611810.1	XP_006530970.1, NP_780689.3
OG0001009	XP_006088327.1	NP_848866.2, XP_006504492.1
OG0001011	XP_014322169.2	NP_001406221.1
OG0001012	XP_023620225.1	XP_006524433.1, NP_038883.2, NP_001034670.1
OG0001013	XP_006107145.1	NP_001171081.1
OG0001014	XP_014305075.2	NP_598466.1
OG0001015	XP_023601838.1	NP_001025148.3
OG0001016	XP_023610585.1	XP_006497295.1, NP_001264857.1, NP_032510.2
OG0001018	XP_014316679.1, XP_023614984.1, XP_023614985.1, XP_006095211.1, XP_006095212.1	NP_001397457.1, NP_033139.3, NP_001397458.1
OG0001019	XP_023610024.1	XP_006523978.1, NP_033093.2, NP_001185878.1
OG0001020	XP_014302901.2	NP_001192165.1
OG0001021	XP_006093754.1, XP_006093670.1, XP_006093671.1	NP_059501.1, NP_001144221.1, NP_671755.2, NP_663399.2, NP_694773.1, NP_033066.1, XP_006513452.1, NP_536684.2
OG0001022	XP_006095532.1	NP_001032936.2
OG0001023	XP_023610296.1	XP_006508113.1
OG0001024	XP_006102855.2	NP_001291258.1, NP_001119519.1, NP_001291259.1, XP_006495867.1
OG0001025	XP_014302412.1, XP_023602227.1	NP_001162585.1, NP_058584.3
OG0001026	XP_014321028.1	NP_062661.1
OG0001026	XP_006100210.1	NP_062697.1, NP_035526.1
OG0001027	XP_023618198.1, XP_006098820.1, XP_014319839.1, XP_014319837.1	XP_006538228.1, NP_079815.2
OG0001028	XP_023618247.1, XP_014303768.2	NP_001078999.1, XP_001481289.2, XP_003688841.1, NP_001344518.1, NP_001344519.1, XP_006538115.1, NP_001264096.1, XP_030107501.2, XP_036020476.1, XP_036020475.1
OG0001029	XP_006100620.1, XP_006100617.1, XP_006100619.1, XP_006100618.1	NP_001400462.1, NP_001400461.1, NP_001400463.1, NP_001400465.1, NP_001400460.1, NP_001264239.1, NP_001400459.1, NP_001264241.1, XP_006523811.1, NP_034917.1, NP_001264240.1, NP_001264238.1
OG0001031	XP_006087304.1	NP_001153102.1
OG0001032	XP_014320772.1	NP_001346951.1, NP_001171093.1, NP_001171092.1, NP_808538.1
OG0001033	XP_006092578.1	NP_001398119.1, NP_001156804.1, NP_001398115.1, NP_001398120.1, NP_001398122.1, NP_001156805.1, NP_084525.1, NP_001398118.1, NP_001398117.1, NP_001398121.1
OG0001034	XP_023615832.1, XP_014316842.1, XP_023615834.1, XP_014316848.1, XP_006082452.1, XP_014310581.1	XP_011236892.1
OG0001035	XP_006085447.1, XP_014308292.1, XP_006085446.1	NP_001139672.1, NP_064668.2, NP_001139673.1, XP_006515175.1
OG0001036	XP_014314076.1, XP_023612405.1, XP_023612406.1, XP_006092057.1, XP_006092058.1	XP_006499534.1, NP_848839.2, NP_001343447.1, NP_001343448.1
OG0001037	XP_023605437.1, XP_014306819.1	XP_011239577.1, NP_001276628.1, NP_766075.2, NP_001276629.1
OG0001038	XP_023611404.1, XP_014313125.1	NP_777271.3, NP_001034675.1, XP_006511778.1
OG0001039	XP_023618496.1	NP_001028471.1, NP_001153155.1, XP_006499490.1
OG0001040	XP_023607015.1, XP_014308442.1, XP_014308445.1, XP_023607016.1	XP_006501383.1, NP_001138459.1, NP_659144.1, NP_001138460.1
OG0001041	XP_023617780.1, XP_006098326.1	NP_001243031.1, NP_001346396.1, NP_001243030.1, NP_083857.1, NP_001243029.1
OG0001042	XP_014322540.1	NP_071715.3, NP_001097999.1, NP_001258695.1, NP_001399782.1, XP_006529840.1
OG0001043	XP_014319418.1	NP_032179.1, NP_001345989.1, XP_006530227.1
OG0001044	XP_023605581.1	XP_006506325.1, NP_848891.2
OG0001045	XP_023615454.1	NP_001405270.1, NP_080842.1
OG0001047	XP_006107658.1, XP_006108962.2	NP_598702.2, NP_001272961.1, NP_001344614.2, NP_001390352.1, NP_001390354.1, NP_001272959.2, NP_001272960.2, NP_001390353.1
OG0001048	XP_014322986.1	NP_444412.2, XP_006530170.1, NP_001181960.1
OG0001049	XP_006087889.2	NP_001165540.1, NP_001165539.1, NP_082114.1, NP_001165541.1, NP_001165542.1
OG0001050	XP_006087739.1	NP_063923.1
OG0001051	XP_006084928.1	XP_006522750.1, NP_083712.4
OG0001053	XP_014301754.1	NP_001273656.1, XP_006524276.1, NP_001020770.2, NP_001273655.1
OG0001054	XP_006098459.1	NP_061252.2, XP_006499981.1
OG0001055	XP_014318451.1	NP_001192015.1
OG0001056	XP_006097237.1	NP_001239458.2, NP_001413180.1, XP_006527717.1, NP_062351.2, NP_001239457.1
OG0001060	XP_006101354.1, XP_006101355.1	NP_666888.1, NP_666887.1
OG0001061	XP_023616176.1	NP_660210.1, NP_001346874.1, NP_001346875.1
OG0001062	XP_023620591.1	XP_036021821.1
OG0001062	XP_006103745.1	NP_082466.2
OG0001063	XP_023610320.1	NP_001408127.1
OG0001064	XP_014321403.1	NP_667274.2, NP_666468.2
OG0001065	XP_006101491.1	NP_032020.2
OG0001065	XP_023620667.1	XP_011242790.1
OG0001066	XP_014303082.1	XP_006517555.1
OG0001066	XP_014308513.2	NP_033382.2, XP_006495919.1, NP_001347784.1, NP_033381.1
OG0001067	XP_006109279.2	NP_081790.1
OG0001067	XP_023602722.1	NP_033016.3
OG0001068	XP_023615629.1	NP_766329.1, NP_001369234.1, XP_006539958.1
OG0001069	XP_006098903.1	XP_017174850.1
OG0001070	XP_023613993.1	NP_035483.1
OG0001070	XP_023611306.1	NP_035484.1
OG0001071	XP_023616782.1	NP_001406373.1, NP_001406372.1, NP_700472.1, XP_006538911.1
OG0001072	XP_006107436.1	NP_001243059.1
OG0001074	XP_014321850.1, XP_023603743.1	XP_006518732.1, NP_034905.1
OG0001074	XP_023600428.1	NP_034906.1, XP_006526793.1, NP_001351987.1
OG0001075	XP_006096663.3	XP_036019259.1, NP_666253.1
OG0001075	XP_006100019.1	NP_080714.2
OG0001076	XP_023602024.1	NP_001013799.2, XP_036014633.1
OG0001077	XP_023619981.1, XP_023603607.1, XP_014305376.2, XP_006109136.1, XP_014304562.1, XP_014305402.1, XP_014305337.2, XP_023603577.1, XP_023619982.1	XP_017169843.1, NP_001004142.2, NP_001155886.1
OG0001078	XP_006099786.1	NP_001389747.1
OG0001079	XP_023604681.1, XP_006097601.1	XP_006539158.1, NP_079614.1
OG0001082	XP_006090439.1	NP_058577.1
OG0001082	XP_006098582.1	NP_038900.1
OG0001083	XP_006092295.1, XP_006100956.1	XP_036010330.1, NP_032529.2, XP_036010329.1, XP_036021546.1
OG0001084	XP_014306478.1	NP_001156762.1
OG0001085	XP_023617357.1	NP_032257.3
OG0001085	XP_006093814.1	NP_032258.2
OG0001086	XP_023606622.1	XP_036016934.1, NP_663331.1, NP_001344435.1
OG0001087	XP_023599435.1	XP_006518429.1, NP_818773.1
OG0001087	XP_006091819.1	NP_079784.1
OG0001088	XP_023611626.1	NP_001366004.1
OG0001089	XP_014306684.1	NP_001311411.1, NP_081680.1, XP_006516280.1, NP_001311409.1, NP_001311410.1
OG0001090	XP_023600508.1	NP_001239313.1
OG0001091	XP_006104703.1	NP_001348431.1, NP_001396828.1, NP_001348430.1, NP_062340.1, NP_001396831.1
OG0001091	XP_006105870.1	NP_660126.1
OG0001092	XP_023599291.1	NP_001366368.1, NP_001396931.1, NP_001396930.1, NP_001396929.1, NP_955006.1, NP_001396927.1, NP_001366371.1, NP_001396933.1, NP_001366372.1, NP_001366370.1, NP_001396928.1, NP_001366369.1, NP_001396925.1, NP_001396926.1, XP_006498026.1, NP_001396934.1, NP_001396932.1
OG0001093	XP_023613802.1	NP_082368.1, NP_082327.2, XP_006514235.1, NP_001129709.1
OG0001094	XP_006107674.1, XP_006092816.3	XP_006513874.1, NP_796362.1
OG0001096	XP_006098418.1	NP_001276462.1, NP_001399527.1, NP_034342.1
OG0001097	XP_014316469.1, XP_014316468.1	NP_001363960.1, NP_001363958.1, NP_001363963.1, NP_001363962.1, NP_001363961.1, NP_001033007.2, NP_001363959.1
OG0001098	XP_006108236.1, XP_006099413.1, XP_023604579.1, XP_006108237.1, XP_014320360.1, XP_023618819.1, XP_023618818.1, XP_014305708.2, XP_014320361.1, XP_023618821.1, XP_006108235.2, XP_006099414.1, XP_006099415.1	NP_035146.1, XP_036019714.1, XP_006537729.1, NP_001366449.1, NP_032794.1
OG0001099	XP_014313378.1	NP_001313530.1, XP_011237352.1, NP_033447.2
OG0001100	XP_006104675.1, XP_006104674.1, XP_014302417.1, XP_006104676.1	NP_115849.2
OG0001101	XP_006103683.1	NP_001276419.1
OG0001102	XP_006103952.1	NP_766453.2
OG0001103	XP_014316102.1, XP_014316099.1, XP_006094439.1	NP_032202.1, NP_976065.1, NP_033166.1
OG0001104	XP_023609581.1	NP_001404893.1, XP_036020611.1, NP_862898.1
OG0001104	XP_023601763.1	NP_001153825.1
OG0001105	XP_023609596.1, XP_023609595.1	XP_006506676.1, NP_001276642.1
OG0001106	XP_006110134.2	NP_001349138.1, NP_666070.2, NP_001349141.1, NP_001349140.1, NP_001349139.1, NP_001349142.1
OG0001107	XP_006097086.3	NP_083313.1
OG0001108	XP_006086276.1	NP_001344152.1, NP_080145.1
OG0001109	XP_023619223.1	NP_082177.2
OG0001111	XP_006091891.1	NP_766030.3
OG0001111	XP_014303533.1	NP_001404401.1, XP_011246483.1, NP_001404403.1, NP_032078.2, NP_001404402.1
OG0001112	XP_023612287.1, XP_014314009.1, XP_023612294.1, XP_006091967.1	NP_058610.1, XP_036018284.1
OG0001113	XP_006108730.2, XP_023601420.1	NP_031626.1, XP_036017307.1, NP_001103974.1
OG0001114	XP_006109552.3	NP_075531.2
OG0001115	XP_023606217.1, XP_023613271.1, XP_023606219.1, XP_023606215.1	NP_001276664.1, NP_570958.1
OG0001116	XP_014321222.1	NP_080626.1
OG0001117	XP_023601110.1	NP_001103776.1, NP_057888.1, NP_001103777.1, NP_001103775.1
OG0001119	XP_006092840.1, XP_023613052.1, XP_023613053.1	XP_006510600.1, NP_075642.1
OG0001120	XP_023614667.1	NP_001399395.1
OG0001121	XP_023604460.1	NP_075722.1, XP_006519455.1, NP_001157692.1
OG0001122	XP_023604337.1	NP_001347539.1
OG0001123	XP_006100670.1	XP_006512062.1, NP_001158044.1, NP_001344704.1, NP_598502.2, NP_001344705.1, NP_001344703.1
OG0001124	XP_023605318.1	XP_017168895.1
OG0001125	XP_006088701.1, XP_006088702.1	NP_780295.2, NP_796296.1, XP_006516597.1
OG0001126	XP_023611937.1	XP_006499441.1
OG0001127	XP_006085522.1	XP_006504891.1, NP_705800.1
OG0001128	XP_006082700.1	NP_001347816.1, NP_766562.1
OG0001129	XP_006082744.1	NP_001407763.1, NP_001407762.1, NP_598577.1, NP_001407764.1
OG0001130	XP_006090013.1	NP_001333632.1
OG0001131	XP_006086352.1	NP_001397456.1, NP_001397453.1, NP_032888.1, NP_001397455.1, NP_001397444.1, NP_001397445.1, NP_001397454.1, NP_001397449.1, XP_036018835.1
OG0001132	XP_014318759.1, XP_006097568.1, XP_006097567.1	NP_001074783.1, XP_006511596.1, NP_001156615.1
OG0001133	XP_023608869.1, XP_014310500.1	NP_001155007.1, XP_006511292.1, NP_001155013.1, NP_001155010.1, NP_001155008.1, NP_001155011.1, NP_001155012.1, NP_001155009.1, NP_796167.2
OG0001134	XP_006103581.1	NP_001297593.1, XP_006534769.1
OG0001135	XP_006083220.1, XP_006083221.1, XP_014301020.1	XP_006500320.1, NP_082797.1
OG0001136	XP_023600598.1	NP_001191094.1
OG0001137	XP_023600369.1	NP_065604.2
OG0001139	XP_006087713.1	XP_036017663.1, NP_613073.2
OG0001144	XP_023601084.1, XP_023611510.1	NP_001158196.1
OG0001145	XP_014317516.2	NP_033029.2
OG0001147	XP_006108362.1, XP_006108800.3, XP_006108360.2, XP_006108361.1	NP_034051.2
OG0001148	XP_006096374.1, XP_014317732.1, XP_023615967.1	NP_001343939.1, NP_081847.3, XP_036019203.1, NP_001343937.1, NP_001343936.1
OG0001149	XP_006084531.1, XP_006084530.1	XP_006512781.1, NP_035834.2
OG0001150	XP_006108241.1, XP_014302247.1, XP_006105213.1, XP_014304614.1, XP_023601460.1, XP_023601461.1, XP_006107083.1, XP_023601463.1, XP_006109146.1, XP_006104491.1, XP_006108432.1, XP_006107739.1, XP_014302246.2	NP_034508.2
OG0001151	XP_006084303.1, XP_014307240.1, XP_014307178.1, XP_014307252.1, XP_023605578.1	NP_851793.1, NP_996906.1
OG0001152	XP_006098184.1	NP_031696.1
OG0001152	XP_006098191.2	NP_001035744.1
OG0001153	XP_006097965.1, XP_023605482.1	NP_001396884.1, NP_032214.1, NP_001396883.1, NP_001342195.1, XP_036021758.1
OG0001154	XP_006092123.1	NP_666963.2
OG0001154	XP_006092118.1, XP_006108448.1	NP_667221.2
OG0001159	XP_023605948.1, XP_014307327.1, XP_023605947.1, XP_014307330.1, XP_006084458.1, XP_023605949.1, XP_014307326.1	NP_033564.2, NP_001351572.1, NP_001351573.1, NP_001351574.1
OG0001160	XP_006084453.1, XP_023605939.1, XP_014307318.1, XP_023605937.1, XP_023605938.1	NP_001161769.1, XP_006512922.1, NP_082244.2
OG0001161	XP_006102192.1	XP_030103327.1
OG0001162	XP_014302265.1	NP_059069.1, XP_006516940.1
OG0001164	XP_006106481.2	NP_783599.1
OG0001165	XP_014318128.1, XP_023616344.1, XP_006096795.1	NP_573473.1
OG0001166	XP_023615632.1, XP_014317455.1, XP_023615633.1, XP_014317457.1	NP_034014.1
OG0001167	XP_014321169.2	NP_001095908.1, NP_001095907.1, NP_001342566.1, NP_001342567.1, NP_001393363.1, NP_001342568.1, NP_001393368.1, NP_001393367.1, NP_083069.1, NP_001393362.1, NP_001095906.1, NP_001393369.1, NP_001393370.1, NP_001342570.1, NP_001393364.1, NP_001393366.1, NP_001393365.1, NP_001342571.1, XP_036018526.1, NP_001393371.1
OG0001169	XP_006103792.1	NP_001157177.1, NP_056612.1, NP_001157176.1, NP_001157179.1, NP_001157178.1
OG0001170	XP_006109401.1	NP_109646.2, NP_001343947.1, NP_001412726.1, NP_001343948.1, NP_001343949.1, XP_006504259.1
OG0001173	XP_006109154.1	NP_001300913.1, NP_035794.1
OG0001174	XP_006103913.1, XP_023600835.1	NP_001009927.1
OG0001175	XP_006091284.1	XP_030099497.1, NP_853527.2
OG0001176	XP_023611828.1, XP_006091268.1, XP_006091267.1	XP_006530979.1, NP_666327.2
OG0001178	XP_006093137.1	NP_033248.1, NP_001171264.1, NP_001399560.1, NP_001399558.1, NP_001399556.1, NP_001399555.1, NP_001399557.1, NP_001399559.1, NP_001171263.1, XP_006499117.1
OG0001179	XP_023604965.1	XP_006533316.1, NP_766388.2
OG0001179	XP_023604448.1, XP_014305306.1	NP_808547.3, XP_006504775.1
OG0001180	XP_014304784.1	NP_084534.2, NP_001033792.1, XP_030110776.1, NP_001349135.1
OG0001181	XP_006092644.1	NP_034436.1
OG0001181	XP_014311335.2	NP_034435.1
OG0001182	XP_023607555.1	NP_001240699.1, NP_001398044.1, NP_001398039.1, NP_001240697.1, NP_001398043.1, NP_001240698.1, NP_001398045.1, NP_001398047.1, NP_001398046.1, NP_001398049.1, NP_001398048.1, NP_001398050.1, NP_001398034.1, NP_001398037.1, NP_001398038.1, NP_001398033.1, NP_001342590.1, NP_001398036.1, NP_620083.1
OG0001183	XP_006082223.1, XP_006082224.1, XP_023619895.1	NP_079801.2, NP_705723.1
OG0001184	XP_006109530.2, XP_006094941.2	XP_006497285.1, NP_001355694.1
OG0001184	XP_023604887.1, XP_023614691.1	NP_001341989.1, NP_038527.2
OG0001185	XP_014312299.1, XP_014312296.1, XP_014312297.1, XP_006089920.1	XP_036018760.1, NP_001347774.1, NP_001347776.1, NP_001407870.1, NP_001347773.2, NP_001407869.1, NP_035407.1
OG0001186	XP_014318989.1, XP_006097829.1, XP_014318990.1	NP_001342061.1, NP_081555.2
OG0001187	XP_023615492.1, XP_023615493.1, XP_006081717.1	NP_080744.1
OG0001188	XP_006102307.1, XP_006102308.1, XP_023599446.1	NP_001346992.1, NP_083056.2, XP_030103911.1
OG0001189	XP_014313952.1	NP_001278411.1, NP_001407341.1, XP_011237637.1, NP_001278410.1, NP_001012335.1, NP_001012336.1, NP_034914.1, NP_001278412.1
OG0001190	XP_006092303.1	NP_081664.2, NP_001071104.1, NP_001350041.1
OG0001191	XP_006108791.2	XP_006497851.1, NP_619606.1
OG0001193	XP_023619525.1	XP_030101662.1
OG0001194	XP_006109422.3, XP_023608995.1	NP_001288341.1, NP_032043.3, XP_036019572.1
OG0001195	XP_023600955.1	NP_001392452.1, NP_001392453.1, NP_001392454.1, NP_001392451.1, NP_001010833.2, NP_001392450.1, NP_001392456.1, NP_001392458.1, NP_001392457.1, NP_001392455.1
OG0001196	XP_014301602.1, XP_006104721.3	NP_001390799.1, NP_001273504.1, NP_001390798.1, NP_001390796.1, NP_665829.1, XP_030105308.1, NP_671493.1, NP_001273502.1
OG0001197	XP_006101307.1	NP_034350.1
OG0001198	XP_023610960.1	NP_081724.1, XP_006511597.1, NP_083710.2
OG0001199	XP_023610966.1	NP_035757.2, XP_017168769.1, NP_001158264.1
OG0001200	XP_014319158.1, XP_023617535.1, XP_014319160.1, XP_023617534.1, XP_006098076.2, XP_014319159.1, XP_014319157.1	XP_006512896.1, NP_080687.1
OG0001201	XP_006101760.1	NP_059500.2
OG0001201	XP_006082961.1	XP_011245947.2
OG0001202	XP_006096846.1	NP_663546.1
OG0001202	XP_023614426.1	NP_081011.1
OG0001203	XP_006084994.1, XP_023606445.1	NP_001096626.1
OG0001204	XP_014311379.1	NP_001120820.1, NP_001348508.1, NP_001348510.1, NP_001348509.1, NP_001348511.1, NP_001120821.1, NP_001348507.1, NP_001348505.1, XP_030111460.1, NP_001348506.1, NP_082311.3
OG0001205	XP_023606773.1	NP_001346877.1, NP_766508.3
OG0001206	XP_023614267.1, XP_023614266.1, XP_006094209.1, XP_006094208.1, XP_006094207.1, XP_006094206.1	NP_001413062.1, NP_620046.1, NP_001156738.1, NP_001413061.1
OG0001207	XP_023608585.1	XP_006502878.1, NP_034787.2
OG0001208	XP_006107811.1, XP_006107809.1, XP_006107810.1, XP_014305250.1	NP_001240623.1
OG0001209	XP_006084120.1	XP_011241681.1, NP_035044.1
OG0001210	XP_006081807.1, XP_023610587.1, XP_023610593.1, XP_023610591.1, XP_023610589.1, XP_014311049.1, XP_023610598.1	NP_001350400.1, NP_001350401.1, NP_001350399.1, XP_006530626.1, NP_598584.2
OG0001211	XP_006081830.1	NP_001344389.1
OG0001211	XP_006083686.2	NP_064362.1
OG0001212	XP_023611185.1	XP_006502047.1, NP_573450.2
OG0001213	XP_014305647.1	XP_006509804.1
OG0001214	XP_023612955.1	NP_001289092.1
OG0001215	XP_006096074.1	NP_001365858.1, NP_036168.1
OG0001215	XP_014320144.1	NP_778163.1
OG0001216	XP_014309060.1	NP_660117.2, NP_001165571.1, NP_001165572.1
OG0001218	XP_023604160.1	XP_006512376.1, NP_683742.2
OG0001219	XP_023606416.1	NP_001192290.1
OG0001219	XP_014322901.1	NP_001413562.1, NP_001019675.2, NP_001036114.1, NP_001036115.1, NP_001036116.1
OG0001220	XP_023605353.1	NP_001116323.1, XP_036010823.1
OG0001221	XP_006083993.1, XP_006083994.1, XP_006083992.1	NP_082309.1, NP_001128132.1, NP_001128133.1
OG0001222	XP_014312024.1	XP_006500191.1, NP_081244.2
OG0001223	XP_023612034.1	XP_011237710.1, NP_001171319.1, NP_001012743.2, XP_006499938.1
OG0001223	XP_006091505.1	NP_083601.1
OG0001224	XP_023617497.1	NP_001297015.1
OG0001225	XP_023617517.1	NP_001074603.1, NP_001366387.1
OG0001226	XP_023620063.1	NP_001128623.1, NP_001128624.1, NP_659057.2, XP_006518849.1
OG0001227	XP_006095753.1, XP_006095754.1	NP_032502.3, NP_034799.2
OG0001228	XP_006095801.1, XP_023606293.1	NP_001164382.1, NP_079661.1
OG0001229	XP_023605735.1, XP_006084214.1	XP_006506403.1, NP_001156741.2, NP_001156740.2
OG0001230	XP_023605737.1	NP_001157561.1
OG0001231	XP_014309537.1	NP_001334445.1
OG0001232	XP_014313625.2	XP_017172193.2, NP_001011733.2, NP_001011780.1, XP_030104546.1, NP_001011779.1
OG0001233	XP_014317200.2	XP_006520545.1, NP_038594.2
OG0001234	XP_006097613.1	NP_001389939.1, NP_001389938.1, NP_001271248.1, NP_001389937.1, NP_001389936.1, NP_001389932.1, NP_062718.2, NP_001029160.1, NP_001389927.1
OG0001235	XP_023607365.1	NP_001156406.3, XP_006499896.1
OG0001236	XP_006086011.1	NP_081694.1, NP_056621.4, XP_011241069.1
OG0001237	XP_023607397.1, XP_014308911.1, XP_023607398.1, XP_014308913.1, XP_014308914.1	NP_001295354.1
OG0001238	XP_014302437.1	NP_082363.2, XP_006511526.1
OG0001239	XP_023604146.1	NP_079648.1, NP_001311486.1, NP_001311485.1, XP_006511403.1, NP_001311487.1
OG0001240	XP_023608943.1	XP_017168751.1, NP_001155951.1, NP_033317.2, NP_001155948.1, NP_001155947.1
OG0001241	XP_006104331.1	NP_001412024.1, NP_001412023.1, NP_034386.2, NP_001344280.1
OG0001242	XP_014322188.1, XP_014322190.1, XP_006101432.1, XP_014322189.1	XP_011238510.1, NP_080854.1
OG0001243	XP_006084653.1	NP_444492.1
OG0001246	XP_014305112.1	NP_065592.1, XP_006516786.1
OG0001247	XP_023600371.1	NP_001070657.1, XP_006496722.1, NP_001391947.1
OG0001248	XP_023619413.1	NP_001171253.1, NP_001171252.1, NP_001345676.1, NP_001028423.1, XP_017173946.1
OG0001249	XP_006082317.1	NP_001345296.1
OG0001249	XP_006104243.1	XP_017173902.1
OG0001250	XP_023609494.1	NP_001404749.1, NP_001404752.1, NP_001404748.1, NP_001404751.1, NP_079595.1
OG0001251	XP_006082178.1	XP_006541560.1, NP_848897.3
OG0001253	XP_023612142.1	NP_031566.4, NP_001041604.1
OG0001254	XP_023616154.1	NP_570959.1, XP_011248391.1
OG0001254	XP_006107421.1	NP_001398080.1
OG0001255	XP_006081419.1	NP_001347465.1
OG0001256	XP_006102599.1	NP_031623.1, NP_001103970.1, NP_001103969.1
OG0001257	XP_023618990.1	XP_036015657.1, NP_031770.2, NP_001104532.1, NP_001104533.1
OG0001258	XP_023610977.1, XP_023610971.1	NP_036035.3, XP_006501523.1
OG0001260	XP_023611936.1	NP_001239508.1, NP_001239507.1
OG0001261	XP_006091678.1	NP_001231127.1
OG0001263	XP_014320988.1, XP_023619487.1, XP_006100174.1, XP_014320987.1	XP_006518532.1, NP_033888.2
OG0001265	XP_023602728.1	NP_080239.1
OG0001266	XP_014309019.1, XP_014309018.1, XP_006086152.1	NP_001344605.1, NP_001344601.1, NP_001344602.1, NP_001344604.1, NP_001344603.1, NP_034098.1
OG0001267	XP_006101376.1	NP_001292362.1
OG0001267	XP_006101359.1	NP_666762.1
OG0001268	XP_006094659.1	NP_667299.1, NP_667264.1, NP_667265.1
OG0001269	XP_006094655.1	NP_667323.1, NP_667284.1
OG0001270	XP_023602127.1	XP_017177639.1, NP_001003393.1
OG0001271	XP_023615176.1	NP_084037.3
OG0001271	XP_006090829.1	NP_001034262.1
OG0001272	XP_006097994.1	NP_062606.1
OG0001272	XP_006106968.1	NP_080174.1, XP_030097834.1
OG0001273	XP_023599363.1, XP_006102226.1	NP_666295.2, NP_780351.1, NP_001277390.1, XP_006539902.1
OG0001274	XP_023616302.1	XP_017167785.1, NP_081746.1
OG0001275	XP_006096035.1, XP_023609432.1, XP_014316360.1	NP_001347583.1
OG0001276	XP_006108891.1, XP_006109102.1, XP_006109150.2	NP_034320.1, XP_006497739.1
OG0001277	XP_006086480.1, XP_006086478.1, XP_006086476.1, XP_006086477.1	NP_034327.1, XP_006525704.1
OG0001278	XP_023607761.1	NP_001357968.1, NP_080411.1, NP_001357969.1, NP_001357970.1
OG0001279	XP_006081322.1, XP_014306377.1, XP_006081324.1, XP_006081323.1	NP_663428.2, XP_006517424.1
OG0001280	XP_006108110.2, XP_014302487.2	NP_001369440.1
OG0001282	XP_006101040.2, XP_023603858.1, XP_023603742.1, XP_023603574.1, XP_023603744.1, XP_014306413.1, XP_006101051.1, XP_006107426.1, XP_023620292.1, XP_023603575.1, XP_023620300.1, XP_023620297.1, XP_023604900.1, XP_023603857.1, XP_023604647.1, XP_014304723.1	NP_033186.1
OG0001283	XP_023620290.1	NP_081993.1, NP_001405481.1, NP_001347538.1, XP_006519622.1, NP_001405480.1, NP_001347537.1, NP_001405482.1
OG0001284	XP_006097733.1	NP_081600.1, XP_006516912.2
OG0001285	XP_014316909.1, XP_006095444.1, XP_023615150.1, XP_014316911.1	NP_001295435.1
OG0001286	XP_023608505.1	NP_001273108.1
OG0001286	XP_006100355.1	XP_006501056.1
OG0001287	XP_006103463.2	NP_766357.1, XP_006510316.1
OG0001288	XP_006102802.1, XP_023599852.1	NP_808233.1
OG0001291	XP_014305403.1	NP_082789.1
OG0001291	XP_014316118.1	NP_082790.1
OG0001292	XP_006091247.1, XP_006091249.1, XP_006091250.1, XP_006091248.1	XP_011246741.1, NP_001355280.1, NP_001355281.1, NP_001074399.1, NP_001355279.1
OG0001293	XP_014301379.1	NP_796200.1, NP_001349126.1, NP_001349125.1, NP_001391331.1, NP_001391329.1, NP_001391332.1, NP_001391334.1, NP_001391333.1, XP_006508015.1
OG0001295	XP_006106392.1, XP_023602945.1, XP_006106394.1, XP_014303820.1	NP_082596.2, NP_001292998.1
OG0001296	XP_023614765.1	NP_081252.1
OG0001297	XP_006090058.1	NP_001177256.1
OG0001298	XP_014320966.1	XP_006519681.1, NP_083166.1
OG0001299	XP_014306689.1	NP_001393662.1, NP_001393660.1, NP_001393661.1, XP_011237366.1, NP_001277348.1, NP_758842.1
OG0001300	XP_023609505.1	NP_001398128.1, NP_001398125.1, NP_001355088.1, NP_001398126.1, NP_001398124.1, NP_001398130.1, NP_001398127.1, NP_001005420.1, NP_001398123.1, NP_001398129.1
OG0001301	XP_023600223.1	NP_765992.2, NP_001343403.1, NP_001343404.1, XP_006498378.1
OG0001302	XP_014305349.1, XP_023604280.1	NP_852077.1, XP_006520903.1
OG0001304	XP_006081136.1	NP_084185.1, XP_006526414.1
OG0001305	XP_006086585.1	NP_109674.2, XP_006526428.1, NP_001347743.1
OG0001306	XP_006101884.3	NP_808281.1
OG0001306	XP_014319848.2	NP_080551.1
OG0001308	XP_006105512.1, XP_023602285.1, XP_014303096.1	NP_001342633.1, NP_031855.3, NP_001186662.1, XP_006523644.1
OG0001309	XP_023604507.1	NP_035679.3, NP_001155195.1, NP_001155194.1, XP_006524067.1
OG0001310	XP_023603975.1	NP_940813.1
OG0001311	XP_023619896.1	NP_001344059.1, NP_083367.1, XP_011244991.1
OG0001312	XP_006109772.2	NP_112467.2
OG0001312	XP_006082889.1	NP_032854.2
OG0001313	XP_014313062.1	NP_001153201.1, NP_033025.2
OG0001315	XP_006088860.1, XP_023609616.1	XP_011239722.1, NP_780307.1
OG0001316	XP_006098224.1	NP_084144.2, NP_001355106.1, XP_006503548.1
OG0001317	XP_006096113.1	NP_084128.2
OG0001318	XP_006081812.1	XP_030099715.1
OG0001318	XP_006081813.1	NP_001177933.1
OG0001319	XP_023620322.1, XP_023620321.1, XP_023620330.1, XP_023620329.1, XP_023620331.1, XP_023620306.1	NP_112537.2, NP_778200.1
OG0001320	XP_023602882.1, XP_014321890.1, XP_014321862.1, XP_023602885.1, XP_014317640.1, XP_023603564.1	NP_666279.1, NP_777620.1
OG0001321	XP_006092728.1	NP_001346042.1, NP_001028320.1
OG0001322	XP_006096076.1	XP_006515102.1, NP_796305.3
OG0001323	XP_023600046.1	NP_001398524.1, NP_001398522.1, NP_663545.2, NP_001398523.1, NP_001398521.1
OG0001324	XP_014316774.1	NP_084065.1, XP_006502323.1, NP_001307421.1
OG0001325	XP_023615048.1	NP_084350.1, XP_006502370.1, NP_001344792.1
OG0001326	XP_006085424.1, XP_023606836.1, XP_006085425.1	NP_077232.2
OG0001327	XP_023606844.1	NP_001157562.1, NP_031556.1
OG0001328	XP_006098125.1	NP_001403854.1, NP_001403853.1, NP_031678.1, NP_001403852.1, NP_001104530.1, NP_001355144.1, NP_862906.1, XP_017174551.1
OG0001329	XP_014319099.1, XP_023617456.1, XP_023617457.1	NP_001129527.1, NP_001258390.1, NP_001258359.1, NP_031682.1, NP_001258391.1, NP_001258360.1, NP_001258361.1
OG0001330	XP_023605002.1	XP_006508716.2, NP_083077.2
OG0001332	XP_006101696.1	NP_001156418.1
OG0001333	XP_006101628.1, XP_006101631.1, XP_006101629.1	NP_001028620.1, NP_001348975.1, XP_006531847.1
OG0001334	XP_023605427.1	NP_001240646.1
OG0001335	XP_023605112.1	NP_001365572.1, XP_030100627.1, NP_001289932.1, NP_950201.2, XP_006512232.1, NP_001013798.2, NP_796043.1, NP_808266.1, XP_011241290.1, NP_001028966.1, NP_001008428.1, XP_017169231.1, NP_796044.2, XP_011241263.1, NP_808371.1, XP_006512244.1, NP_001014417.1, NP_056608.1, NP_001170891.1, XP_017168938.1, NP_941076.1
OG0001336	XP_006101864.1	NP_001275554.1, NP_001275555.1, XP_006513264.1, NP_031906.1
OG0001337	XP_014318412.1	XP_011241302.1
OG0001338	XP_006096491.1	NP_001349795.1, XP_006499202.1, NP_780654.1
OG0001339	XP_023616018.1, XP_014317808.1, XP_006096460.1, XP_023616019.1	NP_001364053.1, NP_001364054.1, NP_937819.3, NP_001139556.2
OG0001340	XP_023617781.1	NP_542985.4, XP_006504863.1, NP_001411683.1, NP_001411682.1
OG0001341	XP_006092167.2	NP_001243015.1
OG0001342	XP_006099096.1, XP_006099118.1, XP_023618455.1, XP_006099116.3	NP_742123.2, NP_742124.2
OG0001343	XP_014322872.1	NP_001346782.1, XP_006534894.1, NP_619587.3
OG0001344	XP_006104937.2	XP_030101477.1, NP_766027.2
OG0001345	XP_014313651.1	NP_001159930.1, NP_598847.2, NP_001159928.1, XP_006520298.1
OG0001346	XP_006091540.1, XP_006091538.1, XP_023612071.1, XP_006091537.1, XP_006091539.1, XP_006091536.1, XP_014313676.1	NP_001403000.1
OG0001347	XP_023615462.1	NP_032711.2, NP_001289270.1, NP_001289267.1, XP_006520636.1, NP_001289268.1, NP_001289272.1, NP_001289269.1, NP_001387305.1
OG0001348	XP_006101784.1	NP_033153.2, NP_077770.1, NP_033154.2
OG0001349	XP_014322598.1	NP_663478.2, NP_001123997.1, XP_006527067.1, NP_001123998.1
OG0001350	XP_006088186.1	NP_062632.2, NP_001161977.1, NP_001342171.1, XP_006527291.1, NP_001401593.1, NP_001401592.1
OG0001351	XP_006088189.1	XP_036017329.1, NP_032175.2, NP_001343214.1, NP_001397383.1
OG0001352	XP_023602313.1	NP_001360940.1
OG0001353	XP_006087932.1, XP_006087935.1, XP_023608874.1	XP_036010982.1
OG0001354	XP_006096661.1, XP_006096660.1, XP_023616217.1, XP_014317991.1, XP_023616218.1	NP_082203.1
OG0001355	XP_023606260.1	NP_766410.2, XP_006522181.1
OG0001356	XP_006084810.1	XP_036016023.1, NP_780386.3, NP_001116155.1
OG0001357	XP_006091834.1, XP_023608936.1	NP_001239568.1
OG0001358	XP_023617906.1	NP_032410.2, XP_011236743.1
OG0001361	XP_006085690.1, XP_014308525.1, XP_023607092.1, XP_023607094.1	XP_006528049.1, NP_001034150.1
OG0001362	XP_006097283.1	NP_001404943.1, NP_001404944.1, NP_033086.1, NP_001404946.1, NP_001404945.1
OG0001363	XP_006097254.1	NP_001413215.1, NP_758960.1, XP_030107250.1, NP_001277723.1, NP_001413208.1, NP_001413213.1, NP_001413204.1, NP_001413203.1, NP_001413207.1, NP_001277721.1, NP_001413206.1, NP_001413202.1, NP_001413205.1, NP_001413200.1, NP_001413199.1, NP_001277724.1, NP_001413212.1
OG0001364	XP_006082382.1	NP_113565.2, XP_017174134.1
OG0001365	XP_023608788.1, XP_023608787.1, XP_023608789.1, XP_023608790.1	NP_001300627.1, NP_001413068.1, XP_006528111.1, NP_036190.2, NP_001413069.1
OG0001366	XP_023615804.1	NP_109625.1, XP_006529061.1, NP_001345495.1, NP_001345497.1, NP_001345496.1, NP_001186175.1
OG0001372	XP_006090629.1	NP_766366.2
OG0001372	XP_006090628.1	NP_776101.3
OG0001373	XP_014323307.1	NP_114074.1
OG0001373	XP_006099383.1	NP_001411466.1, NP_001357876.1
OG0001374	XP_023613208.1	NP_001396366.1, NP_001396371.1, XP_036021654.1, NP_038499.2, NP_001396368.1, NP_001396367.1, NP_001318049.1, NP_001396373.1
OG0001375	XP_006108314.1	NP_035473.2
OG0001376	XP_023601782.1	NP_001258285.1, NP_001258286.1, NP_666130.1, XP_011247207.1
OG0001378	XP_006098846.1, XP_014310557.1	NP_001158143.1, NP_032324.1, NP_001158144.1
OG0001380	XP_006099810.1, XP_006093180.1	NP_035159.3
OG0001381	XP_006102593.1, XP_006085843.1, XP_006094996.1	NP_035638.1
OG0001381	XP_006099806.1	NP_081168.1
OG0001382	XP_006086871.1	NP_036051.1, NP_001348433.1, NP_001348432.1, NP_001348435.1, NP_038495.2, NP_001348434.1
OG0001383	XP_014316975.1, XP_006095544.1, XP_006105225.1	NP_059068.1, NP_038618.1
OG0001385	XP_023615055.1	NP_033126.2
OG0001385	XP_023614987.1, XP_014316682.1	NP_035439.1
OG0001388	XP_006094653.1, XP_006094583.1	NP_667313.2
OG0001389	XP_006101361.1	NP_667144.1
OG0001390	XP_006106911.1	NP_085030.2
OG0001391	XP_006105694.1	XP_017173989.1, NP_666873.1
OG0001392	XP_006094686.1	NP_038647.2
OG0001392	XP_006094678.1, XP_006094677.1	NP_667258.2, NP_667052.1, NP_667287.2
OG0001394	XP_006106678.2, XP_014304065.1	NP_001011851.1
OG0001395	XP_006087123.1	NP_569724.2
OG0001396	XP_014305483.1	XP_017177814.1
OG0001396	XP_023617589.1	NP_001263692.1, NP_001009929.1
OG0001397	XP_014318072.1	NP_001230837.1, XP_006540454.1
OG0001399	XP_014307410.1, XP_023619652.1	NP_001070658.1
OG0001400	XP_006086483.1, XP_023607794.1, XP_023607795.1	XP_036017041.1, NP_036028.2
OG0001401	XP_006097525.3	NP_848864.1
OG0001401	XP_023604775.1	NP_071861.1
OG0001402	XP_006102027.1	NP_666268.1, NP_001157266.1
OG0001403	XP_023599190.1, XP_006102033.1, XP_023599191.1	NP_082271.1, NP_001272778.1, NP_001272775.1, XP_036020344.1, NP_001272776.1, NP_001272774.1
OG0001404	XP_023605079.1	NP_775623.3
OG0001404	XP_023614093.1	XP_006538597.1, NP_001277682.1
OG0001406	XP_006081383.1, XP_023606471.1	NP_001363928.1, NP_001159537.1, XP_006517659.1
OG0001407	XP_014305308.1	NP_032772.3
OG0001408	XP_014305389.1, XP_014305390.1, XP_006107941.1, XP_006107940.1, XP_014305391.1	NP_001171221.1, XP_036009543.1, NP_080273.1
OG0001410	XP_023617801.1, XP_023604376.1, XP_023617805.1	NP_766355.3, NP_001139429.1, XP_006510368.1, NP_001346880.1, NP_848852.1, NP_001186485.1
OG0001411	XP_006102796.1	NP_001278077.1, NP_291040.1
OG0001411	XP_006099559.1	NP_077760.1
OG0001412	XP_014309822.1, XP_023608355.1, XP_014309823.1, XP_014309821.1, XP_023608354.1, XP_006087110.1	NP_081120.2, XP_006531345.1
OG0001413	XP_023618870.1	XP_006531198.1
OG0001414	XP_006081571.1	XP_006504675.1, NP_001241691.1, NP_084313.1
OG0001415	XP_006099931.1	XP_006533389.1, NP_631974.1
OG0001415	XP_006103708.1	NP_659065.1
OG0001416	XP_006092654.1	NP_001177090.1, NP_064360.1
OG0001417	XP_023609204.1, XP_006088261.1, XP_006088262.1	NP_001343887.1, NP_001343884.1, NP_001343883.1, NP_079726.1, XP_030110612.1, NP_001343885.1, NP_001343888.1, NP_001343886.1
OG0001419	XP_014305135.1	NP_742145.1, XP_036012476.1
OG0001421	XP_023602650.1, XP_023602649.1	NP_001390988.1, NP_001390987.1, NP_766337.2, NP_001390990.1, NP_001390991.1, NP_001390989.1
OG0001422	XP_023604482.1, XP_014305566.1, XP_014306359.2, XP_006105003.1	NP_001350912.1, NP_001008700.1
OG0001423	XP_023607247.1	NP_032881.1
OG0001423	XP_023612728.1	XP_036012317.1, NP_035231.2
OG0001424	XP_006099293.1	NP_001413664.1, NP_001413662.1, NP_001413665.1, NP_001413659.1, NP_001276454.1, NP_001276453.1, NP_001413660.1, NP_001413657.1, NP_001413661.1, NP_001413666.1, NP_001413663.1, NP_001346692.1, NP_001413655.1, NP_001413656.1, NP_001413653.1, NP_077156.2, NP_001413654.1
OG0001425	XP_023614780.1	NP_001407586.1, NP_033607.2, NP_001406911.1, XP_011246208.1
OG0001426	XP_023600203.1	NP_081575.2
OG0001426	XP_006107406.1	NP_031879.1
OG0001427	XP_006097845.2	NP_808331.1, XP_036018941.1
OG0001428	XP_006103470.1	NP_082138.1, NP_001404862.1, NP_001404863.1, NP_001404861.1
OG0001429	XP_023606563.1	NP_766220.2
OG0001430	XP_006090811.1, XP_006105284.1	NP_001156405.1
OG0001431	XP_023602905.1	NP_775539.1, NP_829887.1
OG0001432	XP_014303424.1, XP_014303423.1, XP_006105914.1, XP_006108076.1, XP_014304856.2, XP_014304891.1, XP_023603135.1, XP_014304857.1, XP_014304890.1, XP_014305212.1, XP_006097437.1, XP_014318632.1, XP_023604135.1, XP_023601821.1, XP_006097429.1, XP_006107712.1, XP_006107393.1, XP_006097439.1	XP_006515832.1
OG0001434	XP_006106156.1	XP_030102266.1, NP_543122.1, NP_001344509.1
OG0001435	XP_006092334.1	NP_001390783.1, NP_001390781.1, XP_006533108.1, NP_001390784.1
OG0001436	XP_023615362.1	NP_001382352.1
OG0001436	XP_023603686.1	NP_780426.1
OG0001437	XP_006095657.1, XP_023615348.1	NP_001036006.1, NP_033778.2, XP_030101341.1
OG0001439	XP_023616439.1, XP_006096919.1, XP_006091125.1	XP_036020520.1, NP_079707.1, NP_001404758.1, XP_036018053.1
OG0001440	XP_006092785.1	NP_031797.1
OG0001441	XP_006093055.1, XP_014314884.1, XP_014314885.1, XP_023613221.1	NP_001317578.1, NP_065583.2
OG0001442	XP_006100638.1	NP_001272942.1, NP_001401370.1, NP_001272957.1, NP_001401372.1, NP_001401373.1, NP_001401371.1
OG0001443	XP_023618078.1	NP_081008.1, XP_006524906.1
OG0001444	XP_023604065.1	NP_203535.1, NP_001345862.1
OG0001445	XP_014321085.1	NP_001343381.1
OG0001446	XP_006085381.1	NP_038788.2
OG0001447	XP_023614304.1	NP_001289010.1
OG0001448	XP_006094322.2	NP_081312.2
OG0001450	XP_023616569.1	NP_001344222.2
OG0001451	XP_023615054.1	XP_017175001.1, NP_033291.1, NP_033290.1
OG0001451	XP_023615067.1	NP_035608.1, NP_001191356.1
OG0001452	XP_006099864.1	NP_001357818.1, XP_006504134.1, NP_077780.3, NP_001128164.1
OG0001453	XP_023604031.1	XP_036009219.1
OG0001454	XP_006101645.1	XP_030106933.1, NP_081512.1
OG0001455	XP_023604971.1	NP_001298079.1
OG0001456	XP_014301935.1, XP_006104123.1, XP_014312553.1	XP_006510082.1, NP_034463.2
OG0001457	XP_006101151.2	XP_006524220.1
OG0001457	XP_023620378.1, XP_014315113.1	NP_001361548.1
OG0001459	XP_006083624.2	NP_032741.2, XP_006518743.1
OG0001459	XP_014313633.1	NP_001390528.1
OG0001460	XP_023607462.1	NP_001365697.1, NP_001365698.1
OG0001461	XP_006102366.1, XP_023604963.1	NP_001158034.1, XP_006512105.1, NP_848792.2
OG0001462	XP_006106725.1	NP_808520.2, NP_001278362.1, XP_006500671.1, NP_780760.2
OG0001463	XP_006082704.1	XP_006529145.1, NP_031459.3, NP_031458.2, NP_001074551.1
OG0001464	XP_023605162.1, XP_006109333.1, XP_023614896.1	XP_011246417.1, XP_006496584.1, NP_001075215.1, NP_001365592.1, NP_291094.2, XP_001477761.1, XP_017174378.1, NP_001365593.1, XP_011237029.1
OG0001466	XP_006105049.1	NP_780301.1
OG0001467	XP_023605070.1, XP_023618734.1	NP_001343319.1
OG0001468	XP_023615427.1	NP_001264186.1, NP_001264188.1, NP_033742.2, NP_001264187.1, NP_001264184.1
OG0001469	XP_006095873.1	XP_006521554.1, NP_083073.1
OG0001470	XP_006084936.1, XP_006095447.1	NP_001273901.1, NP_001021382.1
OG0001471	XP_023617084.1, XP_014318790.1	NP_080333.1, XP_030111415.1, NP_001289369.1, NP_001289368.1
OG0001472	XP_014312438.1	XP_017173780.1
OG0001473	XP_006109856.3	XP_006534878.1, NP_032887.3
OG0001473	XP_023620915.1	XP_006527206.1, NP_852087.2
OG0001474	XP_006088207.1	XP_006527280.1
OG0001475	XP_006093071.1	NP_001411691.1, NP_001411690.1, NP_001139326.1, XP_011237721.1, NP_001028426.2
OG0001476	XP_023608946.1, XP_006090127.1	NP_848461.1, XP_011241086.1
OG0001479	XP_023603559.1	NP_035804.2, XP_006501373.1
OG0001480	XP_006084718.1	NP_083100.1, NP_001157022.1, XP_006535321.1
OG0001481	XP_006092907.1	NP_001405884.1, NP_109669.1
OG0001482	XP_006102729.1	NP_001273888.1, NP_001157682.1, NP_598436.1
OG0001483	XP_006097944.1, XP_006108050.1	NP_075651.1, NP_001342351.1
OG0001484	XP_006083216.1	NP_001407972.1, NP_033304.1, NP_001407974.1, NP_001407973.1, NP_001103615.1, NP_001407975.1, NP_001407982.1, NP_001407981.1, NP_001407983.1, NP_001407978.1, NP_001342194.1, NP_001407979.1
OG0001485	XP_014303076.2, XP_006082433.1, XP_023615634.1	NP_001343441.1, NP_034607.3
OG0001486	XP_006082638.1	NP_001396007.1, NP_001028778.2, NP_001396006.1, NP_083093.2
OG0001487	XP_023614365.1	NP_001139279.1, XP_006529430.1
OG0001488	XP_014317570.1, XP_014317571.1	NP_001074942.1
OG0001489	XP_023612542.1	NP_001181975.1
OG0001490	XP_006082280.1	NP_001103694.1, NP_001396938.1, NP_001103692.1, NP_001103693.1, XP_006528761.1, NP_001396939.1, NP_034155.2
OG0001491	XP_023613885.1	NP_001277642.1
OG0001492	XP_006082183.1, XP_014310689.1, XP_014310691.1, XP_023609072.1	NP_082552.1, NP_001001981.2, NP_001129698.1, NP_001395996.1, NP_001395995.1
OG0001493	XP_023619457.1, XP_014320967.1, XP_014320968.1, XP_023619461.1, XP_023619460.1, XP_023619459.1, XP_006100134.1, XP_023619458.1	XP_006518908.1, NP_663437.2
OG0001494	XP_023620102.1	NP_064671.2, XP_036014468.1
OG0001497	XP_006087580.1	NP_444341.1, NP_031921.1, NP_444342.1, NP_031920.1, NP_059085.2, NP_062271.2, NP_444343.2
OG0001499	XP_014305585.1	XP_017177388.1, NP_001092800.1, NP_033726.1, XP_030099003.1, NP_065588.1, NP_001092799.1, NP_001242995.1, NP_001257471.1, NP_001257472.1, XP_030098618.1, XP_030098761.1, NP_001297562.1, NP_001268455.1, NP_001243002.1, XP_006540554.1, NP_001357807.1, NP_001357808.1
OG0001502	XP_006081898.1	NP_001345884.1, NP_035064.1, XP_006509657.1
OG0001503	XP_006086657.1	NP_062284.1
OG0001504	XP_006084079.1, XP_006084078.1	NP_001177380.1, NP_031859.1
OG0001506	XP_006094706.1, XP_006094707.1, XP_006094708.1	NP_666959.1
OG0001507	XP_014312026.1, XP_006081933.1	NP_001343917.1, NP_068696.2, NP_001343916.1
OG0001508	XP_006101461.1	NP_001318043.1
OG0001509	XP_014319782.1, XP_014319783.1	NP_062376.2, NP_919302.1, NP_443717.1, NP_443718.1, XP_011248950.1
OG0001510	XP_006084846.1	NP_001334955.1
OG0001511	XP_006081782.1	XP_006530768.1, NP_032383.1, NP_001241676.1
OG0001512	XP_006089465.1	NP_031922.1, XP_036014029.1
OG0001513	XP_006095000.1	NP_034792.1
OG0001513	XP_006094998.1	NP_032495.2
OG0001514	XP_006106769.1	NP_058030.1
OG0001515	XP_014312593.1, XP_006090298.1	NP_061299.3, XP_006519355.1
OG0001516	XP_023620431.1, XP_023620430.1, XP_023620432.1, XP_006101204.1	NP_001345478.1
OG0001518	XP_014316183.1, XP_006094692.1	NP_667331.1, NP_667329.2
OG0001521	XP_014306757.1, XP_014316237.1	NP_666437.2
OG0001521	XP_006094654.1	NP_997504.1
OG0001522	XP_006096517.1, XP_014309072.1, XP_006101831.1	NP_001103786.2, NP_001013787.1, NP_001172102.1, NP_001093656.1
OG0001523	XP_023620286.1	NP_036102.2, NP_001129562.1, NP_001390118.1
OG0001524	XP_006104506.1	XP_006525587.1, NP_722489.1
OG0001525	XP_023614205.1, XP_023614204.1, XP_006094180.1	XP_006527285.1
OG0001527	XP_006109586.3	XP_011247022.1
OG0001528	XP_023620843.1	NP_031541.1, NP_001288769.1, XP_006527816.1
OG0001529	XP_006107711.1	NP_001106170.1
OG0001530	XP_023604603.1	NP_001345775.1, XP_006539992.1, NP_775606.1
OG0001531	XP_014302636.1	XP_036013454.1
OG0001531	XP_023604266.1	XP_036009100.1, NP_001025048.2
OG0001532	XP_023602726.1, XP_006106197.1	NP_033826.2, NP_001292748.1, XP_030097875.1, NP_001292773.1, NP_001292772.1
OG0001533	XP_006096752.1	NP_056611.2
OG0001534	XP_006086583.1	XP_017173462.1, NP_001344400.1, NP_001344402.1, NP_001344399.1, NP_080696.1, NP_001344401.1
OG0001535	XP_006081238.1	NP_080773.1
OG0001536	XP_014301508.1	NP_001124540.1, NP_001124541.1, NP_849247.3
OG0001537	XP_006102791.1	NP_877583.1, NP_001116252.1, XP_011249134.1, NP_083928.1
OG0001539	XP_023608122.1	XP_030103276.1, NP_082382.1, NP_001289468.1, NP_001289467.1
OG0001540	XP_006093996.1	NP_035393.2, XP_006534905.1
OG0001542	XP_006090354.2	NP_001411390.1
OG0001543	XP_014321855.1	XP_006519324.1, NP_001303677.1, NP_666040.1
OG0001544	XP_006098658.1, XP_023618088.1	NP_001345964.1, NP_034380.1, XP_006532258.1
OG0001545	XP_006103465.1	NP_766626.1, NP_001344586.1, NP_001344585.2
OG0001546	XP_006098889.1, XP_006108621.1	XP_011240669.1, NP_081238.2, NP_001158046.1
OG0001547	XP_006086661.1	NP_001349622.1
OG0001548	XP_023619992.1	NP_001344889.1, XP_006532992.1, NP_001344894.1, NP_808286.2
OG0001549	XP_014304366.2	NP_001004143.2
OG0001549	XP_023616722.1	NP_062334.2
OG0001550	XP_023610450.1	NP_001273150.1, XP_030109639.1
OG0001551	XP_023604315.1	XP_017175793.1
OG0001552	XP_006089489.1	NP_080011.1
OG0001553	XP_023618898.1	NP_001355315.1
OG0001554	XP_014301399.1	NP_001344746.1, XP_006508261.1, NP_001272836.1, NP_081629.1, NP_001272834.1, NP_001272835.1
OG0001555	XP_006105422.1	NP_001390491.1, NP_663562.1, NP_001347740.1, XP_036008449.1
OG0001556	XP_023610566.1	XP_006497325.1, NP_058547.2
OG0001557	XP_023601972.1	XP_030099002.1
OG0001558	XP_023604471.1	NP_570960.2
OG0001558	XP_023601980.1	NP_033924.2
OG0001559	XP_006092193.1, XP_006100045.1	NP_075616.2
OG0001561	XP_014314295.1, XP_006092375.1	NP_001346255.1, NP_001346256.1, NP_001346254.1, NP_659079.1
OG0001562	XP_023611517.1	NP_001243450.1, NP_001243451.1
OG0001563	XP_014302193.1	NP_758464.2
OG0001565	XP_006086655.1	NP_001349614.1
OG0001565	XP_006082238.1	NP_062642.1
OG0001566	XP_023616100.1	XP_006538250.1, NP_082413.2, NP_001139396.1, NP_001139397.1
OG0001567	XP_023619914.1	NP_001093922.1, XP_006524037.1
OG0001568	XP_006093319.1	XP_006511367.1, NP_001157252.1, NP_064371.2
OG0001569	XP_006089392.1	XP_036010385.1, NP_001177973.1
OG0001570	XP_006082874.1	NP_064373.1
OG0001570	XP_006090421.1	NP_766095.1
OG0001571	XP_014316863.1	NP_001346887.2
OG0001572	XP_006095416.1	NP_001317685.1, NP_001317686.1, NP_001317684.1, NP_079747.1, XP_006538226.1
OG0001574	XP_023619382.1	NP_038951.1
OG0001575	XP_014315693.1	NP_808229.1
OG0001575	XP_023617779.1	NP_035799.1
OG0001576	XP_023611096.1	NP_001398735.1, NP_001398734.1, NP_001398733.1, NP_001398732.1, NP_001351525.1, NP_001351524.1, NP_001075147.1, NP_001398731.1, NP_001398740.1, XP_006505211.1, NP_001398739.1, NP_001398738.1, NP_001398742.1, NP_001398737.1, NP_001398741.1
OG0001577	XP_023600473.1	XP_006498620.2
OG0001577	XP_006088812.1	NP_001157112.1
OG0001578	XP_023608461.1	NP_077782.1, NP_001034087.1
OG0001579	XP_006084140.1	NP_082610.1, NP_081467.2
OG0001580	XP_023614646.1	NP_780617.2, XP_006505389.1
OG0001581	XP_023609278.1	NP_001334030.1
OG0001583	XP_006103274.1	XP_006535838.1, NP_067445.3, NP_001276686.1
OG0001584	XP_023603541.1	XP_017173066.1, NP_857632.4, NP_001390142.1
OG0001585	XP_014314572.1	NP_001344246.1, NP_001344245.1, NP_569054.2, XP_006509341.1
OG0001586	XP_023619269.1, XP_006099905.1, XP_023619267.1, XP_023619266.1, XP_023619268.1	NP_082426.1
OG0001587	XP_023615088.1	NP_001398021.1, NP_001398019.1, NP_001398020.1, NP_064298.1
OG0001588	XP_006107459.1, XP_006106836.1, XP_006106835.1, XP_006106983.1, XP_006109201.1, XP_006106986.1, XP_006106984.1, XP_006107460.1, XP_006106985.1, XP_006107458.1, XP_006108793.1	NP_001365339.1
OG0001590	XP_014320824.1	NP_001342554.1, NP_001104319.1, NP_780390.3, NP_001077279.1, XP_036018489.1
OG0001591	XP_014319231.1, XP_023617576.1, XP_014319230.1	NP_694766.1, NP_001411642.1
OG0001592	XP_023612146.1, XP_006091669.1	NP_084113.1, NP_001343483.1, NP_001137155.1
OG0001593	XP_014313994.1, XP_023612344.1, XP_014313996.1, XP_023612343.1, XP_006091950.1, XP_006091949.1, XP_014313995.1	NP_598601.1
OG0001594	XP_006102569.1	NP_001277747.1
OG0001594	XP_023617837.1, XP_006102070.1	NP_796052.2
OG0001595	XP_023613874.1	XP_030110934.1
OG0001596	XP_006107666.1	NP_766045.2
OG0001597	XP_006095472.1	NP_001278114.1, NP_001408055.1, NP_001408052.1, NP_035627.1, NP_001408053.1, NP_001408054.1
OG0001598	XP_006092826.1	NP_001186413.1
OG0001599	XP_023614497.1	NP_001278283.1, NP_001398914.1, NP_031517.2, XP_006507325.1, NP_001398919.1, NP_001398918.1, NP_001398917.1, NP_001398921.1, NP_001398920.1, NP_001398916.1, NP_001398915.1
OG0001601	XP_006082210.1	NP_082564.3, NP_001103612.1
OG0001601	XP_006102095.1	NP_666319.2
OG0001602	XP_014322907.1, XP_006102105.1, XP_014322908.1	NP_001350384.1, NP_862902.1
OG0001603	XP_014320720.2	NP_001344491.1, XP_006512103.1, NP_001344490.1, NP_695019.1, NP_001344489.1
OG0001604	XP_014310306.1	NP_001273437.1, NP_038755.1
OG0001605	XP_023609536.1, XP_006088694.1	XP_006510920.1, NP_032906.2, NP_001182013.1, NP_001397382.1, NP_035766.2
OG0001606	XP_023608980.1, XP_006088041.1, XP_006088040.1, XP_006088042.1, XP_014310635.1	NP_001276559.1, NP_001342617.1, NP_083260.1, NP_001276560.1
OG0001607	XP_014310602.1, XP_014310599.1, XP_023608951.1, XP_014310600.1, XP_014310601.1	NP_001135418.1
OG0001608	XP_006089535.1	NP_001349695.1, NP_001349697.1, NP_001349696.1, XP_006498907.1, NP_001349698.1, NP_001349694.1, NP_001349692.1, NP_573505.2
OG0001609	XP_006102073.1, XP_023599238.1	NP_001342355.1, NP_058612.3
OG0001610	XP_023612030.1	NP_001342409.1
OG0001610	XP_014308391.1	XP_006517233.1
OG0001611	XP_006098025.1	NP_001278101.1, NP_001032254.1, NP_001278108.1, NP_001032255.1
OG0001613	XP_023611401.1	NP_001350374.1, NP_001350373.1, NP_032278.1, NP_001350372.1
OG0001615	XP_023616179.1	NP_032655.1
OG0001616	XP_023617841.1, XP_006098380.1	NP_001346869.1
OG0001617	XP_023605572.1	NP_783627.2, NP_001139398.1, NP_001139399.1, XP_006506297.1
OG0001618	XP_023605779.1	NP_001397307.1, NP_001397304.1, NP_001397306.1, NP_001397305.1, XP_036021876.1, NP_001397300.1, NP_035531.3
OG0001619	XP_023611279.1	XP_011239890.1, NP_796196.3
OG0001620	XP_023612055.1	NP_081328.2, NP_001344989.1, NP_001344987.1, XP_006521413.1, NP_001344988.1
OG0001621	XP_006091642.2	NP_001390483.1, NP_001001884.1, XP_006521185.1
OG0001622	XP_014318808.2	NP_001074599.2, XP_030103646.1
OG0001623	XP_006101256.1	XP_017176986.1, NP_919320.1
OG0001624	XP_014302980.1	NP_001361643.1
OG0001624	XP_006082396.1, XP_023616557.1, XP_006085759.1, XP_023611078.1, XP_006085756.1	NP_001158211.1
OG0001625	XP_006084888.1	XP_006522645.1, NP_766409.2
OG0001626	XP_023606243.1	NP_038779.2, XP_017172511.1, NP_001348218.1, NP_001344021.1
OG0001627	XP_006102735.1, XP_014323506.1	NP_080139.3, XP_006501980.1
OG0001628	XP_014322201.1, XP_023604293.1, XP_006083316.1	NP_001349586.1
OG0001629	XP_023615712.1	NP_659131.2
OG0001630	XP_006082482.1	NP_067287.1, XP_011236865.1, NP_001185990.1, NP_001185989.1
OG0001631	XP_023619136.1	XP_006496604.1, NP_081253.1, NP_001343193.1
OG0001632	XP_006103849.1	NP_001317978.1
OG0001634	XP_006084766.1	NP_001390564.1, NP_001390563.1, XP_006528450.1, NP_001258738.1, NP_001258739.1
OG0001635	XP_006082158.2	XP_011249294.1, NP_001258378.1, NP_001258377.1, NP_666063.1, NP_001258376.1, NP_001258379.1, NP_001258380.1
OG0001636	XP_006082123.1, XP_006082122.1, XP_014313692.1	NP_084415.1
OG0001637	XP_006081896.1, XP_006087836.1	NP_113556.2
OG0001638	XP_006091982.1	NP_001011774.1, NP_001011852.2
OG0001638	XP_006092115.1	NP_666799.1
OG0001639	XP_014316851.1	XP_006501534.1, NP_997130.2
OG0001640	XP_023601294.1	NP_001258513.1, XP_011238225.1, NP_001258514.1, NP_058055.1
OG0001643	XP_023612157.1, XP_023612154.1, XP_006091704.1, XP_023612166.1	NP_071875.2
OG0001645	XP_006097517.2	NP_032832.2, XP_006525943.2
OG0001645	XP_006104554.3	NP_666198.1
OG0001646	XP_006104817.1	NP_031945.1
OG0001646	XP_023615450.1	NP_291090.2
OG0001647	XP_006101196.3	NP_034431.1
OG0001647	XP_006086887.1	NP_032165.3
OG0001648	XP_006085900.1	NP_001400560.1, NP_001093579.1, NP_001093580.1
OG0001649	XP_006104112.1, XP_006104121.1	NP_034623.1
OG0001650	XP_006095973.1	NP_666212.3
OG0001650	XP_023618736.1	NP_035034.2
OG0001651	XP_014317415.1	NP_001185752.1
OG0001652	XP_023603433.1, XP_023603432.1	NP_001343890.1, NP_001398697.1, XP_011243833.1, NP_033244.2
OG0001653	XP_006109592.3	NP_034113.1, NP_032463.1
OG0001654	XP_023611564.1	XP_006521792.1, NP_038831.2
OG0001655	XP_006108531.1, XP_014305959.1, XP_023611374.1, XP_023611375.1	NP_444489.2, XP_006523803.1, NP_034911.3
OG0001656	XP_023601456.1, XP_006104483.1, XP_014302244.1	NP_001394961.1, NP_001394960.1, NP_001394962.1, NP_001074613.2, NP_001171373.1
OG0001657	XP_014316295.1	NP_001001453.1
OG0001657	XP_014316294.1	NP_851792.1
OG0001658	XP_014311978.1	NP_733486.2, NP_083673.3
OG0001659	XP_023607259.1	NP_001349639.1, XP_036013392.1
OG0001659	XP_023600310.1	NP_001349638.1
OG0001661	XP_006095031.1	NP_001300887.1
OG0001661	XP_006109491.1	NP_058654.1
OG0001662	XP_006103748.1, XP_006103750.1	NP_032244.2, NP_001077424.1
OG0001663	XP_023620338.1, XP_006101114.2, XP_014321902.2	NP_666209.1
OG0001664	XP_006094803.1, XP_006084784.1, XP_006094819.1	NP_666863.1
OG0001665	XP_006091993.1	NP_001011517.2
OG0001666	XP_006091980.1	NP_666791.1
OG0001667	XP_023616454.1	XP_011238480.1, NP_067492.2, NP_001139473.1, NP_001342639.1
OG0001668	XP_023604300.1	NP_001107805.1
OG0001668	XP_023605851.1	XP_006512612.1, NP_058672.1
OG0001669	XP_023600645.1	NP_001153414.1, NP_001028425.1, XP_006512502.1
OG0001670	XP_014304188.2	NP_001182366.1, XP_036010812.1
OG0001671	XP_006103425.2	NP_081161.1, NP_001347659.1, NP_001347662.1, NP_001347660.1
OG0001672	XP_014301266.1, XP_014301268.1, XP_014301267.1	NP_001277365.1, NP_001277370.1, XP_030098287.1, NP_001277371.1, NP_001277369.1, NP_001277367.1, NP_001001447.1
OG0001674	XP_006107508.1	NP_079641.1, NP_001158201.1
OG0001675	XP_023599365.1, XP_006102229.1, XP_023599364.1	NP_001406075.1, NP_001028377.1
OG0001676	XP_023602152.1	NP_001399573.1, NP_032514.1, NP_001123625.1, NP_001399576.1, NP_001399578.1, NP_001399577.1, NP_001399572.1, NP_001123624.1, NP_001399571.1, NP_001123623.1, NP_001399569.1, NP_001399570.1, NP_001399575.1, NP_001399574.1, XP_006539628.1, NP_001123622.1
OG0001677	XP_006096758.1	XP_036009485.1, NP_001135393.1
OG0001678	XP_006094301.1	XP_006502722.1, NP_001005506.2, NP_001186624.1
OG0001679	XP_014323723.1, XP_006081264.1	NP_001347080.1, NP_444338.2
OG0001681	XP_023609430.1	NP_083830.3, NP_001404827.1, NP_001404826.1, NP_001404828.1, NP_001404829.1
OG0001682	XP_006089131.1	NP_001277638.1
OG0001682	XP_023618410.1	XP_030097945.1
OG0001683	XP_006089158.1	XP_006534165.1, NP_081225.1, NP_001343406.1, NP_001350015.1, NP_001350013.1, NP_001350014.1
OG0001684	XP_006101826.1, XP_014322625.1, XP_023599030.1	NP_001392180.1, NP_067314.2, NP_001392175.1, NP_001392179.1, NP_001392177.1, XP_036011047.1, NP_001392176.1, NP_001392178.1
OG0001685	XP_006101825.1	NP_084038.1
OG0001686	XP_006104367.1	NP_038823.2, XP_036010936.1
OG0001687	XP_006089890.1	NP_081888.1
OG0001688	XP_014310109.1	NP_663525.1
OG0001689	XP_006087395.1	NP_001269666.1
OG0001689	XP_006084300.1	NP_079840.2
OG0001690	XP_006105341.1	NP_081239.1, XP_030109620.1, NP_001343251.1
OG0001691	XP_023618903.1, XP_006099451.1	XP_006531566.1, NP_084428.1
OG0001692	XP_023618877.1	NP_001159866.1, NP_083164.1, XP_017168480.1
OG0001693	XP_006085651.1	NP_848716.2
OG0001694	XP_023603183.1	NP_001156820.1, NP_597995.1, NP_001156822.1, NP_001156821.1, XP_006502418.1, NP_109624.1
OG0001695	XP_014310837.1	NP_033968.2
OG0001695	XP_006101997.1	NP_033969.2
OG0001696	XP_023609185.1	NP_031951.2, XP_011239157.1
OG0001697	XP_006088312.2, XP_014310873.1	NP_683734.2, XP_006504397.1
OG0001698	XP_006106276.1	NP_001407651.1
OG0001699	XP_014318904.1	NP_082655.1
OG0001700	XP_023617789.1	XP_006515659.1
OG0001700	XP_023603687.1, XP_014304656.1	NP_064327.1
OG0001702	XP_006097277.1	NP_032205.2
OG0001702	XP_006110115.1	NP_666178.2
OG0001703	XP_014305050.1	NP_067386.3
OG0001703	XP_006109223.1	NP_796349.1
OG0001704	XP_006086207.1	XP_036014149.1
OG0001705	XP_006101026.1	NP_001344376.1, NP_067534.2, NP_001344377.1, XP_036017118.1
OG0001706	XP_006106502.2	NP_080287.1, XP_036009259.1, NP_081099.1
OG0001707	XP_023604770.1, XP_023614770.1, XP_023614726.1, XP_014316479.2, XP_023614768.1	NP_034908.1, XP_006497297.1
OG0001708	XP_023619017.1	XP_036009808.1, NP_083035.1
OG0001709	XP_006095198.1	NP_001398434.1, NP_038929.2
OG0001710	XP_023606578.1	NP_001103743.1, NP_001103744.1, NP_109608.1, XP_006526551.1, NP_997534.2
OG0001711	XP_006085225.1	NP_001348129.1, NP_001153876.1, NP_038842.3
OG0001712	XP_023616527.1	NP_081391.1, NP_001038948.1, NP_001347471.1
OG0001713	XP_006108723.1	NP_001346221.1, NP_001346163.1, NP_082299.1
OG0001714	XP_006108015.1	NP_001033319.1, NP_079665.1
OG0001716	XP_014301363.1	NP_056622.1
OG0001717	XP_014316494.1	NP_808445.2, NP_001348522.1, XP_017170063.1
OG0001718	XP_006106154.1	NP_082768.1
OG0001719	XP_006092330.1	NP_080818.1, XP_006534097.1
OG0001720	XP_023599142.1	NP_001390791.1, NP_001390792.1, NP_001390793.1, NP_034846.2, NP_001390785.1, NP_001390790.1, NP_001390794.1, NP_001390786.1, NP_001278174.1, NP_001390788.1, NP_001390789.1, XP_006532411.1, NP_001278176.1, NP_001390787.1, NP_001278175.1
OG0001721	XP_006108244.3	XP_006497689.1
OG0001721	XP_023619734.1	XP_006530650.1
OG0001723	XP_006092786.1	NP_001013046.1
OG0001725	XP_023607141.1	NP_001334332.1, XP_006524330.1
OG0001726	XP_023601815.1	NP_064648.3, XP_011244620.1
OG0001727	XP_006083365.1	XP_006514928.2
OG0001728	XP_023613156.1	NP_079663.1
OG0001729	XP_006100227.1, XP_014321050.1, XP_023619563.1	NP_079628.1, NP_001313543.1
OG0001730	XP_006104670.1	NP_001156664.1
OG0001731	XP_023613465.1	XP_006495642.1
OG0001732	XP_006101143.1	NP_077248.1, XP_036012007.1
OG0001733	XP_023602573.1	NP_038712.3
OG0001734	XP_006104213.1	NP_001156957.1, NP_033109.1, XP_889797.1
OG0001735	XP_006091472.1	NP_067395.1
OG0001735	XP_006100050.1	NP_062609.2
OG0001736	XP_006084053.1	NP_035968.1
OG0001737	XP_014305535.1	XP_006521606.1, NP_084475.1
OG0001738	XP_006082916.1	NP_033897.1, XP_006527823.1
OG0001738	XP_014315683.1	NP_083126.1
OG0001739	XP_006094002.1	NP_001343900.1, XP_006535246.1, NP_001343901.1, NP_080215.1, NP_001343902.1, NP_001343903.1
OG0001740	XP_014307937.1	XP_006515027.1, XP_036014182.1, NP_031986.1, NP_001334308.1
OG0001741	XP_023609588.1	XP_006505793.1, NP_001397184.1
OG0001742	XP_023611091.1	XP_006505170.1
OG0001743	XP_023605047.1, XP_014306370.1, XP_006109850.2	XP_011238722.1, NP_031585.2, NP_031584.1, NP_001242948.1
OG0001744	XP_006087521.1	NP_001104589.1
OG0001745	XP_006082743.1, XP_014308192.1	NP_080423.1
OG0001746	XP_006094797.1	NP_001007573.1, XP_017176952.1
OG0001747	XP_006106863.1	NP_001348871.1, NP_032920.2
OG0001748	XP_006109121.1	NP_001154987.2, NP_001154988.2, NP_848903.3
OG0001749	XP_006096073.1, XP_006096072.1, XP_023615670.1	NP_084034.2, NP_001139591.1, XP_006515309.1, NP_001351361.1
OG0001750	XP_006091773.1	NP_001351189.1
OG0001751	XP_014303542.1, XP_006083497.1	XP_036013665.1, XP_036008356.1, XP_011244883.1, NP_080329.1, NP_001342387.1
OG0001752	XP_006095307.1, XP_014316795.1, XP_014316794.1, XP_023615046.1, XP_014316796.1	XP_017175125.1, NP_057921.1
OG0001753	XP_023606782.1	XP_006516011.1, NP_795904.3
OG0001754	XP_023617438.1	NP_001405611.1, NP_081220.1, NP_001405613.1, NP_001405625.1, NP_001405628.1, NP_001405627.1, NP_001405608.1, NP_001405614.1, NP_001405609.1, NP_001405623.1, NP_001405619.1, NP_001405621.1, NP_001405618.1, NP_001405616.1
OG0001755	XP_014320827.1	NP_001349616.1
OG0001756	XP_023617603.1	XP_006499797.1, NP_796164.1
OG0001757	XP_014314014.1	XP_006499274.1, NP_001074729.1
OG0001758	XP_023617458.1, XP_006097967.1	NP_899003.1, XP_006499537.1
OG0001761	XP_023604294.1, XP_023604960.1, XP_023604848.1, XP_006109517.2, XP_023604951.1, XP_014305984.1	NP_783580.1, XP_036009018.1
OG0001761	XP_023604950.1	NP_077252.2, XP_006508723.1, XP_030098979.1
OG0001762	XP_023609828.1, XP_006089105.1, XP_014311602.1, XP_014311603.1, XP_014311604.1	XP_006518050.1
OG0001763	XP_023603297.1, XP_023605116.1	NP_001139532.1, NP_001139531.1, XP_006512166.1, NP_666340.3
OG0001764	XP_023601867.1	XP_006508924.1, NP_080334.3
OG0001765	XP_006101223.2	NP_038679.3
OG0001766	XP_023616698.1, XP_006097224.1, XP_006097225.1	NP_031924.1
OG0001767	XP_006083774.1	NP_776142.1
OG0001768	XP_014305742.1, XP_014305741.1	NP_898991.1, XP_006507703.1
OG0001769	XP_023603674.1	NP_001240688.1
OG0001770	XP_014306229.1	NP_001240760.1
OG0001772	XP_006088690.1	NP_848826.1
OG0001773	XP_006096464.1	NP_001277957.1, NP_922936.3, XP_017173693.1, NP_001277956.1
OG0001774	XP_023610155.1	NP_001407742.1, NP_001407740.1, NP_075619.2, NP_001407741.1, NP_001132983.1, NP_001132984.1, NP_001407739.1, NP_001407743.1, NP_001407737.1, NP_001407738.1, NP_001132985.1, XP_036015619.1, NP_001407736.1, NP_001407735.1
OG0001775	XP_006091501.1	XP_006500047.3, NP_001153886.1
OG0001775	XP_023612033.1	NP_001400665.1, NP_001155278.1
OG0001776	XP_006091440.1, XP_014313582.1, XP_014313583.1, XP_006091439.1	NP_082304.1
OG0001777	XP_006093222.1, XP_023601284.1	NP_001041613.1, NP_659143.1
OG0001778	XP_006107423.1	NP_001156419.1
OG0001779	XP_006106321.1	NP_001404975.1, NP_659068.1
OG0001780	XP_014320082.1, XP_023618448.1, XP_014320081.1	NP_780683.1, NP_001346878.1, NP_001346879.1
OG0001781	XP_006106079.1	NP_598669.1, NP_083372.1
OG0001782	XP_014319466.1	NP_001010825.2, XP_006530348.1
OG0001783	XP_023605783.1	XP_006505561.1, NP_001395179.1, NP_001395177.1, NP_001395176.1, NP_001036088.1, NP_001258508.1, NP_031931.2, NP_001395178.1, NP_001342144.1
OG0001784	XP_006084291.2, XP_014307150.1, XP_023605790.1	XP_011239624.1, NP_783327.2
OG0001785	XP_023605845.1	NP_001258516.1
OG0001786	XP_006090730.1	NP_001397235.1
OG0001787	XP_014309503.1	NP_001346937.1, NP_001346936.1, NP_001392182.1, NP_001392184.1, NP_001392185.1, NP_001392187.1, NP_001346938.1, NP_001392183.1, NP_001392186.1, NP_001346939.1, NP_001392188.1, NP_690029.2, NP_001021118.1, NP_001392190.1, NP_001263269.1, NP_001392189.1
OG0001788	XP_023615508.1	NP_700456.1, XP_006520746.1
OG0001789	XP_023615584.1	NP_001365702.1
OG0001790	XP_023609122.1, XP_023609121.1, XP_006088182.1	NP_001161963.1, XP_006526825.1, NP_001161964.1, NP_035180.2
OG0001791	XP_006107827.1	NP_001405692.1
OG0001792	XP_006093167.1	NP_001403882.1, NP_001341998.1
OG0001793	XP_006086074.1	NP_067482.4, NP_001155975.1, XP_006500029.1
OG0001794	XP_006104738.1	NP_001034608.1
OG0001795	XP_014312878.1	NP_001344345.1, NP_848762.1
OG0001796	XP_006097070.1	NP_001239369.1, NP_001239367.1, NP_080243.3, NP_001239368.1
OG0001797	XP_006104323.1	NP_001406224.1
OG0001798	XP_006092875.1	NP_001156631.1, NP_034111.1, NP_001156632.1
OG0001799	XP_023609688.1	XP_006501701.1, NP_942564.2, NP_001344780.1
OG0001800	XP_023614760.1	NP_034862.1
OG0001801	XP_006096967.1	NP_001344133.1
OG0001802	XP_006096341.1, XP_006096954.1	NP_848713.1
OG0001803	XP_014320927.1	NP_001153099.1
OG0001804	XP_014315024.1	NP_080745.2, XP_006528667.1, NP_113558.1
OG0001805	XP_006087829.1	NP_848855.2, NP_001352041.1, XP_036017845.1, NP_001352040.1
OG0001806	XP_006087783.1	NP_001280552.1
OG0001810	XP_014317576.1, XP_023615799.1, XP_006096229.1, XP_006096258.1	NP_001096135.1, NP_001268460.1, NP_001268459.1
OG0001816	XP_006097719.1	NP_079548.1
OG0001817	XP_006098468.1, XP_014305937.1, XP_006098470.1	NP_001342200.1, XP_006499208.1, NP_001342202.1, NP_035706.1, NP_001170790.1, NP_001170791.1
OG0001818	XP_006106956.1	NP_033034.1
OG0001818	XP_023617177.1	NP_001334459.1
OG0001819	XP_006102352.1, XP_023599464.1, XP_023599463.1	NP_001276489.1, NP_001395036.1, XP_036010725.1, NP_001395035.1, NP_001276488.1, NP_001276487.1, NP_705768.4
OG0001820	XP_006096489.1	NP_035300.1, NP_001265185.1
OG0001821	XP_014313209.1	NP_001272722.1, NP_062778.2, XP_011244279.1
OG0001822	XP_006099803.1	NP_001159374.1, NP_031640.1
OG0001823	XP_014302285.1	NP_859420.2, XP_017173468.1, NP_001035883.1, NP_081963.1, NP_001035885.1, NP_001035884.1
OG0001824	XP_023603740.1	NP_001157167.2, NP_083181.2, XP_030105174.1
OG0001825	XP_006081199.2	NP_079974.1
OG0001826	XP_006094861.1	NP_033122.1, XP_036012026.1
OG0001827	XP_023616889.1	NP_001343450.1
OG0001828	XP_014306249.1	XP_036011877.1, NP_038749.1
OG0001829	XP_006091601.1	NP_033831.1
OG0001829	XP_023612130.1	NP_033829.3
OG0001830	XP_023617584.1	NP_001104759.1, NP_001399497.1, NP_001399498.1, NP_001104761.1, NP_001104762.1, NP_001399503.1, NP_001399504.1, NP_001104760.1, NP_001399501.1, NP_001399500.1, NP_001399499.1, NP_058019.2, NP_001399506.1, NP_001399507.1
OG0001833	XP_006091914.1	NP_666910.1, NP_666912.1
OG0001834	XP_006091915.1	NP_666952.1
OG0001834	XP_006092096.1	NP_001011831.1
OG0001835	XP_014313956.1	NP_666795.2
OG0001836	XP_006094711.1	NP_001011848.1, XP_017177759.1, NP_001011755.1
OG0001837	XP_006087527.1, XP_006087528.1	NP_666703.2, NP_001011530.2
OG0001838	XP_006100255.1	NP_997576.1, NP_001011769.2
OG0001839	XP_006096998.1	NP_666862.2
OG0001840	XP_023611388.1, XP_023611386.1, XP_014313104.1, XP_023611385.1, XP_014313105.1	NP_075638.2, XP_030106430.1, NP_001276460.1
OG0001841	XP_006089225.1	NP_001346463.1, NP_619608.1, XP_011241505.1
OG0001842	XP_023604966.1, XP_023604085.1	NP_766488.2, XP_006540923.1
OG0001843	XP_006108506.1	NP_034259.2, NP_001139818.1
OG0001845	XP_006086707.1	NP_031772.1
OG0001846	XP_014315500.2	XP_017174805.1
OG0001846	XP_006100829.1	NP_997114.1, XP_036012482.1
OG0001847	XP_006105253.1	NP_083081.2, XP_006531473.1
OG0001848	XP_023602608.1, XP_014305947.1	NP_001121642.1, XP_006531477.1, NP_001121643.1, NP_775545.1
OG0001849	XP_006097357.1, XP_006097358.1	NP_001077385.1, NP_598468.2, XP_006539213.1
OG0001850	XP_023603608.1, XP_023599210.1	XP_006539319.1, NP_001342116.1, NP_001243041.1, NP_084035.1, NP_001342117.1
OG0001851	XP_006090533.1, XP_023611072.1	XP_006524373.1
OG0001852	XP_006081334.1	NP_775568.1
OG0001853	XP_006100372.1	NP_035862.2
OG0001855	XP_006104562.1, XP_006104561.1, XP_023601534.1	NP_001318048.1
OG0001856	XP_023619353.1	NP_001359307.1
OG0001857	XP_014321851.1, XP_014321852.1	NP_001303669.1, NP_001303668.1, NP_001365744.1, NP_081740.2, NP_001303666.1, NP_001303662.1, NP_001303661.1, NP_001303664.1, NP_001365743.1, NP_001303665.1, NP_001303663.1, NP_001365742.1
OG0001858	XP_006096483.1	NP_705721.3
OG0001858	XP_006102090.1	NP_666074.1
OG0001859	XP_014311681.1, XP_014311683.1	NP_598894.1
OG0001860	XP_006104550.1	NP_031911.1
OG0001861	XP_023602965.1	NP_001028641.1
OG0001862	XP_014302769.1, XP_023604185.1, XP_014305213.1, XP_006107908.1, XP_006105155.1, XP_006107909.2, XP_023602534.1, XP_006105144.1, XP_006105919.1, XP_006105918.1, XP_006105917.1, XP_023601957.1, XP_023601967.1	NP_031466.2
OG0001863	XP_006097443.1	XP_030102020.1
OG0001863	XP_006097434.1	NP_061275.2
OG0001864	XP_014310113.1	NP_001342389.1, NP_082670.1, NP_001342388.1
OG0001865	XP_014306024.1	XP_006539015.1, NP_796160.1
OG0001866	XP_023604623.1	NP_001349910.1, XP_006539194.1, NP_080671.1
OG0001867	XP_006096518.1	XP_006530687.1, NP_033996.4, NP_001403376.1
OG0001868	XP_014310875.1	NP_766129.1
OG0001868	XP_023601860.1	NP_001034812.1
OG0001869	XP_006088354.1	NP_001276483.1, NP_083935.3, NP_001276484.1, NP_001276485.1, NP_001276486.1, XP_017176632.1
OG0001871	XP_006103416.2	XP_006507225.1, NP_849232.1
OG0001872	XP_023601823.1	XP_017167873.1, NP_084118.1
OG0001873	XP_014302477.1	NP_075686.3
OG0001874	XP_014309046.1	NP_598632.2
OG0001874	XP_006086181.1	NP_112735.1
OG0001875	XP_006086166.1	NP_777357.2
OG0001876	XP_006082124.1	NP_001382923.1
OG0001877	XP_006082937.1	NP_075633.2, NP_001413149.1, NP_001413150.1, NP_001239447.1
OG0001879	XP_006109882.2	NP_031448.2
OG0001880	XP_014316632.2	NP_001159455.1
OG0001881	XP_006097458.2	NP_001074692.1, XP_006525875.1, NP_001239424.1
OG0001882	XP_014320753.2	NP_001273412.1, NP_001273411.1, NP_659090.1
OG0001883	XP_014310213.1, XP_014310212.1, XP_014310214.1, XP_014310215.1, XP_014310211.1	NP_082066.2, XP_006519633.1
OG0001884	XP_006100128.1	XP_036014667.1, NP_067412.1
OG0001885	XP_006100304.2	NP_080812.1, NP_001348620.1, NP_001348619.1, XP_006516243.1
OG0001886	XP_023617933.1	XP_011242520.1, NP_001388195.1, NP_001191982.1, NP_112149.2, NP_001191981.1
OG0001887	XP_006087024.1	NP_001264225.1, XP_030102793.1, NP_001348527.1, NP_001348530.1, NP_001348528.1, NP_001348529.1, NP_082381.1, NP_001264226.1
OG0001889	XP_006098974.1	NP_001350159.1, NP_112460.1
OG0001891	XP_014313361.1	NP_083739.1, XP_006498459.1
OG0001892	XP_006104832.1	XP_030107813.1, NP_733480.1, NP_001343362.1, NP_001343363.1
OG0001893	XP_023605250.1	NP_001276477.1, NP_001276476.1
OG0001894	XP_023613756.1	NP_598764.1, XP_006513076.1
OG0001895	XP_014316999.1	NP_001395211.1
OG0001896	XP_006098584.1	NP_084505.2, XP_006521608.1
OG0001897	XP_014304603.1	NP_001405601.1
OG0001898	XP_023612999.1	NP_038750.2
OG0001899	XP_023613013.1	XP_030101190.1, NP_083108.1, NP_001366453.1, NP_001366455.1, NP_001366454.1
OG0001901	XP_023614739.1	XP_011236719.1, NP_081374.1, NP_001343411.1
OG0001902	XP_006081696.1, XP_014310244.1	NP_666086.2, NP_001405098.1, XP_006532828.1
OG0001903	XP_023607924.1	NP_001344517.1
OG0001904	XP_023620507.1	NP_001074812.1
OG0001905	XP_006108921.1	XP_006538308.1, NP_001406122.1, NP_001406121.1, NP_001406123.1, NP_081542.2, NP_001406124.1
OG0001906	XP_006088060.1, XP_014310654.1	NP_077219.1
OG0001907	XP_006106116.1	NP_001346884.1, NP_001094952.2, NP_001408299.1, NP_001408300.1, NP_001408298.1, NP_001171202.1, XP_006511239.1
OG0001908	XP_006107510.1	NP_001406137.1, NP_001406136.1, NP_659188.1, XP_006523532.1
OG0001909	XP_006095892.1	NP_001342427.1, NP_067293.1, NP_001366457.1
OG0001910	XP_023615528.1	NP_001156492.1
OG0001911	XP_023599101.1, XP_006101937.1, XP_023599102.1	NP_001344935.1, NP_780343.1, NP_001344936.1
OG0001914	XP_014311055.1	NP_032092.1, XP_006503796.1
OG0001915	XP_023613535.1, XP_023613522.1, XP_006093378.2, XP_023613532.1, XP_023613534.1	NP_001161746.1, NP_808580.2, XP_006521159.1, NP_899017.2, XP_006521088.1, XP_006521565.1, NP_083268.1, NP_113555.1
OG0001916	XP_023605539.1	XP_006514065.1, NP_001155840.1, NP_001192027.1, NP_080519.2, NP_001155841.1
OG0001917	XP_014305331.1	NP_034880.1
OG0001917	XP_006081833.1	NP_035969.2
OG0001918	XP_023599660.1	NP_001004365.1
OG0001918	XP_023613631.1	NP_001192314.1, NP_001192315.1, NP_076224.1
OG0001919	XP_006104388.1	NP_034249.1
OG0001919	XP_006094406.1	NP_065603.2
OG0001920	XP_006094410.1	NP_001139696.1, NP_077746.3, NP_001139695.1, NP_001139694.1
OG0001921	XP_006099956.1	NP_659166.1, XP_030111193.1, NP_001351482.1, NP_001351483.1, NP_001240621.1
OG0001922	XP_006095326.1	NP_001342634.1
OG0001923	XP_014314005.1, XP_014314007.1, XP_014314006.1	NP_038927.2
OG0001924	XP_006106806.1	NP_001156832.1, NP_001412580.1
OG0001925	XP_014308311.1	NP_084266.1
OG0001925	XP_006083960.1	NP_808431.2
OG0001926	XP_006091668.1, XP_023612145.1	NP_001349794.1, NP_776111.1, NP_001020273.1, NP_001349793.1
OG0001927	XP_006105935.1, XP_006105934.1	NP_001091707.1, XP_006527482.1, NP_598520.1
OG0001928	XP_014304710.1	XP_006527004.1
OG0001929	XP_006081723.1	NP_001008502.2
OG0001930	XP_006098885.1	XP_006529908.1, NP_573449.2, NP_001366283.1, NP_001078878.1, NP_001366284.1
OG0001931	XP_014306778.1	XP_036022146.1
OG0001932	XP_014322369.1	NP_080214.1
OG0001933	XP_023611446.1	NP_001160003.1, NP_001160004.1, XP_006519350.1, NP_062333.1
OG0001935	XP_014304948.1	XP_030111552.2
OG0001936	XP_014321247.1, XP_014321245.1, XP_014321246.1, XP_023619708.1, XP_006100397.1	XP_030099599.1, NP_061241.1
OG0001938	XP_006101180.3	NP_001334337.1, NP_001346742.1
OG0001939	XP_006101854.1	NP_075920.4, XP_006514088.1
OG0001940	XP_006094598.1	NP_666426.2, NP_001011854.2
OG0001941	XP_006092943.1	NP_001347683.2, NP_001347685.1, NP_001347682.2, NP_001402962.1, NP_083890.2, NP_001347684.1, NP_001371080.1, NP_001347681.2, NP_001371077.2, NP_001402963.1, XP_036009434.1
OG0001942	XP_023614485.1	NP_001390478.1, NP_001390482.1, NP_001390481.1, NP_598708.3, NP_001390480.1, NP_001390476.1, NP_001390474.1, NP_001390473.1, XP_006507238.1, NP_001390477.1, NP_001390475.1, NP_001390479.1
OG0001943	XP_006093854.1, XP_023613932.1, XP_023613933.1, XP_023613931.1	NP_001347741.1, XP_006540617.1, NP_001013386.2
OG0001944	XP_006088728.1	NP_109610.1
OG0001945	XP_023617470.1, XP_023617469.1, XP_014319115.1, XP_006097993.2	NP_001342618.1, NP_083262.1, XP_006500368.1
OG0001946	XP_014310611.1, XP_023608963.1	XP_006500074.1, NP_001074559.1
OG0001947	XP_023608949.1	XP_006498999.1, NP_001342082.1, NP_001342084.1, NP_001342083.1, NP_038857.1
OG0001948	XP_006096494.1, XP_006096493.1	XP_006500229.1, NP_001135443.1, NP_081754.2
OG0001949	XP_006096481.3	NP_001277960.1, NP_001277961.1, NP_081405.2
OG0001950	XP_006091433.1, XP_023611977.1, XP_023611978.1	NP_001407621.1, NP_035255.1
OG0001951	XP_023604034.1	NP_001171180.1, NP_001171177.1, NP_001171178.1, NP_001171179.1, NP_001349965.1, NP_001349964.1, NP_001171181.1, NP_001349966.1, NP_665703.2, XP_006500657.1, NP_001361599.1
OG0001953	XP_006083662.2	NP_001157627.1, XP_036014557.1, NP_038897.4
OG0001954	XP_006095082.1	NP_082308.1
OG0001955	XP_023620064.1	NP_001240665.1, XP_036014427.1, NP_666090.1
OG0001956	XP_014301092.1	XP_006509671.1, NP_955396.2, NP_001357900.1
OG0001957	XP_023618976.1, XP_023618975.1, XP_006099557.1, XP_023618978.1	XP_006530557.1, NP_083808.1
OG0001958	XP_023616245.1	XP_006527376.1
OG0001959	XP_006096144.1	NP_001313516.1, NP_001313515.1, NP_001313514.1, NP_001313512.1, XP_017177251.1
OG0001960	XP_006084312.1	NP_569714.2
OG0001962	XP_023611280.1	XP_011239869.1
OG0001963	XP_014309527.1	XP_006507144.1, NP_001276590.1, NP_080330.1, NP_001276591.1
OG0001964	XP_006086775.1	NP_001343879.1, NP_001276582.1, XP_006521226.1, NP_001343880.1
OG0001965	XP_006091572.1	XP_006520954.1, NP_035848.1
OG0001966	XP_006095855.1, XP_006095854.1, XP_006095853.1	NP_031652.1, XP_006520435.1, NP_001070257.1, NP_001345879.1, NP_001103686.1
OG0001967	XP_023610597.1	NP_808271.1, NP_032069.2, NP_038816.1
OG0001968	XP_023601547.1	NP_001297382.1
OG0001969	XP_006088216.1	NP_034409.1, XP_006526744.1, NP_001272386.1
OG0001970	XP_023605206.1	NP_955355.1
OG0001970	XP_006108948.1	NP_067289.2, NP_001334566.1, NP_996738.2, NP_001004468.1, XP_006508127.1
OG0001971	XP_014320006.1	NP_899071.2, XP_036008587.1
OG0001971	XP_006084630.1	NP_659204.1
OG0001972	XP_014308955.1, XP_006086043.1	XP_006500193.1, NP_001342512.1, NP_081257.1
OG0001973	XP_006087939.1	NP_001398570.1, NP_001291690.1, NP_001398572.1, NP_001398571.1, XP_036010486.1, NP_031809.2, NP_001398573.1
OG0001974	XP_006087958.1	NP_001344844.1, NP_001344843.1, NP_001344842.1, NP_789801.1, XP_006511423.1, NP_001344841.1
OG0001975	XP_023611878.1, XP_006105879.1, XP_023599013.1	XP_006523163.1, NP_077220.2
OG0001976	XP_006107177.1	XP_036018886.1, NP_660115.1, NP_001343359.1
OG0001977	XP_023614179.1	NP_001128621.1, XP_006501997.1, NP_001128622.1, NP_080504.3
OG0001978	XP_023610700.1	NP_001028410.1, XP_006522010.1
OG0001979	XP_023609675.1	NP_001347963.1
OG0001980	XP_014311418.1	NP_001396626.1
OG0001981	XP_006085764.1	NP_001346926.1, NP_033094.3, XP_006516672.1
OG0001983	XP_006083132.1, XP_006083131.1	NP_082511.1, NP_001074697.1, NP_084464.3
OG0001984	XP_023617368.1	NP_001407067.1, NP_058574.3, NP_001407068.1, NP_001407069.1, NP_001407066.1, NP_001407071.1, NP_001104301.1, NP_001407070.1
OG0001985	XP_023614794.1, XP_023614795.1, XP_006094903.1	NP_001408339.1
OG0001986	XP_014301174.1, XP_006103340.2	NP_653142.2
OG0001987	XP_023609511.1	XP_006528948.1, NP_001356163.1, NP_001028502.1, NP_001277356.1, NP_001346001.1, NP_001277357.1
OG0001988	XP_006088657.1	NP_001297651.1
OG0001989	XP_006088600.1	NP_079713.2, NP_001257651.1
OG0001990	XP_023620278.1	NP_032810.4
OG0001991	XP_023606220.1	XP_006528531.1, NP_001189429.2
OG0001992	XP_006082221.1, XP_006088277.1	NP_064652.2, NP_001072981.1
OG0001993	XP_023613939.1, XP_023610466.1, XP_023603594.1, XP_014305789.1, XP_014304804.1, XP_014304583.2, XP_014312987.1	XP_006541566.1, NP_001028594.1, XP_036020565.1, NP_001160053.1
OG0001994	XP_014317626.1, XP_006096228.1	NP_001388780.1, NP_001388779.1, NP_001025464.1, NP_001388778.1
OG0001997	XP_006082457.1, XP_023615882.1	NP_079873.1
OG0002001	XP_006097958.1	NP_034916.1
OG0002002	XP_023606770.1	XP_011242939.1
OG0002004	XP_006090247.1	XP_006518654.1
OG0002005	XP_006087208.1, XP_023600556.1	NP_079744.1
OG0002006	XP_014311576.1	XP_011246228.1, NP_032511.3
OG0002007	XP_014317505.2	NP_703187.2
OG0002008	XP_014317094.1	XP_036012041.1, NP_034370.2
OG0002009	XP_023615647.1	NP_001185945.1, XP_006540107.1, NP_067266.1, NP_001185944.1
OG0002010	XP_014309227.1	NP_035421.2
OG0002011	XP_023602404.1	XP_006524794.1, NP_067382.1
OG0002011	XP_006105736.1	NP_067381.1, XP_036016607.1
OG0002012	XP_006091302.1	NP_001411746.1, NP_001411745.1, XP_006531108.1, NP_036128.3
OG0002013	XP_006081770.1	XP_011246598.1, NP_001316556.1
OG0002015	XP_014310708.1	NP_667035.1
OG0002016	XP_006092097.1	NP_667007.1, NP_667008.1, NP_001011850.1
OG0002017	XP_006092147.2	NP_666741.2, NP_666740.1
OG0002020	XP_006096737.1, XP_006096734.1	NP_032522.2, NP_001389967.1
OG0002021	XP_006090858.1	XP_006526561.1, NP_001170935.1, NP_898854.1
OG0002022	XP_023605941.1, XP_006084455.1, XP_014307323.2, XP_023605944.1, XP_023605943.1, XP_023605942.1, XP_014307324.1	NP_001157063.1, NP_001157062.1, NP_083351.1, XP_006512949.1
OG0002023	XP_006103822.3	NP_001107005.1, NP_001365987.1, NP_780603.1, NP_001107004.1
OG0002024	XP_014323058.1	XP_006517020.1, NP_001258326.1
OG0002026	XP_006107350.2	NP_001277623.1, NP_001369413.1, NP_001240849.1, NP_001369411.1, NP_080546.1, NP_001369412.1, NP_001369410.1, NP_001369409.1, XP_006541180.1, NP_001277624.1
OG0002027	XP_023603531.1	NP_001166032.1, NP_064395.2, NP_975009.1, XP_006541075.1
OG0002029	XP_023599247.1	NP_001004147.1
OG0002030	XP_006099627.1	NP_739566.1, NP_001157241.1
OG0002031	XP_006098739.1, XP_014319771.1	XP_011248850.1, NP_001161982.1, NP_001161983.1, NP_001161984.1, NP_666299.1, NP_001161981.1
OG0002032	XP_014319906.1	NP_001342137.1, NP_001342138.1, NP_032605.1, NP_001342134.1, NP_001342139.1, NP_001342136.1
OG0002033	XP_006086496.1	NP_722488.2, XP_006525925.1
OG0002035	XP_014305444.1	NP_033199.1, NP_001295314.1, NP_001295315.1, NP_033198.1
OG0002036	XP_006104165.1	NP_001334149.1
OG0002037	XP_014315788.1	NP_001343422.1, XP_006539281.1
OG0002039	XP_006094128.1	NP_079613.3
OG0002040	XP_006081262.1	NP_001413509.1, XP_006517539.1
OG0002041	XP_006084338.1	XP_017177182.1, NP_068360.4
OG0002042	XP_023601656.1	XP_036008876.1, NP_848822.2
OG0002043	XP_023602691.1, XP_014305190.1	NP_766492.2
OG0002044	XP_023601180.1	NP_001318011.1
OG0002045	XP_006095057.1	NP_080031.1
OG0002046	XP_006100011.1	XP_017169349.1, NP_001303602.1, NP_033189.2, NP_001303603.1
OG0002047	XP_006089114.1	NP_001124526.1
OG0002048	XP_014313063.1	NP_068560.1
OG0002048	XP_006089165.1	NP_001074637.1
OG0002050	XP_014312512.1	NP_035299.4, XP_006520097.1
OG0002053	XP_006106415.1	NP_077228.1
OG0002054	XP_006097432.1	NP_001289184.1
OG0002055	XP_006105816.1	NP_035971.1, XP_006533340.1, NP_001277963.1
OG0002056	XP_006089820.1	NP_766460.2, XP_011238824.1
OG0002057	XP_006108890.1	NP_001034248.1, NP_001034247.1, NP_001271243.1, NP_001034246.1, NP_001271241.1, NP_067377.4
OG0002058	XP_006087149.1	NP_080848.1
OG0002059	XP_006091282.1	XP_006530985.1, NP_666329.2
OG0002060	XP_006091276.3	NP_031942.2
OG0002061	XP_006091210.1	NP_001317977.1, XP_006530763.1, NP_032243.2
OG0002062	XP_014320462.1	XP_006531304.1, NP_067466.1
OG0002063	XP_014302663.1	NP_573508.1
OG0002064	XP_023609210.1, XP_006088280.1, XP_023609211.1	XP_036020889.1, NP_038865.1, NP_001123948.1
OG0002065	XP_006103996.1	NP_001268953.1, NP_001268942.1, NP_001268941.1
OG0002066	XP_023600394.1	NP_001186199.1, NP_001170778.1
OG0002067	XP_006100936.1	NP_001361531.1, NP_081417.3, NP_001157222.2, NP_001157223.2, NP_001387158.1, NP_001387167.1, NP_001387164.1, NP_001387166.1, NP_001387165.1, XP_006525228.1, NP_001387163.1, NP_001387160.1
OG0002068	XP_014301526.1	NP_081469.2, XP_036019191.1
OG0002069	XP_014319251.1	NP_001343453.1, NP_766113.1, XP_006501352.1
OG0002070	XP_023601841.1	XP_006529510.1, NP_766231.2, NP_001399623.1
OG0002071	XP_023617406.1	XP_036019245.1, NP_001276530.1, NP_001276529.1, NP_001027586.1, NP_001027585.1, NP_690012.2, NP_082736.1
OG0002072	XP_006097704.1	NP_031673.2, XP_036013066.1, NP_001272987.1, NP_001272978.1, NP_001021385.1
OG0002073	XP_014319552.1	NP_766002.2, XP_006516332.1
OG0002074	XP_023612530.1	NP_001343303.1, NP_031831.2, XP_036012169.1
OG0002075	XP_014314153.1	NP_033547.1, NP_033548.1
OG0002076	XP_023620129.1	NP_034476.1, XP_006532296.1
OG0002077	XP_006098983.2	NP_083241.1, XP_006534438.1, NP_001156861.1
OG0002078	XP_023615898.1, XP_023615899.1, XP_014317707.1, XP_023615897.1, XP_014317709.1	NP_666365.1
OG0002079	XP_006093725.1	NP_776094.2
OG0002080	XP_014315444.1	NP_001345901.1
OG0002081	XP_006107195.1	NP_083068.1
OG0002082	XP_006097802.1	NP_001404867.1, NP_742051.1, NP_001404865.1, NP_001404866.1
OG0002083	XP_006109372.1	NP_001269048.1, NP_001269047.1
OG0002084	XP_023613224.1	XP_006514791.1, NP_001346091.1, NP_795956.1
OG0002085	XP_023599791.1	NP_766454.1, XP_006537972.1
OG0002086	XP_006102750.1	NP_001073854.1, XP_006537650.1, NP_001356086.1, NP_001073853.1, NP_001073855.1, NP_001356088.1, NP_001277399.1, NP_058040.2, NP_001356087.1, NP_001356085.1
OG0002087	XP_014317876.1, XP_014317878.1, XP_006096528.1	XP_006538271.1, NP_080619.2
OG0002088	XP_023608996.1	NP_001263375.1, NP_001408060.1, NP_032551.3
OG0002089	XP_023601616.1	NP_001177378.1
OG0002090	XP_014304390.1	NP_001104569.1, NP_031695.1
OG0002091	XP_023600652.1	NP_001400264.1, NP_001334330.1, NP_001400267.1, NP_035043.1, NP_001334331.1, NP_001400271.1, NP_001400268.1, NP_001400263.1, NP_001400265.1, NP_001400266.1, NP_001400269.1, NP_001400272.1, NP_001361732.1, NP_001104302.1
OG0002092	XP_014306765.2	NP_001028391.2
OG0002093	XP_014306411.1	NP_001389975.1, NP_001158072.1, NP_001365915.1, NP_598452.2, NP_001365914.1
OG0002095	XP_006091377.1	NP_059505.1
OG0002095	XP_023609288.1	XP_036022186.1
OG0002096	XP_006090554.1	NP_031506.1
OG0002096	XP_006090935.1	NP_031505.1
OG0002097	XP_006099149.1	NP_001074498.1
OG0002098	XP_006088857.1	NP_001398289.1, NP_001348176.1, NP_001398288.1, NP_001398287.1, NP_001398285.1, NP_064323.2, NP_001398282.1, NP_001398281.1, NP_001348177.1, NP_001158205.1, XP_036008133.1, NP_001158206.1
OG0002099	XP_014320159.1	NP_001405911.1, NP_001405908.1, NP_034343.2, NP_001405910.1, NP_001405909.1, XP_036019571.1
OG0002100	XP_006098250.1	XP_011238739.2, NP_001366208.1
OG0002101	XP_006081837.1	NP_058655.3
OG0002102	XP_006109761.1	XP_006509355.2
OG0002102	XP_006092820.1	NP_663758.2
OG0002103	XP_023604188.1	NP_536715.3
OG0002104	XP_023620304.1	NP_787056.1, NP_032402.2
OG0002105	XP_023612967.1	XP_017168032.1, NP_033940.1, NP_001271338.1
OG0002106	XP_014303895.1, XP_006106472.1	NP_001104788.1, NP_083659.1
OG0002107	XP_023612245.1, XP_023612244.1, XP_006091788.1	NP_035989.1, XP_036013300.1
OG0002108	XP_023612191.1	NP_001265511.1, NP_001265513.1, NP_032921.1, NP_001265512.1, NP_001265510.1
OG0002109	XP_014318745.1, XP_006097545.1	XP_006502275.1, NP_001136424.1
OG0002111	XP_006085510.1	NP_038663.2
OG0002112	XP_023609542.1	XP_006503620.2, NP_033178.2, NP_001230002.1, NP_001230001.1
OG0002114	XP_023620872.1	NP_001389993.1, NP_001158040.1, NP_001389994.1, NP_001157954.1, NP_001157953.1, NP_035509.4, XP_036017386.1, NP_001157952.1
OG0002115	XP_006106620.1	NP_958813.1, XP_006527232.1
OG0002116	XP_006105938.1, XP_014303440.1	NP_081688.2, XP_036017577.1
OG0002117	XP_006092092.1, XP_006092094.1	NP_666457.1, NP_667201.1
OG0002118	XP_006101586.1	NP_950186.3
OG0002119	XP_023605064.1	XP_036008144.1, NP_001371148.1
OG0002120	XP_006083931.1	NP_035087.3
OG0002121	XP_014321408.2	NP_001398091.1, NP_001398092.1, NP_001398090.1, NP_001398089.1, NP_001398083.1, NP_001398084.1, NP_059079.2, XP_006506444.1, NP_001398088.1, NP_001398087.1, NP_001398086.1, NP_001398085.1
OG0002122	XP_023620756.1	NP_001317993.1
OG0002123	XP_006090941.1	NP_001297374.1
OG0002124	XP_014320633.1	XP_011240630.1, NP_082446.2
OG0002125	XP_023602597.1	NP_001264194.1, NP_033351.1, NP_001345441.1
OG0002126	XP_023610298.1	NP_001390423.1
OG0002127	XP_006083653.1, XP_023604712.1, XP_023604715.1	NP_001411443.1, NP_001411441.1, NP_001234913.1, NP_001411442.1, XP_036014400.1, NP_001411444.1, NP_032905.2
OG0002128	XP_006110053.2	NP_033455.1
OG0002129	XP_023607224.1	XP_006510809.1, NP_001028382.1
OG0002130	XP_006088022.1	NP_663509.2
OG0002131	XP_006088016.1	NP_001399545.1, NP_001399544.1, NP_001399547.1, NP_001342184.1, XP_017172250.1, NP_001399550.1, NP_001399551.1, NP_001399546.1, NP_001277985.1
OG0002132	XP_006091490.1	NP_001405469.1, NP_001405467.1, NP_001405466.1, NP_079975.2, NP_001405468.1
OG0002133	XP_006098050.1	NP_001103376.1
OG0002134	XP_023617496.1, XP_006098043.1	NP_001398322.1
OG0002135	XP_023618451.1	XP_006530368.1
OG0002136	XP_023615479.1	XP_011243797.1
OG0002138	XP_006084199.1	XP_006505930.1, NP_941006.2
OG0002139	XP_023605803.1	XP_006505720.1
OG0002140	XP_006086818.1	NP_001342574.1
OG0002141	XP_006088205.2	XP_006526679.3, NP_031637.1
OG0002142	XP_006099046.1	NP_598516.2, NP_001272936.1, NP_001272938.1
OG0002143	XP_023601913.1	NP_001334135.1
OG0002144	XP_006087566.1	XP_011238048.1
OG0002145	XP_006087970.1	NP_001298005.1, XP_006511149.1
OG0002147	XP_014321204.1, XP_006100351.1, XP_006108484.2	NP_031435.1
OG0002149	XP_023614453.1, XP_006094518.1, XP_023614454.1	NP_001025060.1, XP_006521961.1
OG0002150	XP_006086874.1, XP_014308596.1, XP_006082361.1	NP_001162050.1, NP_079979.2
OG0002151	XP_006088943.1, XP_023609676.1, XP_006088944.1	NP_033276.1
OG0002152	XP_006091838.2	XP_006516968.1
OG0002154	XP_023617891.1	XP_006496001.1, NP_705784.1
OG0002155	XP_014317854.1	XP_011236737.1, NP_067270.1, NP_001177913.1, NP_001177914.1
OG0002156	XP_006103766.1	NP_001344171.1, NP_082137.1, XP_006535661.1
OG0002157	XP_023616470.1	XP_011237176.2, NP_001399755.1
OG0002158	XP_006082128.1	NP_001345385.1
OG0002160	XP_006097734.1	XP_017170865.1
OG0002165	XP_006094734.1	NP_034939.2, NP_062344.1
OG0002167	XP_006092410.1	XP_017169700.1, NP_598789.1
OG0002167	XP_006092412.2	NP_598785.1
OG0002168	XP_006099711.1	NP_075615.2
OG0002169	XP_006083336.1	NP_033022.1
OG0002170	XP_006087039.1	NP_032105.2, XP_017170449.1
OG0002171	XP_014315775.1	NP_001272413.1, XP_017175475.1, NP_001272411.1, NP_001272412.1, NP_032335.2, NP_001408036.1, NP_001408035.1
OG0002172	XP_006082750.1	XP_036012962.1, NP_001258536.1, NP_031748.2
OG0002173	XP_023613881.1	XP_036021602.1, NP_780522.1
OG0002174	XP_023613452.1	NP_001254550.1
OG0002175	XP_023614506.1	XP_036008591.1, NP_001369387.1, NP_034661.1, NP_001350911.1
OG0002177	XP_014311229.1	NP_062747.1, XP_006528985.1
OG0002179	XP_006108592.1	NP_035417.2
OG0002181	XP_006098231.1, XP_006098229.1, XP_006098232.1, XP_006098230.1, XP_023617668.1, XP_023617669.1	NP_067448.1
OG0002182	XP_014322742.1, XP_006089712.1, XP_014305486.1	XP_036014175.1, NP_036105.2
OG0002183	XP_006108994.1	XP_036014166.1
OG0002184	XP_006081193.1	XP_036016836.1
OG0002185	XP_006089144.1	NP_001098000.1, XP_006533994.1, NP_001098026.1, NP_001098027.1, NP_079702.3
OG0002186	XP_014315792.1	XP_006539175.1
OG0002187	XP_014309912.1	NP_035930.1
OG0002188	XP_006104534.1	NP_065625.2
OG0002189	XP_006081883.1	XP_036010125.1, NP_079712.1
OG0002190	XP_006092691.1	NP_666700.1
OG0002193	XP_006094684.1, XP_006094682.1, XP_014316172.1	NP_667294.1, NP_667032.2
OG0002194	XP_006089736.1, XP_006109114.1	NP_667244.2, NP_667245.1
OG0002196	XP_006094670.1	NP_666942.1
OG0002198	XP_023601467.1	NP_001258645.1, NP_001288301.1, NP_032586.1, NP_001258646.1
OG0002199	XP_023608098.1	NP_032049.1
OG0002200	XP_023606574.1	NP_001347902.1
OG0002201	XP_023603284.1	NP_056574.2, XP_006516992.1
OG0002202	XP_014310579.1	NP_079624.1
OG0002203	XP_014305317.2	NP_001008422.1
OG0002204	XP_014305639.1	NP_001405961.1, NP_001405962.1
OG0002207	XP_023618114.1	NP_032787.1, NP_001274142.1, NP_001104543.1, NP_001403939.1, NP_001403938.1, NP_001403937.1, NP_001403936.1, NP_001274146.1, NP_001403935.1
OG0002208	XP_006098914.1	NP_666226.2
OG0002209	XP_006082208.1	NP_001343288.1
OG0002210	XP_014309263.1	NP_001348196.1, NP_001158093.1, NP_001348193.1, NP_064396.2, XP_006526189.1, NP_001348194.1, NP_001348195.1, NP_001348198.1, NP_001348197.1
OG0002211	XP_014307225.1	NP_849249.1
OG0002213	XP_006106034.2	NP_001032812.2, NP_031432.2, XP_006530643.1, NP_001103226.1, NP_001032813.1
OG0002214	XP_006094271.1	NP_001029138.1, NP_058591.2
OG0002215	XP_006102952.1	NP_694800.1
OG0002216	XP_006094117.1	XP_006539101.1, NP_080659.1
OG0002217	XP_023601709.1	NP_001139779.1, NP_077723.3, XP_011248609.1, NP_062675.2
OG0002218	XP_006107186.1	NP_032615.2
OG0002220	XP_014319368.1, XP_006081224.1, XP_023604812.1	NP_598535.1
OG0002221	XP_023605069.1, XP_023604002.1	NP_808561.2, XP_006541021.1
OG0002222	XP_014304151.1	NP_001347638.1
OG0002223	XP_023609422.1	XP_030110224.1, NP_035734.4, NP_001371100.1, NP_001346109.2
OG0002224	XP_006093328.1	NP_035532.2
OG0002225	XP_006089803.1	NP_001073293.1
OG0002226	XP_023610909.1	NP_001157846.1, NP_001386598.1, XP_006513025.2, NP_001386600.1
OG0002227	XP_023610906.1	XP_006514102.1, NP_001186116.1, NP_081213.1
OG0002228	XP_006089115.1	XP_011247125.1, NP_683514.2, NP_945174.1
OG0002229	XP_006089120.1	NP_598556.1
OG0002230	XP_006089147.1	NP_036021.1, XP_006533369.1
OG0002231	XP_023608541.1	XP_011243643.1, NP_001008420.1
OG0002232	XP_006085930.1, XP_014308845.1	NP_082453.2, NP_001347672.1, NP_001347673.1, XP_036009503.1
OG0002233	XP_023603108.1	NP_473437.2, NP_001171318.1, NP_001171316.1, NP_001171317.1, XP_030099888.1
OG0002234	XP_023620684.1	NP_001273570.1, XP_006510521.1, NP_849237.2
OG0002235	XP_006102651.1	NP_766148.2, XP_011247218.1
OG0002236	XP_006085137.1, XP_006089842.1	NP_033777.1, NP_001171073.1, XP_017175412.1, NP_001171076.1, NP_001171075.1
OG0002237	XP_006087404.1	XP_036020444.1, NP_084261.1
OG0002238	XP_023608549.1	XP_011238834.1, NP_001412052.1, NP_001412053.1, NP_001272887.1, NP_001272885.1, NP_766462.2
OG0002239	XP_023600021.1	NP_001075026.1
OG0002240	XP_023600019.1, XP_006102969.1, XP_006102968.1	NP_065594.2
OG0002241	XP_023608341.1	NP_001365945.1, NP_001365946.1, NP_001365947.1, NP_780394.1, XP_006531460.1
OG0002242	XP_006099474.1, XP_014320419.1	XP_036010147.1, NP_080757.1
OG0002244	XP_006086790.1, XP_006088270.1	NP_077128.2, XP_036018031.1
OG0002245	XP_023609228.1	NP_001074937.1, NP_001074935.1, NP_001074934.1, NP_001074933.1, NP_065064.2, NP_001334417.1, NP_001074932.1, NP_001074931.1, XP_011239187.1, NP_001074938.1, NP_001074939.1, NP_001231865.1, NP_001074936.1
OG0002246	XP_023609642.1	NP_001346540.1, XP_030110791.1, NP_113583.2
OG0002247	XP_014307804.1	NP_057892.2
OG0002248	XP_023600197.1	NP_001365456.1, NP_001365454.1
OG0002249	XP_014309480.1	NP_079880.1, NP_001343892.1
OG0002250	XP_006103547.2	NP_001407169.1, NP_598704.2, NP_001035774.1, NP_001407168.1, NP_001407172.1, NP_001407171.1, NP_001407173.1, NP_001407170.1
OG0002251	XP_014312842.2, XP_006109094.1	NP_084074.1, NP_001344069.1
OG0002252	XP_014304281.1, XP_014304285.1	NP_035451.1, NP_001371026.1, NP_001371023.1, NP_001371027.1, NP_001371029.1, NP_001070889.1
OG0002253	XP_006105143.2	NP_001106950.1, XP_017175000.1, NP_033172.2
OG0002254	XP_014315044.1	NP_877422.2
OG0002255	XP_014315066.1	NP_035708.2
OG0002256	XP_006093967.2	NP_034853.1, NP_001155242.1
OG0002257	XP_006089932.1	NP_032895.1
OG0002258	XP_023609713.1	NP_775600.1, NP_001343418.1, XP_011237114.1
OG0002259	XP_023617328.1	NP_071314.1, XP_006502211.1
OG0002260	XP_014319042.1	XP_036019277.1
OG0002261	XP_006097920.1	NP_001396408.1, NP_001396410.1, NP_001032811.2, NP_001396416.1, NP_001396415.1, NP_033744.1, NP_001396412.1, NP_001396413.1, NP_001396417.1, NP_001396418.1, NP_001396414.1, NP_001396409.1, NP_001396411.1
OG0002262	XP_023606614.1, XP_006085162.1, XP_006093233.1	NP_001345235.1
OG0002263	XP_014301023.1	XP_006516134.1, NP_058552.1
OG0002264	XP_023611568.1, XP_014320273.1	XP_030102642.1, NP_001315976.1
OG0002265	XP_023616520.1, XP_006097015.1	NP_543119.2
OG0002266	XP_006104766.1	NP_705815.1
OG0002267	XP_006108717.1, XP_014305656.1	XP_006515979.1, NP_766541.2
OG0002268	XP_006098349.1, XP_006098350.1	NP_848728.2
OG0002269	XP_006109929.1, XP_006107979.1	XP_006516357.1, NP_780416.2, NP_001348845.1, NP_001348846.1
OG0002270	XP_023604183.1, XP_006109054.1	NP_001348843.1, NP_081636.1, XP_030101292.1
OG0002276	XP_006092502.1	NP_034785.1
OG0002277	XP_006092454.1	NP_082300.1, XP_030102201.1
OG0002278	XP_014301801.1, XP_014301799.1, XP_023600981.1, XP_014305681.1	NP_033165.1, NP_035468.1
OG0002279	XP_023605181.1, XP_006109389.2	NP_001277342.1, XP_006497912.1, NP_033448.2
OG0002280	XP_006107900.1	NP_001107046.1
OG0002281	XP_006105867.1	NP_001411588.1
OG0002282	XP_014302523.1, XP_023601715.1, XP_006104835.1	NP_083122.1, XP_030107995.1
OG0002283	XP_006102140.1	NP_001263354.1, NP_035503.1
OG0002284	XP_006102157.2	NP_033321.2
OG0002285	XP_023615900.1, XP_006096350.1, XP_006096349.1	NP_950190.2
OG0002286	XP_023602971.1, XP_023602968.1, XP_023602967.1, XP_023602970.1, XP_023602972.1, XP_023602969.1	NP_001104758.1
OG0002288	XP_014319614.1	NP_001398349.1, NP_032695.3
OG0002289	XP_014304345.1	NP_082607.3, XP_036015501.1
OG0002290	XP_006083340.2	NP_001349796.1
OG0002291	XP_006088132.1	NP_001004025.1
OG0002292	XP_023607887.1, XP_014309344.1, XP_023607886.1, XP_006086594.1, XP_014309343.1	NP_001344385.1
OG0002293	XP_023618234.1	NP_081554.2
OG0002294	XP_006102779.1	NP_001032798.1, NP_001356127.1, XP_006537591.1, NP_951012.2, NP_001413084.1, NP_001413083.1
OG0002295	XP_006088130.1	NP_082805.1, NP_079899.1
OG0002296	XP_014307406.1	NP_001159888.2
OG0002297	XP_006093293.1	NP_001342051.1, NP_083105.3, XP_030099067.1
OG0002298	XP_006090411.1, XP_023610946.1	NP_001139441.1, NP_001139440.1, NP_081376.2
OG0002299	XP_023615529.1	NP_001366555.1, NP_001366556.1, NP_109658.2, XP_006538446.1
OG0002300	XP_006095902.1	NP_079945.1
OG0002302	XP_023615470.1	NP_001029044.1
OG0002303	XP_023600094.1, XP_023600090.1	NP_444414.2
OG0002303	XP_014323821.2	NP_001019319.1
OG0002304	XP_023620449.1	NP_510962.2
OG0002304	XP_006109726.2	NP_001128565.1
OG0002305	XP_014320101.1	NP_001404759.1, NP_076222.1, NP_001404761.1, NP_001404760.1
OG0002306	XP_006085379.1, XP_014308222.1	NP_001258638.1, NP_001258637.1, NP_034863.1
OG0002307	XP_006085380.1	NP_444352.2, XP_017170750.1
OG0002308	XP_006087328.3	NP_001005788.2
OG0002309	XP_023614316.1	NP_955767.1, XP_017175755.1
OG0002310	XP_006087330.1	NP_082418.1, NP_001356004.1, NP_001356005.1
OG0002312	XP_006081839.1	NP_766270.2
OG0002313	XP_023612894.1	NP_001411742.1, NP_033582.2, NP_001411744.1, NP_001411743.1, XP_006509379.1
OG0002314	XP_023614659.1	NP_083804.3, XP_006506793.1, NP_001273513.1, NP_001106798.1
OG0002315	XP_006088389.1	NP_031589.1
OG0002316	XP_023620324.1, XP_006101092.1, XP_023604041.1, XP_023604040.1	NP_083914.2, XP_030111522.1, NP_001155094.1, NP_001155093.1
OG0002317	XP_023616604.1, XP_006097096.1	NP_001012685.2
OG0002319	XP_006098318.1, XP_023607586.1	NP_001161394.1, NP_080860.3, NP_001161393.1, XP_006509248.1
OG0002320	XP_006091762.1	NP_001369758.1, NP_001369759.1, NP_001369760.1, NP_001369757.1, NP_001369756.1, NP_001369761.1, NP_780640.2, NP_001369755.1, XP_006515093.1, NP_001369754.1
OG0002321	XP_023619245.1	XP_006514423.1, XP_030110817.1
OG0002322	XP_006110147.1	NP_083156.2, NP_001349038.1, XP_030111504.1
OG0002323	XP_006096836.1	XP_006506646.1, NP_077201.1, NP_001349007.1, NP_001349009.1, NP_001349008.1
OG0002324	XP_006096941.3	NP_081517.2
OG0002325	XP_014316789.1	NP_766100.1, NP_084161.1, XP_006501313.1
OG0002326	XP_006091985.1	NP_667222.1
OG0002326	XP_014313937.1	NP_666794.1
OG0002327	XP_014314032.1, XP_014314031.1	NP_001298045.1
OG0002328	XP_006104404.1	NP_001411741.1, NP_077193.1, NP_001343923.1, NP_001411740.1
OG0002329	XP_006081775.1	NP_663575.1
OG0002330	XP_014310680.1	NP_079799.1, XP_036019119.1
OG0002331	XP_014308475.2	NP_001390081.1
OG0002332	XP_023617994.1	NP_001135421.1, NP_001408816.1, NP_001408818.1, NP_001408819.1, NP_001408820.1, NP_001135420.1, NP_062274.1, NP_001408817.1
OG0002333	XP_023611486.1, XP_006090928.1	NP_034550.2, NP_001411398.1
OG0002334	XP_023611453.1	NP_758468.2, NP_001129712.1, NP_780552.1
OG0002335	XP_014306746.1, XP_006083853.1, XP_006083852.1	NP_033346.2, NP_001397375.1, NP_001397377.1, NP_001397376.1, XP_006505933.1
OG0002336	XP_023609818.1	XP_030111245.1, NP_001074615.1, NP_001391015.1
OG0002337	XP_023611436.1	XP_036014787.1
OG0002338	XP_006106511.1	NP_079647.1, NP_001263371.1
OG0002339	XP_023601764.1	NP_083576.1
OG0002340	XP_014306202.1	NP_062694.1, NP_001344218.1, XP_030100321.1, NP_001344219.1, NP_001344220.1
OG0002341	XP_014303609.2	NP_001366530.1
OG0002342	XP_023603304.1	XP_006512427.1, NP_083114.2
OG0002343	XP_006100458.1	NP_035396.1
OG0002344	XP_023619101.1, XP_014320616.1	NP_067294.2, NP_001258405.1, XP_006524773.1, NP_001258407.1, NP_001258408.1, NP_001258406.1
OG0002345	XP_023617610.1, XP_006098149.1	NP_079810.2, XP_017169000.1
OG0002346	XP_014311133.1, XP_006092966.1	NP_079736.1
OG0002347	XP_014313357.2	XP_006507886.1, NP_001170883.1
OG0002348	XP_006100529.1	NP_038774.1, NP_001156655.1, XP_006507969.1, NP_001156658.1
OG0002349	XP_014321643.1, XP_006100541.1	NP_796047.2, NP_001345843.1
OG0002350	XP_006094614.1	XP_017177763.1, NP_667267.1
OG0002351	XP_023619151.1	XP_011241272.1
OG0002352	XP_006108396.1	NP_032650.1, XP_006510888.1
OG0002353	XP_006088012.1	NP_001347313.1, NP_766446.2, NP_001347311.1, XP_006499571.1
OG0002354	XP_014311937.1	NP_032470.3
OG0002355	XP_006089556.1	XP_006500160.1, NP_080937.3, NP_001158290.1
OG0002356	XP_023615298.1	NP_067281.2, NP_001407081.1, NP_001264854.1, NP_001407080.1
OG0002357	XP_006100787.1, XP_023620080.1	NP_666093.1, XP_006518442.1
OG0002358	XP_023615321.1	NP_056565.1, NP_001153637.2, XP_006529587.1, NP_001153636.1, NP_001407607.1, NP_001407608.1, NP_001153635.2
OG0002359	XP_023612504.1	NP_081109.1, NP_001032846.1, XP_030105881.1
OG0002360	XP_014307115.1	XP_006505627.1, NP_038566.1
OG0002362	XP_014309567.1	XP_017177262.1
OG0002363	XP_006095727.1	NP_001155239.1, NP_001155240.1, NP_766039.2, XP_030104297.1
OG0002364	XP_006101778.1	NP_001157832.1, NP_001157831.1, XP_006527061.1, NP_663477.3
OG0002365	XP_006095933.1	NP_938038.2, XP_011245647.1
OG0002366	XP_006088173.1	NP_001400915.1, XP_030106819.1, NP_038786.2, NP_001264029.1, NP_001157571.1, NP_001157572.1, NP_001400916.1, NP_001157573.1
OG0002367	XP_006085354.1	NP_871789.1
OG0002368	XP_014310252.1	NP_080795.1, XP_030107859.1, NP_001405537.1, NP_001405540.1, NP_001405539.1, NP_001405546.1, NP_001405542.1, NP_001405545.1, NP_001405544.1, NP_001405543.1
OG0002369	XP_023608608.1	NP_001407876.1, NP_001407867.1, NP_001407871.1, NP_001407868.1, NP_033188.3, NP_001407872.1, NP_001407874.1, NP_001407873.1, NP_001407866.1, NP_001407875.1, XP_036015740.1
OG0002370	XP_006093107.1	NP_001343396.2
OG0002371	XP_014314981.2	NP_001153081.1, NP_001153082.1, NP_079933.2, NP_001153084.1, XP_006500079.1
OG0002372	XP_006097573.1	XP_006511636.1, NP_663593.2
OG0002373	XP_023613589.1	NP_849264.1
OG0002375	XP_006103956.1	XP_006524160.1, NP_001229356.1, NP_694702.1
OG0002376	XP_006096659.1	NP_001343238.1, NP_080507.2
OG0002377	XP_023606065.1	XP_006506147.2, NP_899006.1
OG0002378	XP_023606109.1	NP_001369779.1
OG0002379	XP_023614615.1	NP_001404801.1, NP_848835.1
OG0002380	XP_006109264.3	XP_011244153.1, NP_733548.2
OG0002381	XP_006106059.1	NP_075728.1
OG0002382	XP_006084990.1	NP_035573.3
OG0002382	XP_006082371.1	NP_033263.2
OG0002383	XP_006084874.1, XP_006109390.1, XP_006084873.1, XP_014307838.2	NP_001077373.1, NP_001077374.1
OG0002384	XP_014307731.1, XP_014307727.1, XP_014305828.2, XP_014307725.1, XP_023606265.1, XP_023606268.1, XP_014307728.1, XP_023606269.1, XP_023606248.1	XP_006521876.1, XP_006522387.1, NP_958763.1, NP_001095881.1
OG0002385	XP_006105911.1	NP_666955.2
OG0002386	XP_006092995.1, XP_023613184.1	NP_032131.2
OG0002387	XP_006093003.2	XP_006516902.1, NP_031798.2
OG0002388	XP_014303417.1	NP_001276544.1, XP_006516727.1
OG0002389	XP_006108051.1	NP_001355355.1
OG0002390	XP_006098460.2	NP_001390540.1
OG0002391	XP_006082494.1	NP_001108081.1
OG0002392	XP_006096976.1, XP_006096977.1	XP_006529147.1, NP_473418.3
OG0002393	XP_023608738.1	NP_001186280.1, NP_001186281.1, XP_006528407.1, NP_036170.1
OG0002394	XP_014311207.1, XP_006088642.1	NP_081429.1
OG0002395	XP_006084701.1	NP_032837.1
OG0002395	XP_006088608.1	NP_032836.1
OG0002396	XP_023613278.1	NP_001019312.1, XP_030107204.1
OG0002397	XP_023608754.1	NP_001406071.1
OG0002402	XP_006100518.1	NP_001404384.1, NP_001404382.1, NP_001404381.1, NP_001404383.1, NP_035801.3
OG0002403	XP_023613826.1	XP_036015561.1
OG0002404	XP_006092385.1	NP_035419.1
OG0002405	XP_023608792.1, XP_014310379.1	NP_031568.2, NP_001398705.1
OG0002406	XP_006091039.1	NP_001239543.1
OG0002407	XP_006084860.1	NP_033735.3
OG0002409	XP_023605580.1	NP_001350679.1, NP_032197.3, XP_006505636.1
OG0002410	XP_023602205.1	NP_001139783.1
OG0002411	XP_023599732.1, XP_006102692.1	NP_031838.2, NP_034127.2
OG0002412	XP_006105528.1	NP_035426.1
OG0002413	XP_006105521.1	NP_034515.1, NP_001172111.1
OG0002414	XP_023604154.1, XP_023604426.1, XP_023601993.1	XP_006523926.1, NP_035293.1
OG0002416	XP_006084302.1	NP_954607.1
OG0002419	XP_023602630.1, XP_006083411.2, XP_006083413.1, XP_014302828.1	NP_076395.2, XP_006514834.1
OG0002420	XP_014310621.1, XP_023608977.1, XP_006088034.1	NP_067310.1
OG0002421	XP_023620268.1	NP_032748.1
OG0002422	XP_006086659.1	NP_035673.3, XP_006532849.1
OG0002423	XP_023614510.1	NP_001156445.1
OG0002425	XP_014307625.1, XP_023606885.1	NP_081415.1, NP_001015889.1
OG0002426	XP_023611402.1, XP_006092504.1	NP_001342605.1, NP_031866.2, NP_001342606.1
OG0002427	XP_006092546.1	NP_001397442.1, NP_001355567.1, NP_001397441.1, NP_001397439.1, NP_001397438.1, NP_001397440.1, XP_006501183.1, NP_035067.2
OG0002428	XP_006097118.1, XP_023616618.1	NP_083781.2, XP_030099566.1, NP_001116292.1
OG0002429	NP_001278669.1	NP_001095928.1
OG0002434	XP_014316236.1	NP_666965.2
OG0002435	XP_023609968.1	XP_006512786.1, NP_766373.2
OG0002437	XP_023611383.1	NP_001348073.1, NP_001348072.1, NP_001289285.1, XP_036016848.1, NP_001348074.1, NP_001348071.1, NP_766221.1
OG0002438	XP_023608374.1	NP_958750.1, XP_006526133.1
OG0002439	XP_023605931.1	NP_766525.3, NP_001271283.1, XP_006512803.1, NP_001071175.1
OG0002440	XP_006102269.1, XP_023599412.1	XP_006512540.1, NP_001345725.1, NP_079619.4
OG0002441	XP_023602635.1	NP_080920.2, XP_006523408.3
OG0002442	XP_014315881.1	NP_032439.2, NP_001041642.1, XP_011245457.1
OG0002443	XP_014305484.1	XP_030098750.1, NP_001347558.1, NP_077134.1
OG0002446	XP_023604465.1	NP_035828.1
OG0002447	XP_014305884.1	XP_006540120.2
OG0002448	XP_006093798.1, XP_023613855.1	NP_001292366.1
OG0002449	XP_006081420.1	NP_001033691.1
OG0002450	XP_014302873.2	NP_001036180.2, XP_006531195.1
OG0002451	XP_023604045.1	NP_001357999.1, NP_067365.2, NP_001357998.1, XP_036010096.1
OG0002452	XP_006094290.1, XP_014315979.1	NP_082879.1
OG0002453	XP_006097298.1	NP_001411880.1, NP_079573.2
OG0002454	XP_014322841.1, XP_006102042.1	NP_001406141.1, NP_001406138.1, NP_082211.1
OG0002455	XP_023614096.1, XP_006094053.1	NP_032701.2, XP_036019700.1
OG0002456	XP_006107374.1	NP_001356221.1, NP_032572.3, NP_001155271.2, XP_006538677.1, NP_001408172.2
OG0002457	XP_006105812.1	NP_001074643.1
OG0002458	XP_023599037.1	XP_006514140.1
OG0002459	XP_014321990.1	NP_001344056.1, XP_006529306.1
OG0002460	XP_014302743.1	NP_033827.2, NP_034281.2, XP_006517148.1
OG0002461	XP_006081296.1	NP_031775.1
OG0002462	XP_023617219.1, XP_023617218.1, XP_023617221.1	NP_034206.1, NP_001278730.1
OG0002464	XP_023619368.1	NP_722474.2
OG0002465	XP_023619493.1	NP_001347003.1, XP_006519708.1, NP_083665.2
OG0002466	XP_006081669.1	NP_032765.3
OG0002467	XP_006089167.1	XP_006532913.1, NP_663401.2, NP_850930.1
OG0002468	XP_006095443.1, XP_023615156.1, XP_014316907.1, XP_023615154.1, XP_023615155.1	XP_006517806.1, NP_080403.4, NP_001107022.1, NP_001347734.1
OG0002469	XP_006095440.1, XP_014316901.1	XP_036013850.1, NP_001278368.1, NP_666054.2
OG0002470	XP_006083741.1	XP_036014717.1
OG0002471	XP_023599026.1	NP_001408439.1, NP_001344541.1, NP_001344540.1, NP_001344539.1, NP_001344543.1, NP_001344542.1, XP_030100152.1, NP_898994.2
OG0002472	XP_023599016.1	NP_001025009.1
OG0002474	XP_006107021.1	NP_001157215.1, NP_848507.2, NP_001157214.1
OG0002475	XP_023618751.1	XP_011240675.1, NP_001396886.1, NP_001182610.1
OG0002476	XP_014305930.1	NP_033047.2, XP_036012349.1, NP_001032853.1
OG0002477	XP_006096056.1, XP_006096055.1	XP_036018681.1, NP_058018.2, XP_036019379.1
OG0002478	XP_014309797.1	NP_082226.1, XP_006531440.1
OG0002479	XP_023608348.1	NP_081034.1
OG0002480	XP_023611762.1	XP_006531254.1, NP_061293.2, NP_598718.2, NP_001273189.1
OG0002482	XP_023613127.1	NP_033729.1, NP_001276939.1, XP_036020624.1
OG0002483	XP_014312892.1	NP_001390246.1, NP_113596.2, NP_001390244.1
OG0002484	XP_023615943.1	XP_011239315.1, NP_598496.3
OG0002485	XP_023600547.1	NP_796336.1
OG0002486	XP_023600397.1	NP_001355284.1, NP_034199.1, NP_001355287.1, XP_036008534.1, NP_001355285.1, NP_001355286.1, NP_001399253.1
OG0002487	XP_023600422.1	NP_034028.1, NP_001399177.1, NP_001288303.1, NP_001399176.1, XP_006507348.1
OG0002488	XP_006105443.1	NP_666312.1
OG0002489	XP_014312824.1, XP_014312825.1, XP_023604975.1, XP_014306274.1, XP_023604976.1	NP_001401132.1
OG0002490	XP_014304553.2	XP_006524706.1, NP_001395135.1, NP_001156742.1
OG0002491	XP_006103733.1	XP_006524740.1, NP_062705.1
OG0002492	XP_023612867.1, XP_023612869.1, XP_006092673.1, XP_023612868.1	NP_001171241.1, XP_036018970.1
OG0002493	XP_006092679.1	NP_766273.1
OG0002494	XP_023613412.1	NP_001155211.1, XP_006534863.1, NP_573511.2, NP_001155210.1
OG0002495	XP_014323493.1	NP_001343407.1, NP_573456.1, XP_006495672.1
OG0002496	XP_014305077.1	NP_034224.1, NP_796073.1
OG0002497	XP_023609779.1	NP_083025.1
OG0002498	XP_006107824.1	NP_001408120.1
OG0002500	XP_006097869.1	NP_001156963.1, NP_001156961.1, NP_038686.3, NP_001156962.1, XP_006501250.1
OG0002501	XP_023606567.1	NP_444329.2
OG0002502	XP_023616938.1	XP_017173323.1, NP_034388.2
OG0002503	XP_006097035.1	NP_001404467.1
OG0002505	XP_006101730.1	NP_899009.2, XP_006516295.1
OG0002506	XP_006106036.2	NP_080811.1
OG0002507	XP_006098343.1, XP_023617788.1	NP_001409909.1, NP_001025015.1, NP_001351294.1, NP_001025014.1, NP_001351297.1, NP_035835.1, XP_006515872.1, NP_001351296.1
OG0002508	XP_006099466.1, XP_006096915.1, XP_006082142.1	NP_081522.1
OG0002509	XP_006110006.1	NP_001350354.1, NP_598557.3
OG0002512	XP_023600485.1, XP_006103509.1, XP_014301352.1	NP_081383.1
OG0002513	XP_014314363.1, XP_006109577.3	NP_079551.3, NP_001239122.1
OG0002514	XP_006092509.1	NP_001258302.1, NP_001258304.1, NP_001258303.1, NP_001028607.1, XP_006533711.1, NP_001258301.1
OG0002515	XP_023612629.1	NP_001343253.1
OG0002516	XP_023604126.1	NP_080771.3, XP_006498322.1, NP_001032175.1
OG0002517	XP_006093704.1, XP_006093705.1, XP_006093703.1, XP_006093706.1	XP_030101044.1, NP_064337.1
OG0002518	XP_023599546.1	NP_001039023.1, NP_032863.2
OG0002519	XP_006105781.2, XP_006105782.1, XP_023602442.1	NP_064297.1
OG0002520	XP_023599751.1	NP_001407280.1, NP_001281100.1, NP_034873.2, NP_001407278.1, NP_001407279.1, NP_001020773.1, NP_001407277.1
OG0002521	XP_023599763.1	XP_006495776.1, NP_032388.1
OG0002522	XP_023617253.1	XP_006496069.1
OG0002523	XP_014306170.1	NP_001407579.1, NP_033565.2, NP_001276694.1, NP_001276695.1, NP_001276541.1
OG0002524	XP_023604241.1	NP_613046.2, NP_001039329.1, NP_001039328.1
OG0002525	XP_023609684.1	NP_079622.1
OG0002526	XP_006081164.1, XP_023599874.1	NP_084373.1, NP_080025.3, NP_001347913.1, XP_006526222.1
OG0002527	XP_014322967.2	NP_031412.2, NP_001406881.1
OG0002528	XP_014319828.1	NP_001078984.1, XP_036020082.1
OG0002529	XP_006103275.1	NP_001412055.1, XP_006538238.1, NP_001074641.1, NP_001412056.1
OG0002531	XP_023618057.1	NP_001170941.1
OG0002532	XP_006107412.1	NP_001386923.1
OG0002533	XP_023600347.1	NP_766206.1, NP_081336.1, XP_006524157.1
OG0002534	XP_006107372.1	NP_079812.1, NP_001404497.1
OG0002535	XP_023606695.1	XP_006520707.1, NP_001398645.1, NP_033035.3
OG0002537	XP_023619585.1	NP_001164983.2
OG0002538	XP_023600450.1	NP_001288650.1, XP_030106038.1, NP_778180.1, NP_001288651.1
OG0002539	XP_023611097.1	XP_006505018.1, NP_598692.1, NP_082646.1
OG0002540	XP_006085083.1	XP_006505232.1, NP_082268.2
OG0002541	XP_006085109.1	NP_035913.1
OG0002542	XP_006088855.1	XP_030111367.1, NP_061239.1
OG0002543	XP_006088808.1	NP_001404633.1, NP_001404632.1, NP_081544.1, NP_001404631.1
OG0002544	XP_006096283.1	XP_006505015.1, NP_083266.1
OG0002545	XP_006094257.1, XP_014315947.1, XP_014315949.1, XP_014315948.1, XP_014315946.1	NP_034421.1
OG0002547	XP_006099211.1	NP_694799.1
OG0002548	XP_006094215.1	XP_036019940.1, NP_001343384.1, NP_001343385.1, NP_666265.3
OG0002549	XP_006094249.1	NP_803413.1, NP_001272814.1, NP_001272816.1, NP_001272817.1
OG0002550	XP_006084015.1	NP_031818.3
OG0002551	XP_006084177.1	NP_032708.2, XP_036011566.1
OG0002552	XP_014307007.1, XP_006084128.1, XP_006084126.1	NP_001129041.1, NP_001129039.1, NP_001129040.1
OG0002553	XP_006084123.1	NP_083378.3, XP_006514318.1
OG0002554	XP_006081816.1	XP_006531551.1, NP_001009981.1, NP_084012.1, NP_001269037.1
OG0002555	XP_006081919.1	NP_081771.2, NP_001366472.1, XP_006502121.1, NP_001366471.1
OG0002556	XP_014320227.1	NP_001243360.1
OG0002557	XP_023607643.1, XP_006086286.1, XP_006086287.1	NP_001351406.1
OG0002558	XP_006086229.1	XP_017168286.1, NP_001351381.1, NP_001351379.1, NP_808409.1, NP_001351380.1
OG0002559	XP_014309080.1, XP_023607601.1, XP_006086226.1	NP_766499.2, NP_001413501.1
OG0002561	XP_006099897.1	NP_081497.2, NP_001350266.1
OG0002562	XP_014303478.1, XP_014303475.1, XP_006083494.1	NP_001157231.1
OG0002563	XP_023601070.1	NP_001030305.1, NP_001397280.1, NP_001397279.1, NP_001397278.1, NP_035505.2, XP_006505882.1, NP_001397282.1, NP_001397281.1, NP_001397283.1
OG0002565	XP_006095236.1, XP_014316721.1, XP_006095237.1	XP_006502075.1, NP_081251.1
OG0002566	XP_014316737.1	NP_001028474.1
OG0002567	XP_014316778.1	NP_001078852.1, XP_036019228.1, NP_001366475.1, NP_001366474.1, NP_076117.2
OG0002568	XP_023603447.1, XP_023603893.1, XP_014304212.1, XP_006106840.1, XP_023603446.1, XP_014305874.1	XP_011245725.1
OG0002569	XP_006085421.1	NP_062364.3
OG0002570	XP_023599592.1	NP_001161256.1, NP_058617.3, NP_001129563.1, XP_011246934.1
OG0002571	XP_006101646.1	NP_001033320.1, NP_035923.1, NP_001273537.1
OG0002572	XP_006105929.1, XP_023602554.1	NP_001161271.1, XP_030106858.1, NP_062803.4
OG0002573	XP_023603325.1	NP_079886.2
OG0002574	XP_023602173.1	NP_032542.1
OG0002575	XP_023620769.1	NP_001155139.1, NP_444345.2, XP_006518171.1
OG0002576	XP_006107652.3	NP_001344109.1, NP_001344110.1, NP_036107.1, NP_001344111.1, XP_006509734.1
OG0002578	XP_014322708.1	NP_001272364.1, XP_011241828.1
OG0002580	XP_014313332.1	XP_006507338.1, NP_031628.1, NP_001288179.1
OG0002581	XP_006089715.1	NP_001298090.1, NP_001033713.1, XP_006508005.1
OG0002582	XP_006083606.2	NP_001157761.1, NP_001406807.1, XP_006518990.1, NP_001157799.1, NP_766191.1, XP_011243325.1
OG0002583	XP_006083657.1	NP_001272352.1
OG0002584	XP_023610486.1	NP_001153571.1, NP_067361.2
OG0002585	XP_006098020.1	NP_034109.1
OG0002586	XP_023617480.1	NP_001078990.1
OG0002587	XP_006087621.1	NP_001359439.1, NP_001359436.1, NP_001076788.1, NP_001359437.1
OG0002588	XP_006083733.1	NP_001389691.1
OG0002589	XP_014311269.1	NP_001396578.1, NP_001396579.1, NP_001361606.1, NP_001396580.1, NP_031778.2, NP_001396576.1, NP_001396575.1, NP_001396577.1, NP_001263177.1, NP_001263179.1
OG0002590	XP_023609539.1	NP_001161753.1
OG0002591	XP_006096505.1	NP_079952.2, NP_001277983.1
OG0002592	XP_023610261.1	NP_001012392.1, NP_700467.2
OG0002593	XP_006089469.1	NP_080152.1
OG0002594	XP_006089492.1	XP_017174731.1, NP_001405584.1, NP_001405589.1, NP_001405590.1, NP_001405588.1, NP_001405587.1, NP_001405586.1, NP_001405585.1, NP_835212.1
OG0002595	XP_006089513.1	NP_034709.1
OG0002596	XP_023612022.1, XP_006091482.1	NP_083788.2
OG0002597	XP_006091413.1	NP_001239502.1
OG0002598	XP_006095479.1	XP_006500086.1, NP_780321.1
OG0002599	XP_023601335.1, XP_006104317.3, XP_023601336.1	XP_036013259.1, NP_001342147.1, NP_683735.1
OG0002600	XP_014302094.1	NP_955016.1, XP_036018229.1, NP_001366401.1, NP_001366400.1
OG0002601	XP_023601316.1, XP_023601317.1, XP_023601315.1, XP_014302071.1	NP_081932.1
OG0002602	XP_006082384.2, XP_023613012.1	NP_796177.2
OG0002603	XP_006085562.1, XP_006085563.1	XP_006519546.1, NP_080802.2
OG0002604	XP_006081970.1	NP_963904.2, XP_006519262.1
OG0002605	XP_023611548.1, XP_014312298.1	NP_808296.2, XP_006518940.1
OG0002606	XP_006100789.1	NP_001351250.1
OG0002607	XP_023600829.1	NP_062739.2, NP_001278158.1, NP_001346151.1, NP_001346150.1, NP_001334397.1, NP_001346153.1, NP_001346152.1, NP_001346149.1, XP_006530470.1
OG0002608	XP_014320080.1	XP_006530534.1, NP_001346383.1, NP_083028.1, NP_001035954.1
OG0002609	XP_014304306.1	NP_001293134.1
OG0002610	XP_023599232.1	NP_001343943.1, NP_001343942.1, NP_001343940.1, XP_011247874.1, NP_082662.1, NP_001343944.1, NP_001343941.1
OG0002611	XP_023599221.1	NP_033445.3, NP_001313519.2, NP_001361638.1, NP_001361637.1, XP_006534912.1
OG0002612	XP_006099351.1	XP_017170339.1, NP_001177335.1, NP_084504.2, NP_001177337.1, NP_653146.1
OG0002613	XP_023604281.1, XP_006099343.1	NP_001405080.1
OG0002614	XP_006104934.1, XP_006105593.1	NP_663330.2
OG0002615	XP_014303178.1	XP_036021116.1
OG0002617	XP_006106312.1	NP_032211.3
OG0002617	XP_023604236.1	NP_598755.1
OG0002618	XP_023618979.1	NP_001272813.1, NP_001272815.1, NP_001345333.1, NP_001035773.1, XP_030105206.1, NP_291087.2
OG0002619	XP_006099574.1	NP_001313505.1, XP_006522054.1, NP_035754.1
OG0002620	XP_006085593.1	XP_006506877.1, NP_705736.1
OG0002621	XP_023615727.1	NP_038596.1, NP_001397004.1, NP_001397001.1, NP_001397003.1
OG0002622	XP_006109869.1	NP_001239026.1
OG0002623	XP_023608030.1	XP_036015004.1, NP_031753.1, NP_001344980.1, NP_001153120.1, NP_001153119.1, NP_001398100.1
OG0002624	XP_023604873.1, XP_006086787.1	NP_766025.1, XP_006521607.1
OG0002626	XP_023615433.1	NP_031421.1
OG0002627	XP_023610677.1	NP_001157834.1
OG0002628	XP_014322610.1, XP_014322611.1	XP_006526629.1, NP_001349327.1
OG0002629	XP_006095914.1	NP_001273394.1, NP_001032847.2, NP_001347051.1, NP_001347056.1, NP_033901.1, NP_001347055.1, XP_036017298.1, NP_001347049.1, NP_001347053.1, NP_001396921.1
OG0002630	XP_006108680.1	NP_001345202.1
OG0002631	XP_014323053.1, XP_014323052.1	NP_079823.2, XP_036014003.1
OG0002633	XP_023607378.1	NP_035674.2
OG0002634	XP_006093457.1	NP_001344742.1
OG0002635	XP_006087979.1	NP_080088.1, XP_036011088.1
OG0002636	XP_006107749.1	XP_011244402.1, NP_001103968.1, NP_001334187.1, NP_034639.2
OG0002637	XP_014307595.1	NP_001394924.1, NP_001394925.1, XP_006535347.1, NP_084223.2, NP_001394923.1
OG0002638	XP_023611549.1	XP_006521945.1, NP_001345146.1, NP_001032398.1
OG0002640	XP_023615158.1	NP_853619.1, XP_006520239.1
OG0002641	XP_006081496.1	NP_001162130.1
OG0002642	XP_006084959.1	NP_077162.2
OG0002643	XP_014320342.1	NP_038858.2, XP_006516645.1
OG0002644	XP_006105891.1	NP_898835.1
OG0002645	XP_014301673.1	XP_036016888.1
OG0002646	XP_023600885.1	NP_808452.2, NP_001347323.1, NP_001347324.1
OG0002647	XP_014323299.1	NP_034598.2
OG0002648	XP_006082455.1	NP_001258455.1
OG0002649	XP_006082454.1	XP_006496249.1, NP_075364.2
OG0002650	XP_006082467.1, XP_023616004.1	NP_765994.2, XP_036009516.1
OG0002651	XP_006082563.1	XP_006496192.1
OG0002653	XP_023613700.1, XP_006096978.1	NP_001408009.1, NP_001408008.1, NP_001161421.1, NP_001408007.1, NP_998781.1
OG0002654	XP_023599867.1, XP_014308707.1	NP_001033681.1, NP_075994.2, NP_001033682.1, NP_001033683.1
OG0002655	XP_006082885.1	XP_036017948.1, NP_001268791.1, NP_001268788.1, NP_067451.2
OG0002656	XP_006082882.1	NP_766023.1, NP_001344739.1
OG0002657	XP_006083027.1	NP_001156576.1, XP_006527999.1, NP_001257937.1
OG0002658	XP_023604850.1, XP_006082363.1, XP_006082359.1	NP_033879.1, NP_033078.2
OG0002659	XP_014315701.1, XP_014314161.1	NP_780748.1, NP_001177647.1, NP_848854.3
OG0002660	XP_006085691.1	NP_036140.1
OG0002661	XP_006090619.1	NP_778210.2, NP_778211.2, NP_001161793.1, NP_778209.2, XP_030107359.1, NP_083786.2
OG0002662	XP_023615805.1	NP_001396406.1, NP_001396405.1, NP_001396404.1, NP_001095916.1, NP_001396403.1, NP_001396402.1, NP_001396401.1, NP_033783.1
OG0002663	XP_006089314.1, XP_023620233.1	XP_006527918.1, NP_032472.2
OG0002664	XP_006082969.1, XP_023620267.1	XP_011245987.1, NP_001343313.1, NP_082579.1
OG0002665	XP_006082177.1, XP_023613810.1, XP_006082175.1	NP_001368805.1, XP_006541590.1, NP_062654.2
OG0002666	XP_023608763.1	NP_001129539.1
OG0002667	XP_023604795.1, XP_006107503.3	NP_694712.1, XP_006514594.1
OG0002668	XP_014307568.1	NP_001035916.1, NP_033247.1
OG0002669	XP_006088151.1	NP_001074479.2
OG0002670	XP_023617577.1, XP_023617639.1, XP_014309293.1, XP_014309257.1, XP_023617618.1, XP_023617540.1	XP_036021220.1, NP_062721.2
OG0002676	XP_006085278.1	NP_001398858.1, NP_062353.3, NP_001344619.1, NP_001344620.1
OG0002677	XP_023602038.1	NP_035462.2, XP_006530845.1
OG0002678	XP_014315349.1	NP_001344151.1, XP_017168626.1, NP_001344150.1, NP_032386.1
OG0002679	XP_006104769.1	NP_034473.2
OG0002680	XP_006102213.1	NP_033561.1, NP_001192062.1, NP_001192061.1
OG0002681	XP_006091364.1	NP_058602.1
OG0002682	XP_023611450.1	NP_001297611.1
OG0002683	XP_006103069.1	NP_032387.1, XP_006498858.1
OG0002684	XP_023599865.1	NP_001357942.1, XP_006529837.1, NP_001075122.1, XP_006524804.1, XP_006529657.1, NP_766439.2
OG0002685	XP_023609502.1	NP_001277684.1, NP_573474.1, NP_001277686.1, NP_001277685.1, NP_001277687.1, XP_006528776.1
OG0002686	XP_014303294.1	NP_898842.2, NP_001413167.1, XP_006524339.1
OG0002687	XP_006084697.1	XP_006501002.1, NP_001264145.1, NP_001341972.1, NP_031586.1, NP_001264147.1, NP_001264146.1
OG0002688	XP_014304588.1	NP_032512.2, XP_036008613.1
OG0002689	XP_023611304.1	NP_065241.1, XP_006507026.1
OG0002692	XP_023610474.1	NP_001028508.2
OG0002693	XP_023606199.1	NP_001398181.1
OG0002694	XP_006087803.1	NP_001344679.1, NP_666215.1
OG0002695	XP_006108814.1, XP_006092667.1	XP_036014903.1, NP_079720.1
OG0002696	XP_006093427.1	NP_077174.1, XP_036011111.1
OG0002697	XP_006108143.1	NP_001292207.1, NP_034054.3
OG0002698	XP_023605025.1	NP_001273794.1, NP_035405.2
OG0002699	XP_006082106.1, XP_006082107.1, XP_014307778.1	NP_083647.1, NP_082518.1
OG0002700	XP_023600370.1	NP_038502.2, NP_001292478.1, NP_001292514.1, NP_001292479.1
OG0002702	XP_006104777.1	NP_001400503.1
OG0002703	XP_006103693.1, XP_023600668.1	NP_031927.2
OG0002704	XP_006095765.1, XP_014317246.2	NP_001028349.1
OG0002705	XP_023617908.1	NP_598489.2
OG0002706	XP_014316194.1	NP_001273619.1, NP_001273618.1
OG0002707	XP_006092132.1, XP_006092131.1, XP_006092133.1, XP_006092134.1	NP_666463.2, NP_666461.2, NP_667241.2
OG0002710	XP_006094836.1	NP_666656.1
OG0002711	XP_006094658.1, XP_014316168.1	NP_666968.1, NP_667298.2, NP_001011536.2
OG0002712	XP_006087526.1	NP_001011809.1
OG0002714	XP_006094085.1	NP_001230698.1
OG0002715	XP_006095130.1	XP_006512709.1, NP_001156009.1
OG0002717	XP_014309914.1	XP_017176565.1, NP_038812.2
OG0002719	XP_023601468.1	NP_001347931.1
OG0002720	XP_006084535.1	XP_006512864.1, NP_058077.2, NP_001345492.1
OG0002721	XP_023605863.1	NP_034276.2
OG0002723	XP_014315867.1	XP_011245574.3
OG0002724	XP_014304735.1, XP_014303779.1	NP_001405988.1
OG0002725	XP_023604246.1	NP_083682.1, NP_001272833.1, XP_006541219.1, NP_001265136.1
OG0002726	XP_006107056.2	NP_001018013.1, NP_001405913.1
OG0002727	XP_014304701.2	NP_001120796.1, NP_031974.2, NP_001399340.1
OG0002728	XP_014323043.2	NP_001399535.1, NP_001399536.1, NP_001399538.1, NP_001399537.1, NP_001156982.1, NP_032459.3
OG0002729	XP_006103651.1	NP_001344279.1, NP_032802.1, XP_017177516.1
OG0002730	XP_006096774.1	NP_038675.2
OG0002731	XP_023613853.1	NP_034197.3
OG0002732	XP_023607933.1	NP_033015.1, XP_006525787.1
OG0002733	XP_023614124.1, XP_006094061.1	NP_001272858.1, NP_001272857.1, NP_001272859.1, NP_848786.1
OG0002734	XP_023614098.1	XP_006539343.1, NP_001292352.1, NP_084133.1
OG0002735	XP_014302504.2	NP_001156728.1
OG0002736	XP_023605615.1, XP_006081271.1, XP_023605608.1	NP_001074821.1
OG0002737	XP_006081284.1	NP_001074645.1
OG0002738	XP_006081380.1	NP_036178.1, NP_001334531.1
OG0002739	XP_023604683.1	NP_059490.2
OG0002740	XP_014301954.1	NP_001343907.1
OG0002741	XP_014311074.1	XP_006503751.1
OG0002742	XP_023606559.1	NP_001412743.1, NP_001412742.1
OG0002744	XP_023610370.1	XP_017169565.1, NP_001291668.1
OG0002745	XP_006100037.1	NP_001345182.1, NP_001345181.1, NP_081527.1
OG0002746	XP_023610411.1	XP_006514092.1, NP_001392673.1, NP_001392675.1, NP_080361.1, NP_001392674.1, XP_006514046.1
OG0002747	XP_006089181.1	NP_694779.3
OG0002748	XP_023610825.1	NP_057913.2, XP_006520020.1
OG0002749	XP_006096408.1, XP_006096409.1	NP_064364.1, XP_030105082.1
OG0002751	XP_023613671.1	XP_006510322.1
OG0002752	XP_006103155.1	NP_083981.2
OG0002753	XP_023600830.1	XP_036012946.1, NP_083320.1
OG0002754	XP_006089828.1, XP_006089830.1, XP_023610436.1, XP_006089829.1	NP_778194.3, NP_001139439.1, XP_006503134.1
OG0002755	XP_023602126.1	NP_001157523.1, NP_001025008.2, NP_001157521.1, NP_001157524.1, NP_032866.2, NP_001157522.1, XP_006538704.1
OG0002756	XP_006087122.1	NP_766603.1, NP_001041608.1
OG0002757	XP_023608357.1	NP_001041610.1
OG0002757	XP_023618435.1	NP_001137237.1
OG0002758	XP_014309947.1, XP_023617965.1, XP_023618005.1	NP_536698.2
OG0002759	XP_006093989.1, XP_006093990.1, XP_006108866.1	NP_001028371.1, NP_997091.3
OG0002760	XP_014303708.1	NP_001034474.1, XP_006504497.1
OG0002761	XP_006107389.1	NP_082745.2
OG0002762	XP_014301381.1	NP_821172.2
OG0002763	XP_006109893.1, XP_014315786.1	NP_080252.1
OG0002764	XP_023610979.1	NP_766549.2
OG0002765	XP_014321787.1	XP_017173075.1
OG0002766	XP_006100931.1	NP_001397246.1
OG0002767	XP_023612841.1	NP_001273915.1
OG0002768	XP_014314506.1	NP_001280618.1, NP_758475.1
OG0002769	XP_006092646.1	NP_001398489.1, NP_666249.2, NP_001004293.1, NP_001398492.1, NP_001398491.1, NP_001398490.1
OG0002770	XP_006108511.3, XP_023604986.1	NP_001407267.1
OG0002772	XP_023604202.1	NP_808311.1, NP_001153723.1
OG0002773	XP_023619025.1, XP_023619026.1, XP_023619024.1	XP_036009937.1, NP_083391.2
OG0002774	XP_014319020.1	NP_001405960.1, NP_077208.1, XP_006502188.1
OG0002775	XP_014319068.1	NP_033083.2
OG0002776	XP_006095154.1	NP_001344887.1
OG0002777	XP_006109753.2, XP_006109558.1	NP_081283.2, XP_011245298.1
OG0002778	XP_006097453.1	XP_006526416.1, NP_001074691.1
OG0002779	XP_014308824.1	NP_001316627.1
OG0002780	XP_023618330.1	NP_848829.2, XP_006515893.1
OG0002781	XP_023619193.1	NP_032503.2
OG0002783	XP_006087008.1	NP_001074412.1, NP_001363954.1
OG0002784	XP_006087009.1	NP_001348633.1
OG0002785	XP_014322547.1, XP_023620885.1, XP_023620883.1, XP_006109609.2, XP_006108905.1, XP_023620884.1	XP_030102366.1
OG0002786	XP_023602741.1	NP_001398758.1
OG0002788	XP_006107907.1, XP_006107906.1, XP_006107905.1	NP_777479.2, NP_001009545.1
OG0002789	XP_023604342.1	NP_001404343.1, NP_056547.3, NP_001404342.1, NP_001404341.1, XP_006532123.1, NP_001404340.1
OG0002791	XP_023615257.1	NP_001355805.1
OG0002792	XP_006099225.1	NP_038653.1
OG0002793	XP_023615902.1	NP_001303616.1, NP_620639.1
OG0002794	XP_006103473.1	NP_001074403.1
OG0002795	XP_006085079.1	NP_035016.1
OG0002796	XP_006093743.1	NP_001346753.1, NP_083149.3, NP_001346754.1
OG0002797	XP_006093678.1	NP_062740.1, XP_036008325.1
OG0002798	XP_006098589.1, XP_006098587.1, XP_006098588.1	NP_065253.1, XP_036015423.1
OG0002799	XP_014319639.1	XP_006520307.1
OG0002801	XP_014321732.1	NP_001355709.1, NP_660124.3, XP_006496427.1
OG0002802	XP_023601875.1	NP_083397.3
OG0002803	XP_023601778.1	XP_006514852.1, NP_080381.3, NP_001103603.2, NP_001357842.1
OG0002804	XP_006093043.1	XP_017177020.1, NP_001032816.1, NP_001273539.1, NP_780685.2
OG0002805	XP_023613186.1	NP_001258786.1
OG0002806	XP_023607879.1	XP_036016849.1, NP_033990.2
OG0002807	XP_006102774.2	XP_006537843.1, NP_033442.2, NP_001264804.1, NP_001264805.1
OG0002808	XP_023609075.1	XP_006538004.1
OG0002809	XP_006093305.1	NP_599016.2, XP_030100414.1
OG0002811	XP_023610947.1	XP_006511298.1
OG0002812	XP_023615531.1	NP_690038.1
OG0002813	XP_023620371.1	XP_006512799.1, NP_077247.1
OG0002814	XP_006088437.2	XP_006505158.1
OG0002815	XP_006088811.2	NP_084300.1, XP_036008292.1
OG0002817	XP_006094231.1	NP_001013777.2, NP_001139422.1
OG0002818	XP_014310075.1	NP_001333431.1, NP_598646.4, NP_001355656.1, XP_006502680.2
OG0002819	XP_014310070.1, XP_006087363.1	NP_031697.1, NP_001288297.1
OG0002820	XP_023610312.1	XP_036019406.1
OG0002822	XP_006094781.1, XP_014316312.1, XP_006094779.2	XP_011239760.1, NP_076027.1
OG0002823	XP_006097127.1	NP_077202.1
OG0002824	XP_006109025.1	NP_035430.1
OG0002825	XP_023605022.1	XP_006515007.1
OG0002826	XP_006099851.1	XP_017176318.1, NP_001276727.1, NP_001276728.1, NP_663533.1
OG0002827	XP_014316063.1	XP_006524336.1, NP_001159965.1, NP_997129.1, NP_001398159.1, NP_001347032.1
OG0002828	XP_023612804.1	NP_080469.2, NP_001157024.1, XP_036019138.1
OG0002829	XP_006092600.1, XP_023612837.1, XP_006092601.1	XP_006501710.1, NP_001028952.1
OG0002830	XP_023619218.1	NP_001153621.1, NP_081046.2
OG0002831	XP_023603823.1	NP_997538.1, XP_036012181.1
OG0002832	XP_006091981.1	NP_666800.2, NP_666798.2
OG0002833	XP_014323283.1	NP_082353.1, NP_001345187.1, NP_001345186.1, NP_001345185.1
OG0002834	XP_014303997.2	XP_030106926.1, NP_080951.1
OG0002835	XP_006097174.3	NP_001289305.1, NP_001289306.1, NP_059494.2
OG0002836	XP_006089079.1	XP_006506580.1, NP_080531.2
OG0002840	XP_006100478.1	NP_064412.2
OG0002841	XP_006107110.1	XP_006509815.1, NP_082465.3
OG0002843	XP_006082018.1, XP_014312631.1	XP_011240911.1, NP_082436.1, NP_083211.1
OG0002845	XP_006101206.1	NP_598896.3, NP_001345827.2, XP_006513090.1
OG0002846	XP_023599077.1	XP_006514133.1, NP_001365924.1, NP_001116077.1, NP_573451.2, NP_001116076.1
OG0002847	XP_006098533.1	NP_001342055.1, NP_001355634.1, NP_001074464.1
OG0002848	XP_014313360.1	NP_001034128.2, NP_001408460.1
OG0002849	XP_006094851.1	XP_006541052.1, NP_058561.2, NP_001139525.1, NP_001139521.1, NP_001139522.1, NP_001139524.1
OG0002850	XP_006087667.1	NP_001346811.1, NP_001346812.1, XP_006518164.1, NP_081971.1
OG0002851	XP_014306040.1	NP_663435.2, XP_036014448.1
OG0002852	XP_014317831.1, XP_006096475.1	NP_001298067.1
OG0002853	XP_006096447.1	XP_017174462.1, NP_848877.2, NP_001108013.1
OG0002854	XP_014304093.1, XP_006106724.1	NP_001276581.1, XP_030108051.1, NP_001276580.1, NP_083883.1
OG0002856	XP_006108853.2	XP_006509460.1, NP_035964.1
OG0002857	XP_006082649.1	XP_006496637.1, NP_001116157.1, NP_084053.3
OG0002858	XP_006082652.1	XP_036010058.1
OG0002859	XP_023603154.1, XP_006109315.2	NP_035196.2
OG0002860	XP_023618457.1, XP_006099077.1, XP_023618456.1	NP_034009.2, NP_001345846.1, XP_011246464.1, NP_001408204.1, NP_001408203.1, NP_001345847.1, NP_001345848.1, NP_001408205.1, NP_001408206.1
OG0002862	XP_014319463.1	NP_035909.2
OG0002863	XP_023618727.1	XP_006535131.3
OG0002864	XP_006104947.1	NP_001123930.1, NP_056564.1, NP_001123931.1, XP_006514673.1
OG0002865	XP_023618340.1	NP_001280613.1, NP_001280612.1, NP_079911.1
OG0002868	XP_006084204.1	XP_006505961.1, NP_001036029.1, NP_001273682.1, NP_001028298.1
OG0002869	XP_014307101.1	NP_001163812.1, NP_663360.1
OG0002870	XP_023612072.1	NP_001344617.1, NP_001156959.1, NP_067489.3, NP_001156960.1, XP_006520664.1
OG0002871	XP_023610600.1	NP_705740.1
OG0002872	XP_006090029.1	NP_932776.1, XP_030106757.1
OG0002873	XP_006095999.1	XP_006526806.1, NP_001170841.1, NP_001170840.1, NP_062281.1
OG0002874	XP_006095950.1, XP_006095949.1	NP_001157762.1, XP_006527338.1, NP_001157763.1, NP_077154.2, NP_001157764.1, NP_001157765.1, NP_001157767.1, NP_001157766.1
OG0002875	XP_023609108.1	NP_001347277.1, NP_001347276.1, NP_001347274.1, NP_001347275.1, NP_001008543.1
OG0002876	XP_023618423.1	XP_006536298.1, NP_001177315.1, NP_081045.2, NP_001177314.1
OG0002877	XP_006102200.1	XP_006530140.1
OG0002878	XP_014310508.1	NP_034122.1, NP_001129531.1
OG0002879	XP_006093082.1, XP_006093083.1	XP_011237876.1, NP_955014.2
OG0002880	XP_006093147.1	NP_001277748.1, NP_001411668.1, NP_001277749.1
OG0002881	XP_006093145.1	NP_083751.1, NP_001277741.1, XP_011238139.1, NP_001277740.1
OG0002882	XP_006087928.1	NP_001116345.1
OG0002883	XP_006104248.1, XP_006104249.1, XP_006104247.1	NP_031646.2
OG0002884	XP_006084685.1	NP_001342179.1
OG0002885	XP_006084597.1	NP_001070735.1, NP_031542.2, NP_001070734.1, NP_001070733.1, XP_006534798.1
OG0002886	XP_006096238.1	NP_001345666.1, NP_001159931.1, NP_001159929.1, NP_666068.1, NP_001345665.1
OG0002887	XP_023614631.1, XP_023614630.1	NP_001127929.1
OG0002888	XP_006092867.1, XP_023613075.1, XP_014314701.1	NP_001402943.1, NP_080168.1
OG0002889	XP_023606285.1, XP_006084792.1, XP_023606287.1, XP_023606290.1, XP_023606289.1, XP_023606286.1, XP_023606288.1	NP_080830.1
OG0002890	XP_006084967.1, XP_006084968.1	XP_006535611.1, NP_082507.1
OG0002891	XP_023616558.1	NP_034627.3, NP_001104790.1
OG0002892	XP_023617611.1	XP_006496522.1, NP_033281.1
OG0002893	XP_006094896.1	NP_001363883.1
OG0002895	XP_006103834.1	NP_075773.2, NP_001342088.1
OG0002896	XP_006103841.1	XP_006496671.3
OG0002897	XP_023600767.1	NP_001103455.1
OG0002897	XP_023600768.1	NP_001185884.1
OG0002898	XP_023619428.1	NP_780480.2
OG0002899	XP_006082364.1	NP_035842.1
OG0002900	XP_023609452.1	NP_001361630.1
OG0002901	XP_014308560.1	NP_080005.2, XP_006528301.1, NP_001345376.1
OG0002902	XP_006109805.1	NP_001160107.1, NP_080800.1
OG0002903	XP_006090622.1	NP_034158.1, NP_036138.1, XP_006531666.1, NP_149068.1
OG0002904	XP_023616718.1	NP_997085.2
OG0002905	XP_014314672.1	XP_006527794.1
OG0002906	XP_006082116.1	XP_036017816.1
OG0002907	XP_023606238.1, XP_023606239.1	NP_766128.2, NP_001161466.1, XP_006528577.1, NP_001161467.1
OG0002908	XP_006098923.1	XP_036018648.1, NP_666033.1
OG0002909	XP_014301334.1	XP_006534005.1, NP_899082.1
OG0002913	XP_006100243.1	NP_001397049.1, NP_001397053.1, XP_011239345.1, NP_032617.2, NP_001397052.1
OG0002915	XP_023604791.1	XP_011249082.1
OG0002916	XP_023613553.1, XP_023613552.1, XP_006093413.1	NP_001155966.1, XP_036015049.1
OG0002917	XP_023602634.1	XP_006540841.1
OG0002918	XP_023604299.1	NP_001278859.1, NP_001278857.1
OG0002919	XP_023611676.1	NP_076160.1
OG0002920	XP_023610786.1	XP_006520032.1, NP_001345522.1
OG0002921	XP_023611529.1, XP_006090978.1	NP_001017429.1, XP_006521813.1
OG0002922	XP_023604186.1	NP_032147.1, NP_001258557.1
OG0002923	XP_006100107.1, XP_023619475.1, XP_023619476.1	NP_001404420.1
OG0002925	XP_023605595.1	NP_034784.1, XP_006505718.1
OG0002926	XP_006101305.1, XP_023620527.1, XP_023620529.1, XP_006101304.1, XP_023620528.1	NP_001398439.1
OG0002927	XP_006090658.1	NP_001185495.1, NP_758498.1, NP_001185494.1, XP_006495573.1
OG0002929	XP_023618357.1	NP_032857.1, NP_001028937.1
OG0002930	XP_006108633.2	XP_006530495.2, NP_071300.2
OG0002931	XP_006084406.1	NP_954605.1, NP_996902.1, NP_996894.1, NP_065247.1, NP_996899.1
OG0002933	XP_023599900.1	NP_001277942.1, NP_001342358.1, NP_058598.1, NP_001408416.1, NP_001408419.1, NP_001408417.1, XP_036018285.1, NP_001356165.1, NP_001408418.1, NP_001408422.1, NP_001277941.1
OG0002934	XP_023603882.1	XP_036014050.1
OG0002935	XP_023605174.1	NP_001074616.1
OG0002936	XP_023606012.1	NP_001408532.1
OG0002937	XP_006093015.1	NP_080782.1
OG0002938	XP_006105654.1	NP_031776.1, XP_036010895.1
OG0002939	XP_006098601.1	NP_001405578.1
OG0002940	XP_006098723.1, XP_006098724.1	NP_001350945.1, NP_001350946.1, NP_079774.1
OG0002941	XP_006106418.1	NP_001365758.1, NP_001344658.1, NP_001344659.1, NP_001280560.1, NP_001365759.1, NP_032089.2, NP_001280559.1, XP_030099913.1
OG0002944	XP_006081947.1	NP_776299.1
OG0002945	XP_006087680.1	NP_001346826.1
OG0002945	XP_006087679.1	XP_036008360.1
OG0002946	XP_023616038.1	NP_061294.2, NP_001408432.1, XP_006499970.1, NP_001342359.1
OG0002947	XP_006084133.1	NP_034642.2, XP_006513318.1, NP_001104745.1
OG0002948	XP_023620782.1	NP_001157055.1, NP_001157057.1, NP_001157056.1, NP_001157053.1, NP_001157054.1, NP_001157050.1, NP_032961.2, NP_001157049.1, XP_017176209.1
OG0002949	XP_006094714.1	NP_666969.1
OG0002950	XP_006096951.1	NP_667092.1, NP_001001809.2
OG0002951	XP_006108889.1, XP_023619468.1	NP_035121.1
OG0002955	XP_014316580.1	NP_080612.1
OG0002956	XP_006101027.1	NP_001366359.1, NP_766555.1
OG0002957	XP_014309629.1	NP_932136.2, XP_006526886.1
OG0002958	XP_006086863.1	NP_001028931.1, NP_114386.3
OG0002959	XP_006108843.1	XP_036013838.1, NP_001268809.1
OG0002960	XP_006102262.1	NP_001165952.1, NP_079987.2
OG0002961	XP_023608614.1	NP_035943.3, NP_001103798.1, NP_001103800.1, NP_001103799.1, NP_001347172.1, NP_001347170.1, NP_001347171.1
OG0002963	XP_023602221.1, XP_014303054.1	NP_808358.2
OG0002965	XP_006108904.1	NP_001365377.1
OG0002967	XP_006108207.1	NP_001403114.1, NP_033499.1, NP_001272446.1, NP_001272447.1, NP_001272448.1, XP_017177615.1
OG0002968	XP_006107567.1	NP_056604.2, XP_006541048.1
OG0002969	XP_006109184.1	NP_067457.2
OG0002970	XP_006108259.1, XP_006109533.1	NP_001272860.1, NP_001272861.1, NP_082159.3, XP_006540432.1
OG0002971	XP_014323479.1	NP_001349083.1, NP_742160.1
OG0002972	XP_023599743.1	NP_444438.2
OG0002973	XP_023599739.1	XP_036011331.1, XP_036013610.1, XP_036013676.1, NP_001272754.1, NP_001040102.1, NP_056597.3
OG0002974	XP_006096775.2	NP_001404238.1, NP_001404237.1, NP_001404239.1, XP_006539766.1, NP_038704.1
OG0002975	XP_006096740.1	XP_006539623.1, NP_796275.3
OG0002979	XP_023604270.1, XP_014305798.1	NP_001404130.1, NP_001404131.1, XP_006539739.2, NP_035404.4
OG0002980	XP_023611089.1	XP_036013680.1, NP_080890.1
OG0002981	XP_023607960.1	NP_001392210.1, NP_001392219.1, NP_001392209.1, NP_001392207.1, NP_694793.1, NP_001392211.1, NP_001392206.1, XP_006525852.1, NP_001334378.1
OG0002982	XP_014311008.1	NP_001361570.1, NP_065640.2, NP_001106209.1
OG0002983	XP_006088498.1	NP_766033.1, NP_001034477.1, XP_006516532.1
OG0002984	XP_006081461.1	NP_001347983.1, NP_659087.1
OG0002985	XP_006087379.1	NP_001343290.1
OG0002986	XP_014307540.1	NP_001037836.1
OG0002987	XP_023602042.1	NP_001359246.1, NP_001359245.1, NP_001139304.1, NP_001139303.1, NP_034761.3, NP_001359244.1, NP_001359242.1, NP_001400971.1, NP_001359243.1, XP_006530781.1, NP_001359241.1
OG0002988	XP_023604553.1	NP_001157970.1, NP_001157971.1, NP_001157969.1, NP_001401933.1, NP_001401932.1, XP_006530893.1, NP_001359262.1
OG0002989	XP_023614317.1	NP_001182059.1
OG0002990	XP_006094299.1	NP_001155904.1, NP_001155905.1, NP_034823.1
OG0002991	XP_006097372.1	NP_001365809.1
OG0002992	XP_006108846.2	NP_001405985.1, NP_001405984.1, NP_075356.1, NP_001405983.1
OG0002993	XP_023600730.1	XP_006539246.1, NP_001292349.1, NP_082261.2
OG0002994	XP_023602135.1	XP_006497601.1
OG0002995	XP_023606852.1	XP_006517138.1, NP_038528.3
OG0002996	XP_006102255.1	NP_666302.2
OG0002997	XP_023603222.1	NP_038687.2, XP_030098119.2, NP_001347064.1
OG0002998	XP_006108502.1	NP_001139472.1, NP_780642.3, NP_001139471.1, XP_006540805.1
OG0003000	XP_023604871.1, XP_023605133.1, XP_023620784.1	NP_001346835.1, NP_001346834.1, NP_758478.1, NP_001346832.1, NP_001346833.1, XP_036020946.1
OG0003001	XP_006101571.1	XP_006503728.1, NP_780634.2, NP_001128644.1
OG0003002	XP_023616233.1, XP_023616232.1, XP_006096667.1	NP_034604.1, NP_001408510.1, NP_001408509.1
OG0003003	XP_023602688.1, XP_006106130.1	NP_001411350.1
OG0003006	XP_006098655.1	NP_033961.1
OG0003007	XP_023610371.1	NP_666117.2, NP_733790.2, NP_733925.2, NP_733788.2, NP_733791.2, NP_733789.1, NP_733924.2, NP_033800.2, NP_733926.2
OG0003008	XP_006100028.1	XP_030100764.1, NP_034568.2
OG0003009	XP_023610904.1, XP_023610908.1	XP_017169419.1, NP_075859.2
OG0003010	XP_006101034.1	NP_038497.2, XP_006518514.1
OG0003011	XP_023620291.1	NP_081370.1, NP_001405483.1, XP_017171668.1
OG0003013	XP_023609833.1	NP_081833.1, XP_011247559.1, NP_001157703.1
OG0003014	XP_006090152.1	NP_035424.1, NP_001398644.1
OG0003015	XP_006081544.1	XP_006520080.1, NP_031692.2
OG0003016	XP_006093014.1	NP_079867.1, XP_036010318.1
OG0003017	XP_006101815.1, XP_006101816.1, XP_023599024.1	NP_032434.3
OG0003018	XP_006093554.1	NP_001128374.1
OG0003019	XP_023599707.1	NP_001404971.1
OG0003020	XP_006102665.1, XP_006102666.1	XP_011247414.1
OG0003021	XP_006097430.1	NP_444399.2, XP_006534643.1
OG0003022	XP_006105741.2	NP_573471.2
OG0003024	XP_006106523.1, XP_006106524.1	XP_017175372.1, NP_598640.2, NP_001366557.1
OG0003025	XP_006087081.1, XP_006087080.1	NP_666331.1
OG0003026	XP_006087108.1	NP_001344183.1, XP_036010163.1, NP_001344184.1, NP_001344182.1, NP_081379.1
OG0003027	XP_006091243.1	NP_001161418.1, NP_001350310.1, XP_011246836.1, NP_001350312.1, NP_001350311.1, NP_001350309.1, NP_083744.2
OG0003028	XP_014320390.1	NP_849210.1, NP_001258844.1, XP_006531604.1
OG0003029	XP_006099449.1	NP_056636.2
OG0003030	XP_006095907.1	NP_058026.2
OG0003031	XP_023600686.1	XP_030105253.1, NP_001344948.1
OG0003032	XP_023609175.1	NP_080721.1, XP_036021338.1
OG0003033	XP_006088309.1	NP_035844.2
OG0003034	XP_014303710.1	XP_006504504.1, NP_958761.1
OG0003035	XP_023603546.1	NP_034882.2, NP_001345954.1, XP_036020731.1
OG0003036	XP_023603825.1	XP_006504820.1, NP_084047.2
OG0003037	XP_006105007.3	NP_001404262.1, NP_001276482.1, NP_001404261.1, NP_001404260.1, NP_001276481.1, NP_001404259.1, NP_001404258.1, NP_001404257.1, NP_001276480.1, NP_001276479.1
OG0003038	XP_006106110.1	NP_075747.3
OG0003039	XP_014301228.1	NP_081103.1, XP_006508218.1
OG0003041	XP_023616006.1	XP_036014910.1, NP_694763.2
OG0003042	XP_006103722.2	NP_001277954.1
OG0003043	XP_006100606.1	NP_001273944.1, NP_080319.2, NP_001033785.1
OG0003044	XP_006093256.1	XP_006534747.1, NP_058676.1
OG0003045	XP_014315063.1	NP_001350247.1, NP_081132.2, NP_001350248.1, NP_001350249.1, NP_001350250.1, NP_001350252.1, NP_001350251.1, XP_006535146.1
OG0003048	XP_006109166.1	NP_080300.1, NP_001265044.1
OG0003049	XP_006089980.2	NP_001171265.1, NP_937890.2, XP_017175228.1
OG0003050	XP_023609788.1	NP_997466.2, XP_006496899.1
OG0003051	XP_023609724.1	NP_001355597.1, NP_001139802.1
OG0003052	XP_023617319.1	XP_006501327.1
OG0003053	XP_023617369.1	NP_001240680.1
OG0003054	XP_006102294.1	NP_001347316.1, NP_001347317.1, NP_062392.1
OG0003055	XP_006109877.3	NP_001396501.1, NP_001002012.1, NP_032327.2, NP_001396500.1
OG0003056	XP_006102636.1	XP_006515905.1, NP_001094941.1
OG0003058	XP_023601746.1	NP_035762.2, NP_001273051.1, NP_001351293.1, NP_001409354.1, NP_001409355.1, XP_006515862.1
OG0003061	XP_014305488.1, XP_023604427.1, XP_006105644.1	XP_006534693.1, NP_001035094.2
OG0003062	XP_006108616.1	NP_032090.3, NP_001152796.1
OG0003063	XP_023612702.1	NP_598799.1, NP_001025013.2, NP_001350293.1, XP_036012103.1
OG0003064	XP_006092220.2	NP_765985.1, NP_001343388.1, NP_001343387.1
OG0003065	XP_023602059.1	NP_058592.1
OG0003066	XP_006106155.1	NP_001103465.1, NP_035561.1, XP_006532728.1
OG0003067	XP_006092377.1	XP_006532493.1
OG0003068	XP_014321684.2	XP_011247274.1, NP_033571.1, NP_001156780.1, NP_001156779.1
OG0003069	XP_023618373.1	NP_001359458.1
OG0003070	XP_014319976.1, XP_006098982.1	NP_001349489.1
OG0003071	XP_023618381.1, XP_006099001.1	NP_963903.2
OG0003072	XP_006092284.1, XP_023612579.1	NP_778169.1, NP_001092280.1
OG0003073	XP_006095593.1	NP_080984.1
OG0003074	XP_023618613.1, XP_006099239.1, XP_023618612.1, XP_014320201.1	NP_032904.1
OG0003075	XP_006099226.1, XP_023618581.1	XP_006534061.1, NP_080473.1
OG0003076	XP_006105191.1	NP_001404193.1
OG0003077	XP_006110099.2	NP_001156809.1, NP_058025.2, NP_001156808.1
OG0003078	XP_006109564.1	NP_001408829.1, NP_001408824.1, NP_080900.1, NP_001408827.1, NP_001408826.1, NP_001408823.1, NP_001408822.1, NP_001408825.1, XP_006498328.1
OG0003080	XP_006093637.1, XP_006093638.1	NP_001277112.1, NP_031863.3, XP_030100727.1
OG0003081	XP_006106431.1	NP_034078.2
OG0003082	XP_006109261.3	NP_001334472.1, NP_001156617.2
OG0003083	XP_014305507.1, XP_006108067.1	NP_033905.3
OG0003084	XP_014303068.2, XP_014312936.1	NP_001398334.1
OG0003085	XP_006083342.1	XP_006514688.1
OG0003086	XP_023607939.1	NP_666088.1, NP_001162086.1, XP_006517267.1
OG0003087	XP_006098776.2	NP_001406013.1, NP_001406011.1, NP_001406012.1, NP_075720.1, NP_001406017.1, NP_001406015.1, NP_001406016.1, NP_001406014.1
OG0003088	XP_023599810.1	XP_006537831.3, NP_035732.2
OG0003089	XP_014310668.1	NP_001092793.1, NP_001342337.1, XP_006537571.1
OG0003090	XP_023618822.1	NP_001343283.1, NP_659154.2, XP_006537930.1, NP_001343284.1
OG0003092	XP_006110210.2	NP_001366297.1, XP_006524925.1, NP_081112.1
OG0003093	XP_006104458.1	XP_036016509.1
OG0003094	XP_023619905.1, XP_006100624.1, XP_023619903.1, XP_023619904.1	NP_001157201.2, XP_006525006.1, NP_082186.2
OG0003095	XP_023618070.1	XP_006524196.1, NP_950181.2, NP_001344925.1, NP_001344926.1
OG0003096	XP_006099777.1, XP_014320686.1	NP_032676.2
OG0003097	XP_014320687.1	XP_036016752.1, NP_114069.2
OG0003098	XP_006081484.1	XP_030101286.1, NP_079874.1, NP_001343356.1, NP_001343357.1
OG0003099	XP_023612274.1	NP_001012453.1, XP_011248221.1, NP_001342516.1, NP_001012454.1, NP_536719.2
OG0003100	XP_006105961.1	NP_001344751.1, NP_077165.2
OG0003101	XP_014308115.1	NP_780711.1, XP_006520971.2
OG0003102	XP_014315160.1	NP_062330.1, XP_030104522.1
OG0003104	XP_023609385.1	NP_001034088.1, NP_001271274.1, XP_017176112.1
OG0003105	XP_023614066.1	NP_950197.1, XP_006535088.1
OG0003106	XP_006099146.1	NP_081879.1, XP_006503667.1
OG0003107	XP_006085007.1	NP_109600.2
OG0003108	XP_006085014.1	XP_030109951.1, NP_034003.1
OG0003109	XP_006088783.1	NP_079796.1
OG0003110	XP_023618169.1	NP_001398676.1
OG0003111	XP_023614291.1	NP_001344191.1, NP_001344192.1, NP_036032.2
OG0003112	XP_023608434.1	NP_001355995.1, NP_038876.3, XP_006503201.1
OG0003113	XP_006094255.1	NP_001153484.1, NP_032152.1
OG0003114	XP_006098213.1	NP_598442.1, XP_006503353.1
OG0003115	XP_006098256.1, XP_006098257.1	NP_001405991.1, NP_001405990.1, NP_001405992.1, NP_075667.1
OG0003116	XP_023607595.1, XP_023607597.1, XP_023607596.1	NP_001311418.1, NP_033749.2
OG0003117	XP_014320996.1	NP_001123929.1
OG0003119	XP_006097083.1	XP_006509814.1, NP_082458.1
OG0003120	XP_006086291.1	NP_001345941.1, NP_035921.2, XP_011240438.1, NP_001074262.1, NP_001273136.1
OG0003121	XP_006092751.1	XP_017168415.1, NP_001368858.1, NP_001153884.1
OG0003122	XP_023602849.1	NP_001103709.1
OG0003123	XP_006106385.1, XP_006102404.1	NP_001396552.1
OG0003124	XP_023612200.1	NP_598807.2
OG0003125	XP_023603502.1	NP_001164475.1
OG0003126	XP_014323609.1	NP_001157000.1, NP_001156999.1
OG0003127	XP_006100914.1	NP_083905.1
OG0003130	XP_006102244.1	NP_080495.1
OG0003131	XP_023603288.1	NP_001404388.1, NP_057881.1, NP_001177377.1, NP_001404387.1, NP_001404386.1
OG0003132	XP_014308272.1	XP_006516622.1, NP_032406.1
OG0003133	XP_023606873.1	NP_001411611.1, NP_001346892.1, NP_001346894.1, NP_848843.1, NP_001346893.1
OG0003134	XP_023612345.1, XP_006091954.1	NP_001406957.1, NP_033906.2, NP_001406956.1
OG0003135	XP_006102558.2	NP_001399867.1, NP_001399866.1, NP_035908.1
OG0003136	XP_023601408.1	NP_001348902.1
OG0003137	XP_006104411.1	NP_001153711.1, NP_032016.1, NP_001177365.1
OG0003138	XP_023603123.1	NP_001349328.1, NP_722490.1
OG0003139	XP_014305811.1, XP_006108345.1	NP_001258543.1, NP_032025.2, NP_001397211.1, XP_006526726.1, NP_001258544.1
OG0003140	XP_023604567.1	NP_001348887.1
OG0003141	XP_006082929.1	NP_081457.1
OG0003142	XP_023601121.1	XP_030102895.1, XP_003945542.1, NP_001159534.1, XP_006516498.1, NP_001297675.1
OG0003143	XP_014321526.1	NP_033570.2, XP_011241261.1
OG0003144	XP_023605447.1, XP_023605448.1, XP_006083930.1, XP_006083929.1	NP_001359321.1
OG0003145	XP_006108740.1	NP_780695.1
OG0003149	XP_023616639.1	NP_001103723.2, NP_683727.3, XP_017168648.1
OG0003150	XP_023619765.1, XP_014306076.1	XP_011240634.1, NP_598733.2
OG0003151	XP_006106003.1	NP_612176.1, XP_011240920.1, NP_001192086.1, NP_001192087.1, NP_001346227.1, NP_001346228.1
OG0003152	XP_006104132.1	XP_011240901.1, NP_660136.1
OG0003153	XP_006104892.1	NP_778154.1
OG0003154	XP_014322713.1	NP_079830.2
OG0003155	XP_023599062.1	XP_036011769.1, NP_001028645.1
OG0003156	XP_023613139.1	NP_001355807.1
OG0003157	XP_006092967.1	NP_081010.1
OG0003158	XP_006098535.1	NP_082519.1
OG0003159	XP_014316233.1	NP_033303.3, NP_001076021.1
OG0003160	XP_023602337.1	NP_001346984.1, NP_001346985.1, NP_001346982.1, NP_062375.1
OG0003161	XP_023613927.1	NP_038671.2, XP_006540776.1, NP_001157037.1, NP_001404109.1
OG0003162	XP_023612161.1	NP_001405889.1
OG0003163	XP_014304561.1	NP_001307649.1, NP_001307654.1
OG0003164	XP_006102016.2	NP_001403200.1
OG0003165	XP_006086975.1	NP_795927.2, NP_001363971.1
OG0003166	XP_006102113.2	XP_006508923.1, NP_080200.1
OG0003167	XP_006083726.1	XP_006525144.1, NP_852062.1
OG0003168	XP_006083746.1	XP_036011263.1, NP_001074778.1
OG0003169	XP_023605036.1	NP_082838.2, XP_030100551.1, NP_083661.2
OG0003170	XP_014306454.1	XP_030100247.1, NP_001094953.1
OG0003171	XP_006090384.1	NP_849223.2
OG0003172	XP_006089435.1	NP_001403894.1
OG0003173	XP_006089485.1	NP_032421.2, NP_001230641.1
OG0003174	XP_014304940.1	NP_954866.2
OG0003175	XP_014319610.1, XP_023618535.1, XP_023618532.1	XP_006529326.1, NP_033024.1, NP_001153197.2
OG0003176	XP_023618467.1	NP_001156942.1
OG0003177	XP_023618450.1	XP_011246487.1, NP_001289274.1, NP_001289273.1, NP_035416.1
OG0003178	XP_023616178.1	XP_036021414.1, NP_082487.1
OG0003179	XP_023617834.1	NP_001028600.1, XP_006535084.1
OG0003181	XP_014305388.1, XP_014307231.1	NP_082292.1
OG0003182	XP_023606980.1	XP_006506712.1, NP_001404665.1, NP_001074517.1, NP_001404664.1
OG0003183	XP_023615698.1	NP_001366065.1, XP_030110945.1, NP_001343230.1, NP_780623.1, NP_001366062.1, NP_001366063.1, NP_001366064.1
OG0003184	XP_023605592.1	NP_666283.1, NP_001404586.1, XP_006506595.1
OG0003185	XP_006084247.1, XP_023605765.1	NP_001091086.1, NP_659187.2, XP_006506428.1, NP_776289.2
OG0003186	XP_006084271.1	NP_001396396.1, NP_001396399.1, NP_001396398.1, NP_001127863.1, NP_112436.1, NP_001396397.1
OG0003187	XP_023605596.1, XP_006108410.1	NP_149069.1, XP_011239671.1, NP_001076791.1, NP_001272947.1
OG0003188	XP_023605601.1	NP_080621.1
OG0003189	XP_006084348.1	NP_001288230.1
OG0003190	XP_006090714.1	NP_001230092.1, NP_001107031.2, NP_035574.2, XP_006506994.1
OG0003191	XP_006086825.1	NP_032996.2
OG0003192	XP_014313666.1, XP_006108369.1	NP_082279.1, XP_036015490.1
OG0003193	XP_014313697.1	NP_001405593.1
OG0003194	XP_006105389.1	NP_899079.1
OG0003195	XP_014317213.1	XP_006521049.1
OG0003196	XP_023615497.1, XP_023615495.1, XP_023615494.1, XP_023615496.1	NP_082161.2, XP_006521478.1
OG0003197	XP_023610671.1, XP_023610672.1, XP_023610674.1, XP_023610673.1	NP_001106835.1
OG0003198	XP_006109973.1	NP_598507.3
OG0003199	XP_006088239.1	XP_030106868.1, NP_001239430.1
OG0003200	XP_023618421.1	NP_001137227.1, XP_006536325.1, NP_081440.1
OG0003201	XP_023606667.1	NP_031618.2, NP_001406892.1
OG0003202	XP_023611269.1	XP_006538014.1
OG0003203	XP_023602169.1	NP_062727.1, XP_006537646.1
OG0003204	XP_023599377.1, XP_006102245.1	NP_780384.1
OG0003205	XP_006087920.1	NP_001182360.1, NP_036173.1, XP_006511267.1
OG0003206	XP_014310222.1	NP_077216.1
OG0003207	XP_006086017.1, XP_014316163.1	XP_006511330.1, NP_001033799.1, NP_057920.2
OG0003208	XP_006104746.1, XP_006104747.1, XP_023601625.1	NP_201577.3, NP_001355233.1
OG0003209	XP_014310491.1	XP_011240976.2
OG0003210	XP_006087961.3	NP_082623.1
OG0003211	XP_006105880.1	NP_058620.2
OG0003212	XP_014307578.1	XP_006501801.1, NP_001177781.1, NP_001177783.1, NP_001177784.1, NP_001177785.1
OG0003213	XP_006084603.1	NP_001346277.1, NP_001346273.1, NP_001387445.1, NP_081245.1, NP_001346279.1, NP_001346278.1, NP_001346261.1, XP_006535255.1, NP_001346252.1, NP_001387446.1
OG0003214	XP_006084584.1	XP_006534938.1, NP_940814.1, NP_001346839.1, NP_001346842.1
OG0003215	XP_006094755.1	NP_001239379.1
OG0003216	XP_014312481.1	NP_001103487.1
OG0003217	XP_023604555.1, XP_023604554.1	NP_001007461.1, XP_006522374.1, NP_001355632.1
OG0003218	XP_006090972.1	NP_031440.1
OG0003219	XP_014314702.2	NP_081174.1, NP_001172091.1, NP_001386223.1
OG0003220	XP_014307826.1	NP_032865.2
OG0003221	XP_006101467.1	NP_666154.3, NP_001164114.1
OG0003222	XP_006091321.1	XP_011237335.1, NP_001407409.1, NP_038641.1, NP_001132981.1, NP_001407410.1, NP_001407411.1
OG0003223	XP_006083283.1	NP_001153036.1, NP_067334.1, XP_006498871.1
OG0003224	XP_006083245.1	NP_056551.2
OG0003225	XP_023600990.1, XP_006083227.1	NP_780721.1
OG0003226	XP_014316607.1	XP_006496371.1
OG0003227	XP_006082499.1	XP_006496376.2, NP_766010.1
OG0003228	XP_006094894.1	NP_659059.1
OG0003229	XP_006094391.2	NP_083124.1
OG0003230	XP_014301564.1	NP_001264887.1
OG0003231	XP_014318271.1	NP_291086.2, XP_006497119.1, NP_001139272.1
OG0003232	XP_006087841.1	XP_006528394.1, NP_083628.3
OG0003233	XP_006088616.1	NP_940801.2, NP_001096837.1
OG0003234	XP_023607083.1, XP_006085713.1	XP_011245984.1, NP_001157011.1
OG0003235	XP_006090634.1	NP_001277573.1, XP_017173928.1, NP_001412901.1, NP_598430.1, NP_001277572.1
OG0003236	XP_023611174.1, XP_023616723.1, XP_023611173.1, XP_006090647.1, XP_014312895.2, XP_023611172.1, XP_023616717.1	NP_001397532.1, NP_032115.1, NP_001397533.1
OG0003237	XP_006097278.1, XP_006097279.1	NP_062765.1
OG0003238	XP_006096202.1	NP_932778.1, NP_001162071.1, XP_006528868.1
OG0003239	XP_006082148.1	NP_001405293.1
OG0003240	XP_023612953.1	XP_006541574.1, NP_001029231.1
OG0003242	XP_006087719.1	XP_006528335.1, NP_001165625.2
OG0003247	XP_023605433.1	NP_001366058.1, NP_001273334.1
OG0003248	XP_023609140.1	NP_001345886.1, XP_036009706.1, NP_001345887.1, NP_057917.2
OG0003249	XP_006094201.2	NP_035402.2
OG0003251	XP_014315154.1	NP_034979.3, NP_001170824.1, NP_001170823.1, NP_001170825.1
OG0003252	XP_006089648.1, XP_006108937.1, XP_023605256.1, XP_023610283.1, XP_023610282.1	XP_017177534.1, NP_065648.1
OG0003254	XP_023616669.1	NP_034044.3, XP_017168608.1
OG0003255	XP_023615521.1	NP_034373.1
OG0003257	XP_006089219.1	NP_034820.1
OG0003258	XP_023610468.1	XP_006505680.1, NP_032380.1
OG0003259	XP_006096246.3, XP_023620270.1	NP_080402.3, NP_082770.1
OG0003260	XP_006084261.1	XP_006506863.1, NP_001163866.1
OG0003261	XP_006106429.1	NP_033843.2
OG0003262	XP_006091945.1	NP_659136.1
OG0003263	XP_006086302.1, XP_023609831.1	NP_001295214.1
OG0003264	XP_023599888.1	XP_036010342.1, NP_034072.2
OG0003265	XP_023604174.1	NP_001345301.1, NP_598871.1
OG0003266	XP_014301593.2	NP_033981.2, XP_006498709.1, NP_001171256.1, NP_001034239.1, NP_001171257.1, NP_001171258.1, NP_001034240.1
OG0003267	XP_006084071.1	NP_001346435.1
OG0003268	XP_006094076.1	XP_006538560.1, NP_031457.2, NP_001274101.1
OG0003269	XP_014304896.1, XP_023603937.1, XP_006108500.1, XP_023603935.1, XP_023603938.1, XP_006109269.2	NP_036002.1
OG0003271	XP_006098387.1	XP_006530292.1, NP_033177.3
OG0003272	XP_014323290.1	NP_861461.1, XP_036011318.1, NP_038569.1
OG0003273	XP_006101720.1	NP_001107557.1, NP_001272432.1, NP_075806.2
OG0003274	XP_006099804.2	NP_080250.1
OG0003275	XP_006100065.1	NP_001288269.1
OG0003276	XP_006103302.1, XP_023604333.1	NP_001277984.1
OG0003277	XP_023619182.1	NP_034117.3
OG0003278	XP_006102274.2	NP_001289460.1
OG0003279	XP_023614196.1	NP_068693.1, XP_030106880.1
OG0003280	XP_023614156.1	NP_001165526.1
OG0003281	XP_023607244.1	NP_001258952.1, NP_035455.1
OG0003283	XP_006092145.1, XP_006092146.1, XP_006092144.1	NP_666989.1, NP_997450.1
OG0003284	XP_006092151.1, XP_014313961.1	NP_666453.1, NP_667188.2
OG0003286	XP_006092148.2	NP_666665.2
OG0003287	XP_014323534.2	NP_062359.1
OG0003288	XP_006085688.1	XP_011245968.1, NP_080949.2
OG0003290	XP_006097472.1	XP_006526529.1, NP_778193.1
OG0003291	XP_006087199.1	NP_001001488.2
OG0003292	XP_014321841.1	NP_001276579.1, NP_001276578.1, NP_083295.1, NP_001276577.1, XP_036016896.1
OG0003293	XP_006085142.1	XP_030106136.1, NP_444485.2
OG0003294	XP_014321898.2	NP_001391514.1
OG0003295	XP_023600342.1, XP_023600343.1	NP_001269957.1
OG0003296	XP_023604641.1, XP_023600447.1, XP_023600448.1	NP_080322.2, XP_006540378.1
OG0003299	XP_023604425.1	NP_001136264.1
OG0003300	XP_014304251.1	NP_001406086.1
OG0003301	XP_023604544.1, XP_006106755.3	NP_001028590.1
OG0003303	XP_006109274.1	NP_001406264.1, NP_001010836.1, XP_006540189.1
OG0003305	XP_023603873.1	NP_808407.2, XP_030098762.1
OG0003307	XP_006086772.1	NP_001382166.1, NP_001355957.1
OG0003308	XP_023607257.1	NP_001343416.1, XP_006497610.1, NP_862896.1
OG0003309	XP_023602044.1	XP_006530642.1, NP_444476.1
OG0003310	XP_023605115.1, XP_014300997.1	NP_775607.2, XP_006531054.1
OG0003311	XP_006102029.1	NP_001272806.1, NP_001272804.1, NP_001272801.1, NP_598641.2, XP_006538518.1, NP_001272803.1
OG0003312	XP_023600023.1	NP_001074824.3, XP_017175407.1, NP_001243309.1
OG0003313	XP_006081328.1	NP_034179.1
OG0003314	XP_023606209.1	NP_149409.1
OG0003315	XP_006104027.1	NP_690028.2
OG0003316	XP_006104026.1	NP_536691.2, XP_006540630.1
OG0003317	XP_014301500.2	NP_001278149.1, XP_006541089.1, NP_065608.2, NP_001278150.1, NP_001106999.1
OG0003318	XP_006107943.1	NP_001357699.1
OG0003319	XP_023615159.1	NP_001402725.1
OG0003320	XP_006090176.1	XP_006520074.1, NP_001403339.1, NP_997099.2, NP_659094.1
OG0003321	XP_006109085.2, XP_006109917.1	XP_006514023.1, NP_080083.2
OG0003322	XP_023619494.1	NP_032945.3
OG0003323	XP_014310151.1	NP_001364005.1, NP_001272994.1, NP_001106182.1, NP_036068.2, NP_001272992.1, NP_001272993.1, NP_001033107.1
OG0003324	XP_023604709.1	XP_006534232.1, NP_081687.2
OG0003325	XP_023609871.1	XP_006534076.1
OG0003326	XP_014318681.1	NP_808496.2, XP_006526090.1
OG0003327	XP_006107526.1	NP_001413176.1, NP_001413177.1, NP_001413175.1, NP_001106845.1, NP_001106846.1, XP_030103038.1
OG0003328	XP_006090200.1	NP_001297375.1, NP_001095870.1, NP_001008702.1, NP_001032994.1, NP_075607.2, XP_011243626.1
OG0003329	XP_006099444.1	NP_001412596.1, NP_062636.2
OG0003331	XP_006101820.1, XP_006101822.1, XP_023599019.1	NP_075781.3
OG0003332	XP_014302161.1	XP_036010502.1, NP_001344656.1, NP_031988.2
OG0003333	XP_006102672.1	NP_001351698.1, NP_659073.1, XP_006532962.1
OG0003334	XP_023602463.1	NP_038745.1
OG0003335	XP_014306762.1	NP_766005.2, XP_006539275.1
OG0003337	XP_006107682.1	NP_001413098.1, NP_001271202.1, NP_808340.2, NP_001413094.1, NP_001413097.1, NP_001413089.1, NP_001413088.1, NP_001271199.1, NP_001413087.1
OG0003339	XP_023608333.1	NP_083159.1, XP_030099677.1
OG0003340	XP_006109646.2	XP_006530990.1, NP_808368.3
OG0003341	XP_006087128.1	NP_038953.1
OG0003342	XP_023611835.1	XP_006530581.1, NP_598714.1
OG0003343	XP_006091232.1	XP_006531324.1, NP_848467.1
OG0003344	XP_006099498.1	XP_011246813.1, NP_077765.1
OG0003345	XP_006108333.1	XP_006530693.1, NP_033998.2
OG0003346	XP_023609215.1	XP_011239209.1, NP_001074863.1, NP_082130.1
OG0003347	XP_023609191.1	NP_001392013.1, NP_001392012.1, NP_034116.3, NP_001278163.1, NP_001392011.1, NP_001392010.1, NP_001278162.1, XP_017176143.1, NP_001392008.1
OG0003348	XP_023600272.1	NP_001276438.1, NP_056614.3, NP_001412435.1, NP_001276436.2, NP_001346135.1, NP_001412436.1, NP_001276440.1, NP_001412434.1
OG0003349	XP_006081113.1	NP_001074900.1
OG0003350	XP_023617232.1	XP_011239305.1, NP_149028.2
OG0003351	XP_023600411.1, XP_023600405.1	NP_001349161.1, XP_030098582.1, NP_001406537.1, NP_001406536.1
OG0003352	XP_023607249.1, XP_023603934.1	XP_006507775.1, NP_666310.1
OG0003353	XP_023620603.1	NP_001035226.1
OG0003355	XP_023601810.1	NP_001344711.1, NP_071867.1
OG0003356	XP_014301518.1, XP_014301520.1	NP_001156987.1, XP_011238479.1, NP_001156986.1, NP_067363.3
OG0003357	XP_014315043.1, XP_006109207.1	XP_006534791.1
OG0003358	XP_014316683.1, XP_006095214.1	NP_079669.2, NP_001156997.1
OG0003359	XP_006094923.1	NP_663483.1, NP_001405002.1, NP_001405003.1, NP_001405004.1, NP_001405000.1, NP_001404999.1, NP_001405001.1
OG0003360	XP_023610586.1	NP_001366357.1, NP_083612.1, XP_030099146.1
OG0003361	XP_006089943.1	NP_001347756.1, NP_032963.1, XP_006497188.1
OG0003362	XP_014312294.1	XP_011246371.1, NP_932107.1
OG0003363	XP_006109930.2	NP_001405215.1, XP_030110829.1, NP_001405214.1, NP_001074644.1
OG0003364	XP_006106492.1	XP_030102994.1
OG0003365	XP_006097914.1, XP_014306396.1	XP_006502046.1, NP_081043.1
OG0003366	XP_006109633.1	NP_001364045.1, NP_034238.1
OG0003367	XP_006095141.1	NP_796015.2, NP_001349304.1, NP_001349305.1
OG0003368	XP_006085224.1	NP_080805.1, XP_036012024.1
OG0003369	XP_006089315.1	NP_001344064.1
OG0003370	XP_006102332.1	NP_001347122.1, NP_034077.1, NP_001129529.1, NP_001139655.1
OG0003371	XP_023619873.1	NP_035305.1, NP_001365804.1
OG0003372	XP_006100098.1	NP_694723.1
OG0003373	XP_023611361.1	NP_079983.1, XP_006516219.1
OG0003374	XP_006099645.3	NP_083514.1
OG0003375	XP_006096081.1	NP_036154.1, XP_006515988.1
OG0003376	XP_006091075.1, XP_014313312.1	NP_001348630.1, NP_001074890.1, NP_001348629.1
OG0003377	XP_006098480.1, XP_023617922.1, XP_023617921.1	NP_001347380.1
OG0003378	XP_023608246.1	NP_082020.1
OG0003379	XP_023608248.1, XP_006087043.1, XP_023608247.1	NP_032178.1
OG0003380	XP_006087048.1	NP_036007.2, NP_001139671.1
OG0003382	XP_006092515.1, XP_023612776.1	NP_034624.1, XP_011247063.1
OG0003383	XP_023612521.1	NP_573462.2, NP_001390570.1
OG0003384	XP_006107872.1	XP_006533783.1, NP_080194.1
OG0003385	XP_023620112.1	NP_001412566.1
OG0003386	XP_014302948.1, XP_006098997.2	NP_694744.1
OG0003387	XP_023615380.1	NP_001349954.1
OG0003388	XP_023612604.1	NP_001005223.1
OG0003389	XP_023615253.1	NP_001070149.1
OG0003390	XP_006095569.1	NP_061342.1
OG0003391	XP_023615270.1, XP_006095574.1, XP_023615269.1	NP_001152864.1, NP_033421.3
OG0003392	XP_023615332.1, XP_006095589.1	XP_006532806.1, NP_033323.2
OG0003393	XP_006095623.2	NP_932135.1
OG0003394	XP_006099243.1	NP_619600.2
OG0003396	XP_006102160.1	XP_006498114.1, NP_036053.2
OG0003397	XP_023613759.1, XP_023613757.1	XP_006513448.1, NP_001345456.1, NP_598767.1
OG0003398	XP_023620003.1	XP_017169441.1, NP_877959.2
OG0003399	XP_023615220.1	NP_001345413.1, NP_001155309.1, NP_001155311.1, NP_001155312.1, NP_001155310.1
OG0003401	XP_006107904.2	NP_001135829.1
OG0003402	XP_006106286.1	XP_006521141.1, NP_849200.2, NP_001344882.1
OG0003403	XP_006098572.1	NP_079915.1
OG0003405	XP_023618028.1	NP_001398178.1
OG0003406	XP_023599555.1	NP_081495.1
OG0003407	XP_014304724.1	NP_001402990.1, NP_001155964.1, NP_001155965.1, NP_001402989.1, NP_001402987.1, NP_001402988.1, NP_001402986.1, NP_619611.3
OG0003408	XP_006105785.1	XP_006521006.1, NP_001017983.2, NP_001161732.1
OG0003409	XP_023617843.1	NP_001013043.1, NP_001344228.1, XP_006496363.1
OG0003410	XP_006083364.1	NP_082136.2
OG0003411	XP_023602270.1	XP_017169697.1, NP_001399336.1, NP_001030303.1, NP_598775.2, NP_001399335.1, NP_001399337.1
OG0003412	XP_006102604.1	NP_001157144.1, NP_001157143.1, NP_997575.2, XP_017170051.1
OG0003413	XP_006081200.1	NP_775599.1
OG0003414	XP_006101293.1	NP_835162.1, XP_006537815.1
OG0003415	XP_014319824.1	XP_036019628.1, NP_001092818.1, NP_001390760.1, NP_001365603.1, NP_001165525.1, NP_001156873.1, NP_034679.1
OG0003416	XP_014301114.1, XP_006103280.1	NP_775575.2, NP_001156756.1, NP_001156755.1
OG0003417	XP_023616145.1, XP_023616146.1, XP_023616143.1, XP_023616144.1, XP_023616147.1, XP_023616142.1, XP_014317885.1	NP_444379.1
OG0003418	XP_023609084.1	NP_001156735.1
OG0003419	XP_006088107.1	XP_030109279.1, NP_080355.2
OG0003420	XP_023601800.1	NP_001356046.1, NP_001356047.1, NP_001356048.1, NP_001356045.1, NP_001356044.1, NP_082602.1, NP_001356042.1, NP_001356043.1, NP_082603.1, XP_030109674.1
OG0003421	XP_006091162.1	NP_082992.1, NP_001405683.1
OG0003422	XP_014301760.1	NP_001157290.1, XP_006524680.1, NP_001390493.1, NP_001344669.1
OG0003423	XP_006104719.1	XP_030105298.1, NP_001157236.1, NP_001157235.1, NP_079950.2
OG0003424	XP_023618072.1	NP_038716.2
OG0003426	XP_023619114.1	NP_598537.2, XP_006525183.1
OG0003427	XP_023613480.1	NP_766513.2
OG0003428	XP_014317306.1	NP_001411973.1
OG0003429	XP_023605903.1	NP_032080.2, NP_001116364.1
OG0003430	XP_006104091.1	XP_036011895.1, NP_081718.2
OG0003431	XP_023600618.1, XP_006103636.2	NP_795998.2
OG0003432	XP_006093414.1	XP_036015431.1, NP_079770.2
OG0003434	XP_006094023.1	NP_001076785.1, XP_006504324.1
OG0003435	XP_006100259.2	NP_536702.3, NP_780661.2, XP_036012142.1
OG0003436	XP_023618492.1	NP_001276525.1, XP_006503654.1, NP_001276524.1, NP_848881.2
OG0003437	XP_006085107.1	XP_006515229.1, NP_080116.2
OG0003438	XP_023609632.1	XP_006505451.1, NP_031433.3
OG0003439	XP_014317649.1	XP_036021778.1, NP_780297.3
OG0003440	XP_006098767.1	NP_001404954.1, NP_001074820.1, NP_001404951.1, NP_001404955.1, NP_001404956.1, XP_006505103.1, NP_001404952.1, NP_001404953.1
OG0003441	XP_006109834.1	NP_613053.3, XP_006505165.1
OG0003442	XP_006090566.1	NP_766123.2, XP_017176995.1
OG0003443	XP_023608492.1	NP_891559.1, XP_006503165.1
OG0003444	XP_006099183.1, XP_014320151.1	NP_001025445.1
OG0003445	XP_006094211.1	NP_742157.1, XP_006503099.1
OG0003446	XP_014319296.1	NP_032415.2, XP_006502873.1, NP_001405919.1, NP_001405920.1, NP_001405922.1, NP_001405921.1
OG0003447	XP_023608446.1	NP_080620.1
OG0003448	XP_014309955.1, XP_023608452.1, XP_006087267.1	NP_001034265.1
OG0003449	XP_023608612.1	NP_987104.1
OG0003450	XP_006084033.1	XP_030100997.1
OG0003451	XP_023609053.1	NP_997161.1
OG0003452	XP_014311498.1	NP_001192284.1, NP_001028473.2, XP_006501391.1
OG0003453	XP_014323768.1	NP_032340.2
OG0003454	XP_023614657.1	NP_031706.3, XP_036021701.1, NP_001139823.1
OG0003455	XP_006094777.1	NP_034400.1
OG0003456	XP_014316308.2	NP_001404937.1, NP_766065.1, NP_001404935.1, NP_001404936.1, NP_001404934.1, XP_017176973.1
OG0003457	XP_006094768.1	XP_006506721.1, NP_001348546.1, NP_082399.3, NP_001348548.1, NP_001348547.1
OG0003458	XP_023606774.1	NP_775605.1, XP_036022003.1
OG0003459	XP_006096981.1	NP_001382833.1, NP_001160024.1
OG0003460	XP_006085411.1	NP_001334096.1, XP_011239769.1
OG0003461	XP_023620307.1, XP_023602884.1, XP_023620305.1, XP_023604610.1	NP_778155.2, XP_036021614.1, NP_001230128.1
OG0003462	XP_023620317.1	NP_001346134.1
OG0003463	XP_023603795.1	XP_006516413.1, NP_598523.3
OG0003464	XP_014309113.1	NP_082378.1
OG0003465	XP_023612921.1	XP_011240489.1, NP_663569.2
OG0003466	XP_006092736.1	NP_001344145.1, NP_080023.1, NP_001344144.1, XP_006509540.1
OG0003467	XP_014306655.1, XP_006109353.2, XP_023603942.1	NP_796214.2
OG0003469	XP_023620853.1	XP_006528186.1
OG0003470	XP_006109494.2	NP_001390094.1, XP_006515184.1, NP_001366159.1, NP_001366158.1, NP_001390093.1
OG0003471	XP_006096069.1, XP_006096068.1	NP_083283.2
OG0003472	XP_006083509.1	NP_001348076.1, XP_006515201.1, NP_082652.1
OG0003473	XP_023616384.1	NP_001129699.1, NP_001342453.2, NP_001397241.1, NP_001397242.1, NP_598396.2, NP_033132.2
OG0003474	XP_006096852.1	XP_030111513.1, NP_001349049.1, NP_076279.1, NP_001349048.1
OG0003475	XP_006092570.1	NP_001156941.1, NP_001156939.1, XP_036018822.1, NP_038657.2
OG0003476	XP_006097538.1	NP_062418.3, XP_011238471.1
OG0003477	XP_023617016.1, XP_006109077.2	NP_001276630.1
OG0003478	XP_006082225.1	NP_062316.1
OG0003479	XP_006095309.1	NP_081482.1, XP_006502103.1
OG0003480	XP_023612782.1	XP_006501163.1, NP_001156913.1, NP_032645.2, NP_001156912.2, NP_001397354.1, NP_001397355.1, NP_001397357.1, NP_001397356.1
OG0003481	XP_023603289.1	NP_001357532.1
OG0003482	XP_023604600.1	XP_011241953.1
OG0003483	XP_014308286.1	NP_780400.3
OG0003484	XP_006099950.1	XP_017172095.1, NP_033046.1
OG0003485	XP_014320825.1, XP_006099946.1	NP_001290202.1, NP_033450.2
OG0003486	XP_023617590.1	XP_036018636.1, NP_001116799.2
OG0003487	XP_006091941.1, XP_006088449.1	XP_006498589.1, NP_001138572.1
OG0003488	XP_023612299.1	NP_001407780.1, NP_001407781.1, NP_001407779.1, NP_001407778.1, NP_001407783.1, NP_001407784.1, NP_001407782.1, NP_033049.2, NP_001407776.1, NP_001407777.1
OG0003489	XP_006107578.1	NP_001136153.2, XP_006536294.1
OG0003492	XP_014303998.1	NP_001401647.1, NP_001401646.1, NP_001343928.1, NP_001343929.1, NP_001401648.1, NP_001401649.1, NP_001343930.1, NP_065591.1
OG0003493	XP_023607073.1	NP_998892.1, XP_006495883.1
OG0003494	XP_006102900.1, XP_014314521.2	XP_006526012.1
OG0003495	XP_014323652.1	NP_001229359.1
OG0003496	XP_006091341.1	NP_001272355.1, NP_666235.1, NP_001272356.1, XP_036013689.1, NP_001032176.1
OG0003497	XP_014305733.1	NP_062724.1
OG0003498	XP_023619942.1	NP_001340918.1, XP_030100355.1, NP_001357896.1
OG0003499	XP_006083885.1	NP_950198.1
OG0003500	XP_006083911.1	NP_081909.2, XP_017177228.1
OG0003501	XP_023611405.1	NP_082225.1
OG0003502	XP_006104616.1	NP_001240826.1, NP_001240827.1, XP_036010916.1, NP_036159.1, NP_001408103.1, NP_001408104.1
OG0003503	XP_023601565.1	NP_114080.2, XP_011240724.1, NP_001311460.1
OG0003504	XP_023601126.1	NP_444420.1
OG0003505	XP_023616581.1	NP_001344347.1, NP_082833.1, NP_001344348.1
OG0003506	XP_023601768.1	XP_030099069.1
OG0003507	XP_006106973.1, XP_006106974.1, XP_023603445.1, XP_006106972.1	NP_001070816.1, XP_006524868.1, NP_080150.2
OG0003508	XP_006105972.1	NP_001177402.1, XP_006513257.1, NP_001177403.2, NP_031854.1
OG0003509	XP_023602589.1	XP_006528561.1, NP_031983.2
OG0003510	XP_006084341.1	NP_001034647.2
OG0003511	XP_006091133.3	NP_001272723.1
OG0003512	XP_006094721.1, XP_023619797.1	NP_899093.1, XP_006508215.1
OG0003513	XP_006094542.1	NP_001347389.1
OG0003514	XP_014316221.1, XP_006094574.1, XP_023614568.1	NP_062512.1
OG0003515	XP_006105633.1	NP_001272802.1, NP_001272799.1, NP_001272800.1, NP_061368.1, XP_006508101.1, NP_001347354.1
OG0003516	XP_023610353.1, XP_006093925.1	NP_001392617.1
OG0003517	XP_006093872.1	NP_001005247.2
OG0003518	XP_006083559.3	NP_001019306.2
OG0003519	XP_023619968.1	NP_877958.1
OG0003520	XP_023608213.1	NP_001357977.1, NP_001357978.1
OG0003521	XP_006097998.1	NP_034106.2
OG0003522	XP_014321514.1	NP_001395869.1
OG0003523	XP_023619184.1, XP_023605043.1	NP_653140.1, XP_006512188.1
OG0003524	XP_023608682.1	XP_006518061.1
OG0003525	XP_023612032.1	NP_001034590.1
OG0003526	XP_006089441.1	NP_001408177.1, NP_001408176.1, NP_062679.2, NP_001077390.1, NP_001408175.1, NP_001408174.1, NP_001408178.1
OG0003527	XP_014311919.1	NP_001135450.1, NP_082385.3, NP_001135449.1, XP_006500276.1, NP_001135447.1, NP_001135448.1
OG0003528	XP_006089461.1, XP_023610127.1, XP_023610128.1	NP_061277.2
OG0003529	XP_006089467.1	NP_035256.2, NP_080266.2
OG0003530	XP_006089515.1	NP_061376.2, NP_001342372.1, XP_011238007.1
OG0003531	XP_014317201.1	XP_011243907.1, NP_808299.1
OG0003532	XP_006091477.1	XP_006499232.1, NP_058569.2
OG0003533	XP_023612016.1	NP_001405363.1, XP_006499972.1, NP_001405359.1, NP_001405362.1, NP_061223.2
OG0003534	XP_014313551.1	NP_001258892.1, NP_001258891.1, XP_036014160.1, NP_034295.1
OG0003535	XP_006098047.1, XP_006098046.1	NP_001411605.1, NP_001411598.1, NP_001028368.2
OG0003536	XP_006099152.1	NP_033590.2
OG0003537	XP_006095478.1	NP_001077428.1, NP_001292363.1, NP_001077429.1, NP_001399399.1, XP_006499680.1, NP_036176.1
OG0003538	XP_006092178.1	NP_898998.2, XP_006519046.1
OG0003539	XP_006085141.1, XP_014307986.1, XP_014307985.1	NP_080711.1
OG0003540	XP_023617775.1	NP_084196.4, NP_001346432.1, XP_011239320.1
OG0003541	XP_006081953.1	NP_001171353.1, NP_082032.1, NP_001171352.1, NP_001280698.1
OG0003542	XP_006081960.1	NP_001009951.1, XP_006509508.1
OG0003543	XP_014323785.1	NP_032141.2, NP_001289023.1, NP_001289024.1
OG0003544	XP_006082690.1	NP_001341975.1
OG0003545	XP_006082742.1	XP_006529981.1, NP_083545.1
OG0003546	XP_014322567.1	NP_543126.2, NP_001408031.1, NP_001408032.1, XP_006529730.1
OG0003547	XP_006083083.1	XP_017168525.1, NP_001297696.1
OG0003548	XP_014317957.1	NP_001074777.1, NP_001186614.1, NP_899129.2, XP_006530448.1
OG0003549	XP_006108965.1, XP_006109786.1	NP_001412783.1, NP_666274.1
OG0003550	XP_023617833.1	XP_006535185.1, NP_766306.2, NP_001156437.1, NP_001296455.1, NP_001296457.1, NP_001241660.1
OG0003551	XP_023618702.1	NP_001229972.1
OG0003552	XP_006099573.1	NP_789803.1, XP_017172613.1
OG0003553	XP_006092181.1	NP_932102.2, NP_001342621.1, XP_030111434.1
OG0003554	XP_006092187.1	XP_006505827.1
OG0003555	XP_014307097.1	NP_001390521.1, NP_001390525.1, NP_001390526.1, NP_001390524.1, NP_001390523.1, NP_001390522.1, NP_001390527.1, NP_001333539.1
OG0003556	XP_023605844.1, XP_006084349.1, XP_006084350.1	NP_871788.1, NP_001157684.1
OG0003557	XP_014313006.1	NP_001397345.1, NP_001038185.1, NP_001397343.1, NP_066378.1, NP_066379.2, NP_035641.1, XP_006507012.1, NP_001297072.1, NP_001397344.1
OG0003558	XP_006091566.1	XP_006521556.1, NP_001074450.1
OG0003559	XP_023612136.1	NP_001405734.1, NP_789805.1, NP_001405735.1, XP_006521520.1
OG0003560	XP_014305263.2	NP_899095.1, XP_006508244.2, NP_081313.1
OG0003561	XP_023616243.1	XP_006527141.1, NP_766426.1
OG0003562	XP_006095944.1	XP_006526827.1, NP_032878.1
OG0003563	XP_023615589.1	NP_444426.3
OG0003564	XP_023609101.1, XP_014310817.2, XP_014305841.2, XP_023609103.1, XP_023609102.1, XP_023609104.1, XP_014310807.2, XP_023609105.1, XP_006088226.1	NP_035258.2
OG0003565	XP_023604142.1, XP_023604143.1, XP_014305152.1	XP_006507361.2, NP_001334561.1
OG0003566	XP_023601024.1	XP_036009456.1, NP_001368788.1, NP_780477.2, NP_001368787.1, NP_997638.1, NP_001334559.1
OG0003567	XP_006085339.1	NP_035571.1, XP_030108265.1, NP_001407437.1, NP_001276394.1, NP_001276395.1, NP_001276396.1, NP_001276393.1, NP_001407438.1
OG0003568	XP_014312976.1	NP_001240320.1, NP_001240319.1, NP_080458.1, XP_011248010.1, NP_001343224.1
OG0003569	XP_023613240.1	NP_082380.1, NP_001277725.1, XP_011238084.1
OG0003570	XP_023613255.1	NP_001157173.1
OG0003571	XP_006093162.1	NP_001408369.1, NP_001408370.1, NP_001408366.1, XP_011237883.1, NP_001408367.1, NP_001408368.1, NP_038763.3, NP_001277759.1
OG0003572	XP_014305780.1	NP_536771.2
OG0003573	XP_014303136.1	NP_001292191.1, XP_006499154.1
OG0003574	XP_006086007.1	NP_001136127.1
OG0003575	XP_006085971.1	NP_001291291.1, NP_080875.3, XP_006511458.1, NP_001394786.1
OG0003576	XP_023604970.1	XP_036011782.1, NP_056605.1
OG0003577	XP_006104865.1, XP_023608752.1	XP_006513957.1, NP_062307.2
OG0003578	XP_023616226.1	XP_006501133.1
OG0003579	XP_006100358.1	NP_001156857.1
OG0003580	XP_023606184.1, XP_006084667.1	XP_006506145.1, NP_780732.1
OG0003581	XP_006084655.1	NP_083070.2
OG0003582	XP_023606094.1	XP_036020790.1, NP_032952.3
OG0003583	XP_006084575.1	XP_030109946.1, NP_059063.2, NP_001407652.1
OG0003584	XP_006094510.1	NP_034948.3
OG0003585	XP_006094520.1	NP_001345132.1
OG0003586	XP_006092877.1	NP_955013.1, XP_011244202.1
OG0003588	XP_006084863.1	NP_663455.1
OG0003589	XP_023610915.1	NP_038956.2, NP_001106891.1
OG0003591	XP_014323087.1	NP_663500.2, XP_011238161.1, NP_001277662.1, NP_001277663.1
OG0003592	XP_006098455.1	NP_663492.3
OG0003593	XP_006082417.1	NP_001192242.1
OG0003594	XP_006082422.1	NP_001297478.1, NP_001297477.1, NP_082972.2
OG0003595	XP_006082441.1	NP_001407773.1
OG0003596	XP_014319937.1	NP_001153512.1, NP_001153510.1, XP_006496015.1, NP_001153511.1, NP_663493.2
OG0003597	XP_006082538.1	XP_011236802.1, NP_001074278.1
OG0003598	XP_006094886.1	XP_006529425.1, NP_796103.2
OG0003599	XP_006094372.1	NP_666218.2
OG0003600	XP_023600716.1, XP_006108648.3	NP_071302.2, XP_006497251.1
OG0003601	XP_006104772.1	NP_001404412.1, XP_017177173.1, NP_387501.1
OG0003602	XP_006097005.1	XP_006497114.1, NP_277044.1
OG0003603	XP_023600710.1	NP_001265149.1, NP_081142.3, NP_001265147.1, NP_001265148.1, XP_036009284.1
OG0003605	XP_023608759.1, XP_023608758.1, XP_023606227.1, XP_023608760.1	NP_001074945.1
OG0003608	XP_006085676.1	NP_001239520.1
OG0003609	XP_006097218.1	NP_598752.2
OG0003610	XP_014318493.1	NP_001258420.1, NP_001258419.1, XP_006527641.1, NP_001258418.1, NP_001098667.1
OG0003611	XP_006082926.1, XP_023619978.1	NP_001263402.1, NP_001263395.1, NP_031735.1, NP_001263403.1
OG0003612	XP_006083004.1	XP_006528094.1, NP_001070822.2
OG0003613	XP_023614437.1	NP_001366610.1
OG0003614	XP_006082184.1	NP_766053.1, XP_006541517.1
OG0003615	XP_023608806.1	NP_001344743.1, NP_001344745.1
OG0003616	XP_006087576.1, XP_006087577.1	NP_666642.2, NP_666383.2
OG0003617	XP_006093748.1	NP_667142.1
OG0003618	XP_006108588.1, XP_023600472.1, XP_014306302.1	XP_036016343.1
OG0003620	XP_023600067.1	NP_001344169.1, XP_030099983.1, NP_001344168.1, NP_001344167.1
OG0003621	XP_006100144.1	NP_081127.1
OG0003622	XP_006082127.1, XP_006082126.1, XP_023613551.1, XP_023613554.1	NP_082651.1, NP_001018073.1, NP_077132.1
OG0003624	XP_014305355.1, XP_023604285.1	NP_001412750.1, NP_001272892.1, XP_017175754.1, NP_001272894.1, NP_848901.2, NP_001344268.1, NP_001161348.1, NP_001096669.1, NP_001096132.1
OG0003631	XP_006097663.2	NP_001349200.1
OG0003633	XP_023614544.1	NP_057884.1, NP_001397350.1, XP_006528549.1
OG0003634	XP_006100718.1	NP_001268936.1, NP_035699.2, NP_001268935.1, XP_006532996.1
OG0003635	XP_014316510.1	NP_032451.1
OG0003639	XP_006107817.3	NP_034838.2
OG0003640	XP_014312567.1	NP_001409151.1, NP_001409150.1, NP_001409153.1, NP_001409152.1, NP_038520.2
OG0003641	XP_023601500.1	NP_001139740.1, XP_011245158.1
OG0003642	XP_006105206.1	NP_001001445.1
OG0003643	XP_023618239.1, XP_023604983.1, XP_023618262.1	NP_001257289.1, NP_001180595.1, NP_001180597.1, XP_036019422.1, NP_035465.2, NP_035254.1
OG0003645	XP_023616700.1	XP_017173937.1, NP_898836.2
OG0003646	XP_023615987.1	NP_001073595.1
OG0003647	XP_014302763.1, XP_023601941.1, XP_014306587.2	NP_001074795.1
OG0003648	XP_006092480.1, XP_014314351.1, XP_023612700.1, XP_023612701.1, XP_023612699.1	XP_006534411.1, NP_001348904.1
OG0003649	XP_023612404.1	NP_001139374.1
OG0003650	XP_006097598.1	NP_001012495.1
OG0003651	XP_006109582.1	NP_032412.3, NP_001172013.1, NP_001172012.1, NP_032413.1
OG0003652	XP_014313041.1, XP_014313042.1	NP_112479.1, NP_001268943.1, NP_001268944.1
OG0003653	XP_023609844.1	NP_001271309.1, NP_001271310.1, XP_011246977.1, NP_031442.2
OG0003654	XP_006097010.1	NP_001139425.1, NP_034835.1
OG0003655	XP_006098883.1	NP_001033088.1
OG0003657	XP_006095927.1	NP_001411802.1
OG0003658	XP_006083428.1	XP_006525174.1, NP_084134.2
OG0003659	XP_014303125.1	NP_076006.2
OG0003660	XP_006094617.1	NP_001013637.1, XP_006508427.1
OG0003661	XP_006083892.1	XP_006506615.1, NP_081170.1
OG0003662	XP_023611581.1	NP_038703.3
OG0003664	XP_023601629.1, XP_006104753.1	NP_079845.1
OG0003665	XP_006089667.1	NP_001347189.1, NP_001347186.1, NP_001347190.1, NP_056629.1
OG0003666	XP_014304557.1, XP_023603602.1	XP_011246904.1, NP_038523.2
OG0003667	XP_006102225.1	NP_950178.2, NP_001344963.1, NP_001344962.1
OG0003668	XP_014318519.1	NP_079855.2, XP_036020207.1
OG0003669	XP_006084916.1	NP_033809.1
OG0003670	XP_006107901.1	NP_033408.1
OG0003671	XP_023610265.1, XP_014309802.1, XP_006081120.1	NP_038506.2
OG0003672	XP_023600426.1	NP_542369.3, XP_011240254.1
OG0003673	XP_014316433.1	NP_035212.2
OG0003674	XP_006108545.3	XP_036019041.1
OG0003675	XP_006103535.1	NP_001291196.1
OG0003676	XP_006108540.1	NP_001154885.1, XP_017173567.1, NP_032603.3, NP_001397700.1
OG0003677	XP_006095222.1	NP_001397501.1, NP_001397500.1, NP_035441.1
OG0003679	XP_006107512.1	NP_666817.1
OG0003680	XP_006094661.1	NP_667314.2
OG0003681	XP_014313934.1	NP_001011759.1
OG0003683	XP_006089761.1, XP_006107836.1	NP_001156412.1, NP_666991.1
OG0003685	XP_006097229.1	NP_001159881.1, XP_036012033.1
OG0003686	XP_023603074.1	XP_017177659.1, NP_663557.1
OG0003687	XP_023604977.1	NP_001345799.1, NP_001276621.1, NP_001028528.2, XP_006540948.1
OG0003687	XP_006109627.1, XP_006108720.1	NP_001276622.1
OG0003688	XP_023616330.1	XP_054875527.1
OG0003689	XP_006109811.1	NP_001389730.1
OG0003689	XP_014309851.1	NP_083622.1
OG0003690	XP_006097464.1	NP_001157893.1, NP_001157894.1, NP_001157892.1, XP_006526582.1, NP_080137.2, NP_001157895.1, NP_001157896.1
OG0003691	XP_023608432.1	NP_001074785.1, XP_017176672.1
OG0003692	XP_006087243.2	NP_001343344.1, XP_036020507.1, NP_001074855.1
OG0003693	XP_014309928.1, XP_006087235.2, XP_014309929.1	NP_081824.1
OG0003694	XP_006087195.1	NP_032024.2
OG0003695	XP_006084524.1	XP_017169288.1
OG0003696	XP_006102271.1	NP_001346740.1, NP_001028638.2, XP_036011768.1
OG0003697	XP_006103824.1	NP_666080.1, XP_011244480.1, NP_671511.2, XP_006523417.1
OG0003698	XP_014305162.1	NP_001177267.1
OG0003700	XP_014309587.1	XP_006526743.1, NP_034396.1
OG0003701	XP_006102259.1	NP_742012.2, XP_006516889.1
OG0003702	XP_023600435.1	XP_036013774.1, NP_848141.3, XP_036009221.1, NP_075357.4, NP_001347505.1
OG0003703	XP_014319835.1	NP_001342437.1
OG0003704	XP_006107805.1, XP_014303715.1	NP_001028421.1, XP_030098197.1
OG0003707	XP_023602222.1	XP_006539972.1, NP_001156486.1
OG0003710	XP_006109692.1	NP_001272967.1, NP_666294.1, NP_001272968.1, NP_001390614.1, XP_030098292.1
OG0003711	XP_023599337.1	XP_036009176.1
OG0003712	XP_006103643.1	XP_006539913.1, NP_780686.1, NP_001161978.1
OG0003713	XP_023615635.1	NP_663608.3
OG0003715	XP_006108699.2, XP_014305039.2, XP_023600014.1, XP_006109306.1, XP_023604051.1, XP_023599999.1, XP_023600018.1	NP_001030044.1, XP_006503256.1
OG0003717	XP_006098537.1, XP_014305807.1, XP_014311052.1	NP_663335.2
OG0003718	XP_006081390.1, XP_023606532.1	NP_031956.3, XP_030102997.1
OG0003719	XP_014303496.1	XP_006531434.1, NP_082116.1
OG0003720	XP_023601201.1	NP_001230235.1
OG0003722	XP_014315777.1	NP_083147.1, NP_001264050.1, NP_001264052.1, NP_001264051.1, NP_001342111.1, XP_006539285.1
OG0003724	XP_023606235.1, XP_014306906.1, XP_014306902.1	NP_766177.1, XP_011242941.1
OG0003725	XP_023600991.1	NP_001177980.1
OG0003726	XP_023603017.1	NP_061281.3, XP_036009150.1
OG0003727	XP_023604391.1	XP_011249078.1, NP_783571.2, NP_001106942.1
OG0003728	XP_006108321.3	NP_001344709.1, NP_001034236.1, NP_077751.1, NP_001313216.1
OG0003729	XP_006105419.1, XP_014303023.1	NP_080518.1
OG0003732	XP_006088577.1	NP_032479.1, XP_006503814.1
OG0003733	XP_006081684.1	NP_001025467.1
OG0003734	XP_014308988.1	NP_001004174.1
OG0003735	XP_006104560.1	NP_848027.1, XP_006516836.1
OG0003737	XP_023610384.1	XP_006513098.1
OG0003738	XP_023610910.1	XP_006514181.1, NP_076085.1
OG0003739	XP_023610912.1	NP_001013848.1, NP_001405798.1, XP_036014638.1
OG0003740	XP_014310181.2	NP_001413605.1
OG0003741	XP_023609538.1	NP_001365863.1
OG0003742	XP_006109368.3, XP_006101016.1	XP_006514729.1
OG0003743	XP_023609845.1	NP_001350095.1
OG0003744	XP_014311659.1	XP_006533385.1, NP_001025159.1
OG0003746	XP_023617761.1	XP_006510497.1
OG0003747	XP_023599021.1	NP_031941.2, NP_001186423.2
OG0003748	XP_006108646.3	NP_663588.2, NP_001177248.1, NP_001035721.1, NP_001177242.1, NP_001035722.1
OG0003749	XP_006109891.2	NP_001391995.1, NP_001391994.1, XP_011240678.1, NP_001391993.1, NP_751894.2
OG0003750	XP_014302157.1	NP_001344312.1, XP_030100469.1, NP_001344314.1, NP_001344313.1, NP_082141.1, NP_001344315.1
OG0003751	XP_023600063.1	NP_536682.2, NP_001335024.1
OG0003752	XP_006093545.1, XP_023613690.1	NP_079963.1
OG0003753	XP_006100720.1	XP_006533964.2, NP_001093158.1
OG0003754	XP_006102817.1	NP_001129534.1, NP_031959.1, NP_001263214.1
OG0003755	XP_023599627.1	NP_033183.1, NP_001303296.1
OG0003756	XP_014303280.1, XP_014306343.2	NP_001369418.1
OG0003757	XP_006089834.1	NP_663524.1, XP_036019895.1
OG0003758	XP_014317560.1	NP_001106883.1, XP_011238935.1
OG0003759	XP_023608594.1	NP_001074395.1, NP_001355980.1, NP_444303.2, XP_011238756.1
OG0003761	XP_006102972.2	XP_011248530.1, NP_001070977.1
OG0003762	XP_023603501.1	NP_775547.2, XP_006538521.1
OG0003763	XP_023616867.1	XP_006531093.1, NP_659181.2
OG0003764	XP_023608330.1	XP_006530997.1, NP_001157232.1, NP_758490.3, NP_001157233.1
OG0003765	XP_006088284.1	NP_067346.1, XP_006504429.3, NP_851388.1
OG0003766	XP_023613557.1	NP_083029.1
OG0003767	XP_014308607.2	NP_598667.2
OG0003768	XP_014309491.1, XP_006081123.1	XP_036018060.1, NP_075631.2
OG0003769	XP_006097754.1	NP_001165617.1
OG0003772	XP_014304014.1	NP_079580.2
OG0003773	XP_023620605.1, XP_006105374.1	NP_001254640.1, NP_001399259.1, NP_031934.1, NP_001254639.1, NP_001399257.1, NP_001399258.1
OG0003774	XP_006108200.1, XP_006100991.1	NP_033859.1, NP_001348461.1
OG0003775	XP_023620250.1	NP_775278.3, NP_001157323.1, NP_001157324.1, NP_001157325.1, NP_001157322.1, NP_001157321.1, NP_001157320.1, NP_001157319.1
OG0003776	XP_023620260.1	NP_001157133.1, XP_011244920.1, NP_082156.2
OG0003777	XP_023613407.1	NP_001258495.1
OG0003778	XP_006093221.1	NP_598658.1, XP_006534748.1
OG0003779	XP_023602646.1	XP_017167884.1, NP_001306076.1
OG0003780	XP_006094954.1	NP_001009940.1, XP_006529768.1
OG0003781	XP_006095221.2	NP_001397499.1, NP_001397497.1, NP_001342526.1, NP_035440.1, NP_001342531.1, NP_001397498.1, NP_001342529.1
OG0003782	XP_006087460.1	NP_001347101.1
OG0003784	XP_023610588.1, XP_006089988.1	NP_001408321.1
OG0003785	XP_023610522.1	XP_006497192.1, NP_033002.2
OG0003786	XP_023609735.1	NP_033725.2, XP_011237039.1
OG0003787	XP_023601622.1	NP_080902.1
OG0003788	XP_014319029.2	NP_848811.2, NP_001268724.1, NP_001139348.1
OG0003789	XP_006097893.1, XP_014319063.1, XP_014319061.1	NP_075370.2
OG0003790	XP_023612175.1	NP_001272736.1, NP_997533.1, NP_001348144.1, NP_001272746.1, NP_001348146.1, NP_001272742.1, NP_001272739.1, XP_036016865.1
OG0003791	XP_023617950.1	XP_030102694.1, NP_001028506.1
OG0003792	XP_023619604.1	NP_665826.1, XP_006532921.1, NP_001346567.1
OG0003793	XP_006100565.1	NP_038775.1, XP_006515998.1, NP_001185933.1
OG0003794	XP_006099644.1	NP_001345173.1, XP_006519515.1, NP_080418.2
OG0003795	XP_023620882.1	NP_001157899.1, XP_030102525.1, NP_666149.1, NP_001157898.1
OG0003796	XP_023619829.1	NP_001400191.1, NP_001400189.1, XP_006515383.1, NP_001182655.1, NP_001400190.1
OG0003797	XP_023603670.1	XP_006532815.1, NP_848779.2
OG0003799	XP_006107754.1	NP_083053.2
OG0003800	XP_023600526.1	NP_001230513.1
OG0003801	XP_023604604.1	NP_671750.2, NP_001103808.1, NP_001103807.1, XP_030102156.2
OG0003802	XP_023612613.1	NP_001258267.1
OG0003803	XP_014314262.1	NP_032201.3
OG0003804	XP_023620153.1	NP_035929.1, NP_001349664.1, NP_001020950.1
OG0003805	XP_014319986.1	NP_032107.1, XP_006532264.1
OG0003806	XP_023615390.1	NP_001165570.1
OG0003807	XP_006092290.1	NP_084064.1
OG0003808	XP_006095607.1	NP_001351063.1, NP_001351062.1, NP_659074.2, XP_006533022.1
OG0003809	XP_006095609.1	NP_001020091.1, XP_006533013.1
OG0003810	XP_006105192.1	NP_001038996.1, XP_011247397.1
OG0003811	XP_006109433.3	NP_001025154.1, XP_006497923.1
OG0003812	XP_006108871.1	NP_001365715.1
OG0003813	XP_023603561.1	XP_006497645.1
OG0003814	XP_023600214.1	NP_598613.3, XP_017174848.1, NP_001349626.2, NP_001074437.2, NP_001349624.2, NP_001349627.2, NP_001349625.2
OG0003815	XP_014317713.1, XP_006096352.1	XP_006498315.1, NP_080452.2
OG0003816	XP_023611730.1, XP_006091190.1	NP_080698.1, XP_017174717.1
OG0003817	XP_014322033.1, XP_006091191.1	NP_080710.1
OG0003818	XP_006093631.1	NP_034426.2
OG0003819	XP_023615232.1	NP_001162151.1, XP_006513605.1, NP_001162150.1, NP_666122.1
OG0003820	XP_023618550.1	NP_001346681.1
OG0003821	XP_023604503.1	NP_001158098.1, NP_001158097.1, XP_006521510.1, NP_932115.2
OG0003822	XP_006102481.1	XP_036015396.1
OG0003823	XP_006108935.1, XP_014318927.1, XP_014318928.1, XP_023617287.1, XP_023617286.1	XP_006496321.1, NP_081387.1
OG0003824	XP_006097790.1	NP_001343457.1, XP_006496283.1, NP_080399.1
OG0003825	XP_006083350.1	XP_006514694.1
OG0003826	XP_014323229.1	NP_001291760.2, NP_034885.1, NP_001291759.1, XP_036015105.1, NP_001291761.2
OG0003827	XP_023619292.1, XP_006081708.1	NP_001041526.1
OG0003828	XP_023600525.1	NP_598892.2
OG0003829	XP_006090748.1	NP_080923.2, XP_006538279.1
OG0003830	XP_006101286.1	XP_036020259.1
OG0003831	XP_006103276.1	NP_001128118.1
OG0003832	XP_006096555.1	NP_001342304.1, XP_006538023.1, NP_001342305.1, NP_766621.3
OG0003833	XP_023616105.1	NP_056558.1
OG0003834	XP_023605009.1, XP_006088160.2	XP_011248390.1, NP_080244.1
OG0003835	XP_023609033.1, XP_023609032.1, XP_006088066.1	NP_780299.2, XP_006537774.1
OG0003836	XP_023600661.1	NP_081568.1, XP_017173120.1
OG0003837	XP_006093308.2, XP_006108564.1	XP_017173214.1, NP_001276430.1, NP_001276428.1, NP_084343.1, NP_001276429.1
OG0003838	XP_023600935.1	NP_001361535.1
OG0003839	XP_014302420.1	XP_006523482.1, NP_001177941.1
OG0003840	XP_023601644.1	NP_001401206.1, NP_001401207.1, NP_038919.1, NP_001344657.1, XP_006524442.1
OG0003841	XP_006107006.1	NP_038691.1
OG0003842	XP_006098641.1	NP_690023.1, XP_036012050.1, XP_036012049.1, XP_036012053.1, XP_036012056.1, XP_036012054.1, XP_036012055.1, XP_036012052.1, XP_036012051.1
OG0003843	XP_006093299.1, XP_023613458.1, XP_023613457.1, XP_014315121.1, XP_014315124.1, XP_006093300.1	NP_034487.2
OG0003844	XP_023610044.1	NP_001390016.1
OG0003845	XP_023602571.1	NP_001077349.1, NP_080727.2, NP_001077351.1, NP_001077350.1
OG0003846	XP_006109258.2, XP_023619380.1	NP_001346910.1
OG0003847	XP_006085272.1	NP_038724.1, XP_006520811.1
OG0003849	XP_023605068.1	XP_006520515.1, NP_034546.2, NP_001402888.1, XP_030104540.1
OG0003850	XP_006107218.1, XP_014304635.1, XP_023609786.1	NP_081135.3, NP_001158079.1, NP_001158080.1
OG0003851	XP_006095701.1	XP_006534832.1, NP_001389678.1
OG0003852	XP_006094463.1	NP_001129732.1, XP_017176484.1, NP_001346140.1, NP_061230.2, NP_001184076.1, NP_001346142.1, NP_001346141.1
OG0003853	XP_014304086.1	XP_006505128.2
OG0003854	XP_006099140.1	NP_001297369.1, NP_001091695.1, NP_001007222.1, NP_001007221.1, NP_001405014.1, XP_006503591.1
OG0003855	XP_006085004.1, XP_014307861.1, XP_014307859.1	NP_001036135.3, XP_006503632.1, NP_742147.1, NP_001013041.2, XP_017176488.1
OG0003856	XP_006085393.1	NP_001408253.1
OG0003857	XP_006085487.1	XP_036011092.1, NP_080465.3
OG0003858	XP_023615837.1, XP_023615836.1	NP_001339816.1
OG0003859	XP_006108966.1, XP_006087523.1	NP_064684.2, NP_997039.2
OG0003860	XP_006087295.1	NP_080770.2
OG0003861	XP_014310044.2	NP_001079018.1, XP_006503339.1
OG0003862	XP_006087259.1	NP_001240310.1
OG0003863	XP_006084081.1	NP_001230872.1, XP_006541575.1, NP_001030028.1, NP_031595.1
OG0003864	XP_023605570.1	NP_035591.3
OG0003865	XP_006081801.1	NP_056566.2
OG0003866	XP_023609342.1	NP_001284483.1, NP_001386351.1
OG0003867	XP_006104124.2	NP_001300940.1
OG0003868	XP_023609567.1	NP_001396739.1
OG0003869	XP_023614660.1	NP_001276546.1, NP_001402731.1, NP_035907.1, XP_030111187.1, NP_001276547.1, NP_001276548.1
OG0003870	XP_023599659.1	NP_659157.1, NP_001346819.1
OG0003871	XP_023602677.1	NP_666151.3, XP_006515843.1
OG0003872	XP_006086273.1	NP_001186917.1, NP_659176.2
OG0003873	XP_014318741.1	XP_017175186.1, NP_080604.2
OG0003874	XP_006096943.1, XP_014318260.1	XP_006502100.1, NP_081402.3
OG0003875	XP_023612216.1, XP_014313842.1	NP_001409740.1
OG0003876	XP_006091753.1, XP_023612199.1	NP_001409715.1
OG0003877	XP_006083498.1, XP_014303519.1	NP_080627.2
OG0003878	XP_006083482.1	NP_001153001.1
OG0003879	XP_006104847.1	NP_079671.1
OG0003880	XP_006103090.2	NP_001342674.1, NP_077250.2
OG0003881	XP_014304498.1	NP_001033784.2, NP_766589.1, NP_001349129.1, XP_030110909.1, NP_001349130.1
OG0003882	XP_023616392.1	NP_001001160.1, NP_001276604.1, NP_001276603.1
OG0003883	XP_023612789.1	XP_006501767.1
OG0003884	XP_023612780.1, XP_006106053.2	XP_006501458.1, NP_808213.2
OG0003885	XP_006096935.1	XP_006502250.1, NP_083201.1
OG0003886	XP_006095286.1	NP_001032826.1, NP_001396447.1, NP_001396449.1, NP_001396448.1, NP_033839.2, NP_001396446.1, XP_030108253.1
OG0003887	XP_014316833.1	NP_001344640.1
OG0003889	XP_006096280.1	NP_080954.4, XP_006498632.1
OG0003890	XP_023606788.1	NP_780646.2
OG0003891	XP_006088750.1	NP_038685.3
OG0003892	XP_023609549.1	NP_033914.1, NP_001104316.1, NP_001104315.1, NP_001104314.1, NP_001104313.1, XP_011248046.1
OG0003893	XP_023617586.1	XP_030106194.1, NP_848810.3
OG0003895	XP_023603692.1	XP_006508521.1
OG0003896	XP_006102543.1	NP_001161359.1, XP_006531790.1, NP_001161358.1, NP_001366608.1, NP_659120.3, NP_001366607.1, NP_001161357.1
OG0003897	XP_014323322.1	NP_598925.1
OG0003898	XP_023620834.1	NP_598564.2, NP_001347640.1
OG0003899	XP_006104403.1	NP_001349356.1, NP_080686.1
OG0003902	XP_006109995.1	NP_080283.3
OG0003903	XP_006107299.1	NP_082687.1
OG0003905	XP_006081773.1	XP_006531042.1, NP_001164162.1, NP_848851.3
OG0003906	XP_023613651.1	NP_659568.2, XP_011246390.2, NP_001298019.1, NP_001298018.1
OG0003907	XP_023608203.1	NP_084049.2
OG0003908	XP_023609577.1, XP_023605179.1	NP_612184.1
OG0003909	XP_023599067.1	XP_006514391.1, NP_084494.1
OG0003910	XP_023599505.1, XP_014323183.1, XP_006102422.1	XP_006506534.1
OG0003911	XP_006091360.1	NP_035974.1, NP_001159721.1, NP_001397463.1, NP_001159723.1, NP_001397462.1, XP_036021993.1, NP_001397464.1, NP_001397465.1
OG0003912	XP_006091371.1	NP_032116.4, NP_001342182.1
OG0003913	XP_006091382.1	NP_001034483.1, NP_598478.1
OG0003914	XP_023605186.1	NP_001161729.1, XP_011239812.1, NP_001161728.1, NP_659054.2
OG0003915	XP_023619826.1	NP_001398653.1, NP_001103219.1
OG0003916	XP_023620770.1	NP_001292866.1, NP_001292865.1, XP_006518168.1, NP_082058.1
OG0003917	XP_014313181.2	NP_001108351.1
OG0003919	XP_006100454.1	NP_001007571.1
OG0003920	XP_023604099.1	XP_006509593.1
OG0003921	XP_006099732.1	NP_444392.1
OG0003922	XP_014320669.2	XP_017168436.1, NP_080912.2
OG0003923	XP_014322764.1	NP_997086.2, XP_017168469.1
OG0003924	XP_014302706.2	XP_006525238.1
OG0003925	XP_023602581.1	XP_006514154.1
OG0003926	XP_006092979.1	XP_006508075.1
OG0003927	XP_006089679.1	XP_011239988.1, NP_919446.2
OG0003928	XP_023610278.1	NP_080122.2
OG0003929	XP_006089641.1	NP_203534.1
OG0003930	XP_014315562.2	NP_001157205.1, NP_710143.2, NP_001278111.1
OG0003931	XP_023604949.1	NP_941044.3
OG0003932	XP_006083554.1	NP_001273340.1
OG0003933	XP_006086108.1	NP_036027.1, NP_001411523.1
OG0003934	XP_023619969.1, XP_006100700.1, XP_023619970.1	XP_036014569.1, NP_898852.2
OG0003935	XP_023608239.1	XP_006496378.1, NP_001343225.1, NP_001343226.1, NP_083644.1
OG0003936	XP_014309681.1, XP_006086972.2	NP_081144.1, NP_001074588.1
OG0003939	XP_006083712.1	NP_082508.1, XP_011244944.1
OG0003940	XP_023605296.1	NP_663746.2, XP_006511798.1
OG0003941	XP_006109794.1	XP_006511926.1, NP_848753.1, NP_001346394.1
OG0003942	XP_006083987.1	XP_006511835.1, NP_001408227.1, NP_062738.2, NP_001408230.1
OG0003943	XP_006083824.1	NP_620095.1, XP_006510933.1
OG0003944	XP_023605357.1	NP_001276574.1, NP_001276575.1, NP_700469.1, NP_001276576.1, XP_006511201.1
OG0003945	XP_023612031.1	NP_084334.1
OG0003946	XP_023616012.1	NP_001342578.1
OG0003947	XP_023616073.1	NP_033860.2, XP_006498669.1
OG0003949	XP_006085235.1	XP_011237794.1, NP_001153134.1, NP_694729.1
OG0003950	XP_014313574.1	NP_001361055.1
OG0003951	XP_023615214.1	NP_001366394.1
OG0003952	XP_006103804.1, XP_006102350.2	NP_080259.1
OG0003953	XP_014302110.1	NP_082698.1, XP_017174613.1, NP_001076797.1, NP_852089.2, NP_001076798.1
OG0003954	XP_006098340.1	NP_001343931.1, XP_006504928.1, NP_082148.1
OG0003955	XP_023617786.1	XP_030109993.1, NP_001345985.1, NP_001345986.1, NP_001345984.1, NP_001010941.1, NP_032177.1
OG0003956	XP_023612463.1	NP_056618.1
OG0003957	XP_006085568.1	NP_056586.2
OG0003958	XP_023606906.1	NP_659091.3, NP_001240681.1, XP_006518915.2, NP_001240682.1
OG0003959	XP_023611787.1, XP_023611781.1, XP_023611772.1, XP_023611777.1	NP_001404430.1, NP_075698.1
OG0003960	XP_023620090.1	NP_001366408.1, XP_036014366.1, NP_001411403.1, NP_001411402.1, NP_068677.2
OG0003961	XP_006102996.1	NP_001398932.1
OG0003962	XP_014319377.1	NP_083038.1
OG0003963	XP_014319372.1	XP_006530342.1, NP_035667.1
OG0003964	XP_006096604.1	NP_081209.1
OG0003965	XP_023617814.1	NP_001390456.1, XP_006530175.1
OG0003966	XP_006105596.1	NP_034848.1, XP_030101468.1, NP_001389791.1, NP_001389790.1, NP_001389792.1, NP_001348552.1, NP_774958.1
OG0003967	XP_014320538.1	XP_006522510.1
OG0003968	XP_006085613.2	NP_036039.2
OG0003969	XP_006084203.1	NP_035454.3
OG0003970	XP_006084230.1	NP_001396767.1, NP_001342186.1, NP_001396768.1, NP_001396769.1, NP_038561.1
OG0003972	XP_006084285.2	NP_034879.2
OG0003973	XP_006093742.1, XP_023613815.1, XP_014315474.1	NP_001346099.1, NP_001346100.1, NP_001346098.1, NP_077142.1, XP_036021569.1
OG0003974	XP_006091522.1	NP_001158035.1, NP_835215.1, NP_001158074.1
OG0003976	XP_023617085.1	NP_080529.1
OG0003977	XP_023617060.1	NP_080861.2, XP_006506277.1
OG0003979	XP_023599005.1	NP_001400556.1, NP_036106.1, XP_036017494.1
OG0003980	XP_006101795.2	NP_444394.1
OG0003981	XP_023609131.1	XP_006527247.1
OG0003982	XP_006088236.1	NP_766111.1
OG0003983	XP_023604824.1, XP_023603739.1	NP_058674.1
OG0003985	XP_014309155.2	NP_032591.3
OG0003986	XP_023607697.1	NP_080045.1, XP_006522537.1
OG0003987	XP_023611249.1	XP_006535505.1
OG0003988	XP_023611204.1	XP_011236678.1, NP_808390.2
OG0003989	XP_006086440.1	NP_032704.2, NP_001289631.1
OG0003990	XP_023601934.1	NP_001156800.1, NP_001343962.1, NP_848746.1, NP_001343965.1, XP_036019287.1
OG0003991	XP_006103603.1, XP_023601247.1	NP_001078890.1
OG0003992	XP_023608653.1	NP_598410.2
OG0003993	XP_014314928.1	NP_058603.2, NP_001399590.1, NP_001399589.1
OG0003994	XP_006093176.2	NP_001277915.1, NP_084510.2, NP_001277916.1, NP_001356114.1, XP_011237831.1
OG0003995	XP_014308972.1	XP_006499174.1, NP_954709.1, NP_001277926.1, NP_954708.1, NP_766125.2, NP_954710.1, NP_954711.1, NP_001277929.1
OG0003996	XP_014305962.1, XP_014315311.1, XP_014315310.1	NP_001398234.1, NP_109642.1
OG0003997	XP_014315306.1	XP_006510985.1, NP_808251.1, NP_080950.1
OG0003998	XP_014310473.1	NP_001077396.1
OG0003999	XP_014303195.1	NP_001074810.1
OG0004001	XP_023600897.1	NP_001396941.1
OG0004002	XP_023604506.1, XP_006108160.2, XP_006105472.1, XP_006108158.1, XP_006105473.1, XP_006099968.1, XP_023610143.1	NP_031819.1
OG0004003	XP_006099984.1	NP_032430.2, XP_006513334.1
OG0004004	XP_006099989.1	NP_112473.1, XP_006513477.1, NP_001186200.1
OG0004005	XP_006104855.1, XP_006096022.1, XP_023615622.1	NP_033141.1
OG0004006	XP_023616225.1, XP_014317986.1	NP_001274030.1, NP_001274031.1, NP_277060.2, NP_001025007.1, XP_006500978.1, NP_001274032.1
OG0004007	XP_014322519.1	NP_001333665.1
OG0004008	XP_023619690.1	NP_064304.1
OG0004009	XP_006100342.3, XP_023619674.1, XP_023619678.1, XP_023619675.1, XP_023619676.1, XP_023619673.1	XP_006501165.1, NP_001156929.1
OG0004010	XP_006084629.1	XP_011247735.1, NP_766303.1
OG0004011	XP_006084577.1, XP_006084576.1, XP_014307458.1, XP_023606077.1	NP_031661.3
OG0004012	XP_006094515.1	NP_666084.1
OG0004013	XP_006090989.1	NP_001348976.1, XP_001478493.1, NP_080886.1
OG0004014	XP_023613117.1, XP_023613116.1, XP_006092911.1, XP_014314764.1	XP_006522298.1
OG0004015	XP_006084811.1	NP_031496.2, NP_001288283.1, NP_001288282.1
OG0004016	XP_006084817.1	NP_082180.2
OG0004017	XP_014309341.1	NP_061373.1, XP_006517355.1, NP_001413483.1
OG0004018	XP_023615148.1, XP_023615147.1, XP_023615149.1	NP_665851.2
OG0004019	XP_023607927.1	XP_006517242.1, NP_001295404.1, NP_766068.1
OG0004020	XP_006081528.2	XP_030103024.1, NP_034704.1
OG0004021	XP_023607581.1	NP_796307.2, XP_006517254.1
OG0004022	XP_006084894.1	NP_001074835.1
OG0004023	XP_006084880.1	NP_001345357.1, NP_076283.2
OG0004024	XP_014307704.1	NP_001120736.1, NP_035771.1
OG0004025	XP_006083248.1	XP_030108093.1, NP_848749.2, NP_700458.3, NP_001277594.1
OG0004026	XP_006083270.1	NP_663498.1
OG0004027	XP_014323576.1	XP_011237610.1, NP_001264899.1
OG0004028	XP_006082425.1	XP_006495995.1, NP_001343345.1, NP_001343346.1, NP_766241.2
OG0004029	XP_006082814.2	NP_083972.3, XP_036010132.1
OG0004030	XP_014318049.2	NP_001276824.1, NP_082160.3, XP_006495930.2, NP_001400716.1, NP_001400719.1, NP_001400720.1, NP_001400717.1, NP_001400718.1
OG0004031	XP_023617049.1	NP_778196.2
OG0004032	XP_006094906.1	XP_006529491.1
OG0004033	XP_006109089.3	NP_033133.1
OG0004034	XP_006096966.1	NP_001316798.1
OG0004035	XP_006096962.1	NP_536344.1
OG0004037	XP_023606228.1	XP_036017915.1, NP_001157747.1, NP_001276612.1, NP_081598.1
OG0004038	XP_006090643.2	XP_006527692.1, NP_036135.3, NP_001041673.1
OG0004039	XP_014318481.1	NP_001398533.1
OG0004040	XP_023616719.1	NP_776108.2
OG0004041	XP_006082903.1	XP_011245976.1, NP_001300672.1, NP_543134.1
OG0004042	XP_023619507.1	XP_011245942.1, NP_001030079.2
OG0004043	XP_006082995.1	XP_011245995.1, NP_001300683.1, NP_001300684.1, NP_443208.1
OG0004044	XP_006082865.1	NP_001396596.1
OG0004045	XP_006084752.1	NP_038785.1
OG0004046	XP_006082370.1	XP_006528726.1, NP_001182508.1
OG0004047	XP_014313859.1, XP_023613630.1, XP_014313869.1	NP_081918.1
OG0004048	XP_023613327.1	NP_001001798.1, NP_001345931.1, NP_001032952.1, XP_006528153.1
OG0004049	XP_014310386.1	NP_033575.3, XP_006528024.1, NP_001102513.1
OG0004050	XP_006099900.1	NP_766581.2
OG0004052	XP_023606792.1	NP_035002.2, NP_001119654.1, XP_036013791.1, NP_032696.2, NP_001413193.1, NP_035001.2
OG0004053	XP_006102030.1	NP_062615.1
OG0004054	XP_014306322.2	NP_082878.2, NP_081898.1
OG0004055	XP_006092095.1	NP_667200.2
OG0004063	XP_023609396.1	XP_006504019.1, NP_848541.2, NP_620704.1, NP_001120854.1
OG0004064	XP_023617028.1	NP_031611.1, NP_001396506.1
OG0004065	XP_023619170.1	XP_006512056.1
OG0004067	XP_014302300.1	NP_001185913.1
OG0004068	XP_006106938.1, XP_006097810.1	NP_001317220.1
OG0004069	XP_023600096.1, XP_023600105.1, XP_023600098.1	NP_001272949.1, NP_001272950.1, NP_034102.1, NP_001272951.1, NP_001272952.1, NP_001272953.1
OG0004070	XP_006109420.1	XP_006520682.1, NP_035274.2, NP_001106889.1
OG0004071	XP_023612305.1, XP_023612304.1	NP_001263257.1, NP_001263259.1, XP_017173549.1, NP_001263258.1, NP_038544.1
OG0004072	XP_014320677.1	NP_038765.2, XP_006524429.1, NP_001412035.1
OG0004073	XP_023600035.1	NP_034459.2
OG0004074	XP_023607115.1	XP_006527830.1
OG0004076	XP_014317869.1	XP_006537689.1
OG0004077	XP_023600078.1	NP_001276762.1, NP_001276684.1, NP_001276685.1, NP_075603.1
OG0004078	XP_023612490.1	XP_030107088.1, NP_032338.3
OG0004079	XP_014309090.1	NP_001273351.1, XP_030099189.1, NP_001273354.1, NP_598922.1, NP_001273353.1, NP_001012535.1
OG0004080	XP_023601911.1	NP_659178.1, NP_001344255.1, NP_001344257.1, XP_036009853.1
OG0004081	XP_006106608.1	NP_031548.1
OG0004082	XP_006104444.2	XP_006523564.1, NP_031451.2, NP_001258352.1, NP_001258353.1, NP_001258351.1
OG0004083	XP_023605173.1	NP_034368.2, NP_001411700.1, XP_030105360.1, NP_001191902.1, NP_001411701.1
OG0004084	XP_023607530.1	NP_032992.1
OG0004085	XP_023610728.1, XP_023610727.1, XP_006090141.1	NP_001355345.1, XP_006521872.1
OG0004086	XP_006083213.1	NP_001407028.1
OG0004087	XP_014313603.1, XP_023611990.1	NP_001399532.1
OG0004088	XP_023601855.1	NP_001271331.1, NP_035157.2, NP_001033976.1, NP_001033934.1, NP_001033928.1
OG0004089	XP_023599138.1	NP_001395854.1, XP_006529218.1, NP_001103785.1, NP_032466.2, NP_001281079.1, NP_001355776.1, NP_001281078.1
OG0004091	XP_006104076.1	NP_084269.1, XP_011245702.1
OG0004092	XP_023601362.1	NP_059087.2
OG0004094	XP_006099362.1	XP_006514605.1, NP_032527.1, NP_001034626.1, NP_001399264.1
OG0004095	XP_006089974.1	XP_036019524.1, NP_035763.2
OG0004096	XP_006085553.1, XP_014308395.1	NP_032151.1
OG0004097	XP_006108684.1	NP_001192263.1, NP_082731.2, NP_001158099.1, NP_001158100.1, XP_006521531.1
OG0004098	XP_006094360.1	NP_079553.1
OG0004099	XP_006102546.1, XP_014323319.1	NP_659119.2, NP_001258372.1, NP_001258373.1
OG0004100	XP_023608243.1	NP_001343977.1, NP_001343975.1, NP_653141.3, XP_006496061.3, NP_001343976.1
OG0004101	XP_006106475.1	XP_030097829.1, NP_081219.1
OG0004102	XP_006093809.1, XP_014315509.1, XP_006093807.1, XP_023613856.1	NP_653119.1
OG0004103	XP_023620239.1	NP_075542.2
OG0004104	XP_023616642.1	NP_034043.1, NP_001160097.1
OG0004105	XP_006095585.1	NP_033787.2, NP_001290352.1
OG0004106	XP_006092639.1	NP_081604.3
OG0004107	XP_006106307.1	NP_663544.1
OG0004108	XP_006091002.1	NP_796102.2, XP_006522310.1
OG0004110	XP_006096329.1, XP_023604247.1	NP_033464.2
OG0004111	XP_006083492.1	NP_001347072.1, NP_001347073.1, NP_001028615.1, XP_011244823.1
OG0004114	XP_006093665.1	XP_006513922.1, NP_001074688.1
OG0004115	XP_014310266.1	NP_001011754.1
OG0004116	XP_006099756.1	NP_666750.2, NP_997438.1
OG0004117	XP_006094609.1	NP_666466.1
OG0004118	XP_006101353.1	NP_666412.1
OG0004119	XP_006087590.1	NP_666704.2
OG0004120	XP_023614425.1, XP_014316086.2, XP_006094451.1	NP_033784.2
OG0004121	XP_023613971.1, XP_006093927.1, XP_014315589.1	NP_035832.1, XP_006512509.1
OG0004123	XP_014309942.1	NP_001165533.1, NP_081676.1
OG0004124	XP_023605986.1	NP_080479.2
OG0004125	XP_006084504.1, XP_023605985.1	NP_082206.2, XP_006512921.1
OG0004126	XP_006084484.1	NP_001159874.1
OG0004127	XP_023613989.1	NP_001106824.1, XP_006523265.1, NP_001344594.1, NP_001277627.1, NP_001106822.1, NP_035653.2, NP_001344596.1, NP_001106823.1
OG0004128	XP_023613959.1	NP_001104487.1
OG0004129	XP_023613990.1, XP_006103829.1	XP_006523322.1, NP_113572.1, NP_899224.2
OG0004130	XP_006089253.1	NP_001346384.1
OG0004131	XP_023614901.1	NP_001103665.1, XP_006512860.1, NP_080131.4
OG0004133	XP_023620675.1, XP_023620674.1	XP_011242776.1
OG0004134	XP_023599325.1	XP_006517438.1, NP_899113.1
OG0004137	XP_023604268.1	XP_006541058.1, NP_058545.1
OG0004138	XP_014306450.1	NP_001404174.1, NP_001404175.1
OG0004139	XP_006108614.1	XP_006540759.1, NP_001157134.1
OG0004140	XP_006081387.1	NP_067527.3
OG0004141	XP_006106480.1	NP_997408.2
OG0004142	XP_014306575.1, XP_014323035.1	NP_001405883.1
OG0004143	XP_023600638.1	XP_011248998.1, NP_001289740.1
OG0004144	XP_014318082.1	XP_017177648.1
OG0004146	XP_006098725.1, XP_023618119.1	NP_663555.2
OG0004147	XP_023618126.1	NP_001356288.1, NP_766487.3, NP_001159645.1, NP_001159646.1, NP_082894.1
OG0004148	XP_006098759.1	NP_001229576.2, NP_001363965.1
OG0004149	XP_023603877.1, XP_006109030.1, XP_014304854.1	NP_848819.2, XP_006539969.1
OG0004150	XP_006105811.1	XP_006538765.1, NP_766106.2
OG0004151	XP_023601807.1, XP_023601808.1	XP_006539220.1
OG0004152	XP_014302975.2	NP_001171102.1, NP_001356063.1, NP_001074475.1, XP_036016008.1, NP_835160.2, NP_084171.2, NP_001171101.2
OG0004154	XP_006098279.1	XP_011237278.1, NP_001153129.1, NP_659132.2
OG0004156	XP_014308081.1	XP_036014092.1, NP_083277.3
OG0004157	XP_023607254.1, XP_023607251.1, XP_014307901.1	NP_068562.1
OG0004158	XP_023602254.1, XP_023605086.1	NP_766500.3, XP_006531047.1
OG0004159	XP_014315898.1	NP_001406354.1, NP_001406352.1, NP_001406353.1, NP_001074567.1
OG0004160	XP_006094093.1	XP_006539392.1
OG0004161	XP_006094088.2	NP_031598.2
OG0004162	XP_006094051.1	NP_001156478.1
OG0004163	XP_023614154.1	NP_001032850.1
OG0004163	XP_023601872.1	NP_001258334.1, NP_033928.1
OG0004164	XP_006094049.1	NP_663359.2, XP_011248521.1
OG0004165	XP_023600970.1	NP_776292.1, XP_006538534.1
OG0004166	XP_023612292.1	XP_006529976.1, NP_083218.1, XP_986805.2, XP_986841.4, XP_011246380.1
OG0004167	XP_006081282.1	XP_006517538.1, NP_084533.1
OG0004168	XP_006081303.1, XP_023605946.1	NP_082288.1, XP_006517104.1
OG0004169	XP_014301824.1	NP_001157673.1, XP_006541064.1
OG0004170	XP_014301811.1	NP_001278120.1, NP_001278121.1
OG0004171	XP_023603255.1	NP_080774.2
OG0004173	XP_023602696.1	NP_067467.2, XP_006540634.1
OG0004177	XP_006109037.1	NP_001122073.1, NP_081105.1
OG0004178	XP_023601137.1	NP_062370.2
OG0004179	XP_023609420.1	NP_700440.2, NP_001346808.1
OG0004181	XP_023610372.1, XP_006089763.1	NP_031685.2
OG0004182	XP_006109773.1	NP_001360912.1
OG0004183	XP_006089786.1	NP_038916.1
OG0004184	XP_006106819.1, XP_023605107.1	XP_006513437.1, NP_001345894.1, NP_035287.1
OG0004185	XP_006090325.1	NP_001346797.1
OG0004186	XP_023617186.1	NP_084146.1, XP_011245019.2
OG0004187	XP_023620272.1	NP_001020553.1, XP_006514826.1
OG0004188	XP_014311621.1, XP_014311620.1, XP_006089118.1	NP_001038995.1
OG0004189	XP_014311656.1	NP_038744.1
OG0004191	XP_006093573.1	NP_001396191.1
OG0004192	XP_006098928.1	NP_001161826.1
OG0004193	XP_006106589.1	NP_758495.1
OG0004194	XP_006098369.1	NP_109638.2
OG0004195	XP_006105485.1	NP_112442.2
OG0004196	XP_006106420.1	NP_067370.3, XP_006510022.1
OG0004197	XP_006104368.1	NP_001333627.1
OG0004198	XP_006100708.1	NP_997559.1, NP_001020771.1, NP_061240.3
OG0004199	XP_023613683.1	NP_659197.2
OG0004200	XP_006093549.1	NP_080124.1
OG0004203	XP_006094733.1, XP_014306555.1	NP_114396.3, NP_114395.1
OG0004204	XP_006100722.1, XP_023610730.1	XP_017170015.1
OG0004205	XP_006102840.1, XP_023602535.1, XP_006105916.1, XP_006107779.1, XP_006102839.1	NP_033790.3, XP_006532099.1
OG0004206	XP_023601958.1	NP_001402992.1, NP_694721.2, NP_001402991.1
OG0004207	XP_014303109.1	NP_076053.1, NP_001161969.1, XP_006534219.1
OG0004208	XP_006102656.1	XP_006532543.1, NP_001152839.1, NP_035195.2
OG0004209	XP_014301906.1	NP_032770.2
OG0004210	XP_023600848.1	NP_001412339.1
OG0004211	XP_023610449.1	NP_001272791.1, NP_001272789.1, NP_001272788.1
OG0004212	XP_006089847.1	NP_940804.1, NP_001342109.1, NP_001158057.1, NP_001158056.1, NP_001342108.1, NP_001158055.1
OG0004213	XP_023603706.1	NP_848493.1
OG0004214	XP_023603050.1	XP_006538986.1
OG0004215	XP_006102970.2	NP_001343252.1, NP_598514.1
OG0004216	XP_014302958.1	NP_597679.1, NP_001343286.1
OG0004217	XP_023602746.1	NP_001346004.1, XP_006531359.1, NP_001032967.1, NP_001273292.1, NP_001346005.1, NP_001273291.1, NP_001032966.1, NP_080080.2
OG0004218	XP_023616866.1	NP_001074848.2, XP_036010270.1
OG0004220	XP_006097410.1	NP_067477.1
OG0004221	XP_014309774.1	NP_001288740.1, NP_032346.1
OG0004222	XP_023608332.1, XP_014309781.1	NP_598728.1, XP_011246559.1
OG0004223	XP_023608306.1	NP_080010.2
OG0004224	XP_006087112.1, XP_023608353.1	NP_082407.1, XP_006531450.1
OG0004226	XP_023611837.1, XP_014313451.1, XP_014313449.1, XP_023611836.1	XP_017168235.1, NP_758487.2
OG0004227	XP_023618854.1	NP_001366027.1
OG0004228	XP_006099450.1	NP_001028333.1
OG0004229	XP_023608319.1	NP_766054.2, NP_001390851.1, XP_006530858.1, NP_001390852.1, NP_001390853.1
OG0004230	XP_006088279.1	NP_031787.1
OG0004231	XP_006081127.1, XP_023618995.1, XP_014309591.1, XP_023618960.1	NP_062741.1
OG0004232	XP_023617208.1	XP_036020772.1
OG0004233	XP_014304654.1	NP_848485.1
OG0004234	XP_006106097.1	NP_033869.1
OG0004235	XP_006105002.1	NP_001363939.1
OG0004236	XP_014304013.1, XP_014304894.1	NP_001116115.1, NP_001116114.1, NP_001116113.1, XP_006508264.1, NP_001303642.1, NP_001116112.1, NP_653112.2
OG0004237	XP_023609203.1, XP_006109058.1	NP_083206.1, NP_001098722.1, XP_011240226.1
OG0004238	XP_023611077.1	NP_001346652.1, NP_001404270.1, NP_001346654.1, NP_001404271.1, NP_067452.2, NP_899011.2
OG0004240	XP_023620244.1	NP_001156920.1, NP_001156921.1, NP_001156923.1, NP_001156922.1, NP_001156925.1, NP_001156919.1, NP_038959.2
OG0004241	XP_014302652.1	NP_001343215.1, NP_001361582.1
OG0004242	XP_023612850.1	NP_001107002.1, XP_036018771.1
OG0004243	XP_023612893.1	NP_001292390.1, NP_001398227.1
OG0004244	XP_006092674.1	XP_006502319.1, NP_083798.2
OG0004245	XP_023612886.1	XP_006501961.1, NP_001072114.1, NP_079999.2
OG0004246	XP_023613438.1	NP_082757.1, XP_006535314.1
OG0004247	XP_023609183.1	NP_064428.1, XP_006504513.1, NP_075253.2
OG0004248	XP_014308569.1	NP_001156603.1
OG0004249	XP_006107799.1	XP_036009140.1, NP_080776.1
OG0004250	XP_014305019.2	NP_067618.1
OG0004251	XP_023614690.1	XP_017169885.1, NP_031853.2, XP_030102097.1, NP_001391888.1
OG0004252	XP_006089978.1	XP_011237236.1, NP_659130.2
OG0004253	XP_006089975.1	NP_001333669.1, NP_001390203.1
OG0004254	XP_014311550.1	NP_001153654.1, NP_001153653.1, NP_071724.1, NP_001153652.1
OG0004255	XP_014312300.1	XP_011246360.1, NP_080095.3
OG0004256	XP_023609763.1, XP_023605089.1	NP_033256.2, XP_006496782.1
OG0004257	XP_006088997.1	NP_033916.1
OG0004258	XP_006097815.1	NP_035257.1
OG0004259	XP_014320579.1	XP_011237047.1, NP_001106863.1, NP_001106864.2, NP_112439.1, NP_001106862.1
OG0004260	XP_023604707.1, XP_023600284.1	XP_006496925.1, NP_036142.2
OG0004261	XP_023603580.1, XP_023601538.1	XP_036008342.1, NP_001030071.2, NP_001355751.1, NP_001355752.1, XP_006497147.1
OG0004262	XP_023617326.1	NP_001104279.1, NP_001273786.1, NP_079939.3
OG0004263	XP_006097852.1	NP_001396709.1, NP_001396696.1
OG0004264	XP_006097865.1	NP_001292379.1, NP_001292377.1, NP_112736.3, NP_001292378.1, NP_031567.1, NP_001027469.2
OG0004265	XP_006097909.1, XP_023617329.1, XP_006097906.1, XP_014319065.1, XP_014319067.1	NP_001070879.1
OG0004266	XP_006095148.1	XP_006501414.1, NP_666243.1
OG0004267	XP_006095202.1	NP_001366586.1, NP_001366584.1, NP_001366585.1, NP_647465.1
OG0004268	XP_006085178.1	NP_001239410.1
OG0004269	XP_023606637.1	NP_082398.1, NP_001164482.1, NP_001164481.1
OG0004270	XP_006109032.3	NP_033830.2, NP_001304658.1
OG0004271	XP_023606608.1, XP_014308456.1	NP_001390690.1
OG0004273	XP_014320957.1	NP_001161380.1
OG0004274	XP_006102317.1	NP_149158.1
OG0004275	XP_023599454.1	XP_006519386.1, NP_065236.1
OG0004276	XP_006102284.2	NP_001348533.1, NP_536683.1, XP_006518387.1
OG0004277	XP_006085916.1	NP_001396388.1
OG0004278	XP_023607294.1	NP_932779.2, XP_006515884.1
OG0004279	XP_006085897.1	NP_079649.1
OG0004280	XP_014320290.1	NP_001348885.1, NP_033173.2
OG0004281	XP_006097020.1	NP_001341940.1
OG0004282	XP_006099635.1	NP_766052.2, XP_006515705.1, NP_080378.2, NP_001409775.1, NP_001409774.1, NP_001273381.1
OG0004283	XP_023615683.1	XP_036013148.1, NP_032936.1
OG0004284	XP_006081724.1	NP_001277973.1
OG0004285	XP_023617953.1	NP_001351244.1
OG0004286	XP_006087017.1	XP_006515402.1, NP_001136052.1
OG0004287	XP_023600383.1	NP_908998.1, XP_030102657.1
OG0004288	XP_006109381.1	NP_033422.2, XP_036013271.1
OG0004289	XP_023602886.1	XP_006515574.1
OG0004291	XP_006092394.1	NP_033805.1
OG0004293	XP_006110066.1	NP_001094900.1
OG0004294	XP_023603678.1, XP_006107231.1	XP_006532332.1, NP_032266.3
OG0004295	XP_014321713.1	NP_034101.1, XP_006532191.3
OG0004296	XP_023603189.1, XP_006106688.1, XP_014304073.1	NP_848878.1
OG0004297	XP_023604484.1	XP_011247617.1
OG0004299	XP_006103489.1	NP_542374.2, XP_006532244.1
OG0004300	XP_006106540.1	NP_001030050.2, XP_006533723.1
OG0004301	XP_006092217.1	NP_082350.3
OG0004302	XP_006092318.1	NP_001366615.1, NP_083743.2, XP_006534462.1
OG0004303	XP_006092215.1	NP_080285.2, XP_030102098.1
OG0004304	XP_023612513.1	XP_017169735.1
OG0004305	XP_023612668.1	NP_001390750.1
OG0004306	XP_006092452.1, XP_006092453.1	NP_084426.2, XP_036012999.1
OG0004307	XP_006098979.1	NP_666138.1, XP_030101723.1
OG0004308	XP_006102919.1	XP_030101781.1, NP_033453.2
OG0004309	XP_006095679.1	NP_033322.1
OG0004309	XP_006093054.1, XP_006109047.1, XP_006109048.1	NP_035639.1
OG0004310	XP_023615389.1, XP_023605049.1	XP_011247629.1, NP_001186222.1, NP_113563.2
OG0004311	XP_014320810.1, XP_006099938.1	NP_083813.1
OG0004312	XP_023619281.1	NP_034001.1
OG0004313	XP_014320215.1	NP_001074243.1, NP_032685.1, NP_001074244.1, NP_001357540.1
OG0004315	XP_006103239.1	NP_001407006.1, NP_001407007.1, NP_001407004.1, XP_006497709.1, NP_001407005.1, NP_031786.2
OG0004316	XP_023600229.1	NP_001355989.1, NP_001106684.1, NP_001342065.1, NP_001171130.1, NP_001361109.1, NP_001171132.1, XP_017171761.1
OG0004317	XP_006103184.1, XP_006103185.1, XP_014301048.1	NP_032517.1
OG0004318	XP_006102150.1	NP_038809.1
OG0004319	XP_014317683.1, XP_023605078.1	NP_663497.2
OG0004320	XP_006096326.2	NP_001405702.1, NP_001405705.1, NP_001405707.1, NP_001405704.1, NP_083085.1, NP_001405701.1
OG0004321	XP_006096335.1	XP_006497798.1, NP_001407284.1, NP_001407285.1, NP_001407286.1, NP_001277575.1
OG0004322	XP_014315480.1	NP_031679.1, NP_001036045.1, NP_001269895.1, XP_030100711.1
OG0004323	XP_023615218.1	XP_036011586.1, NP_084204.2
OG0004324	XP_006106433.1	NP_001156354.1, NP_001156352.1
OG0004325	XP_006098576.1	NP_001313517.1, NP_766016.2
OG0004326	XP_014314630.1	NP_032592.2, NP_001289469.1
OG0004327	XP_023602828.1	NP_789778.1, NP_647456.1, XP_006523963.1
OG0004328	XP_006083378.1	NP_666127.2, XP_006514723.1
OG0004329	XP_014302580.1	NP_081536.2
OG0004330	XP_023619794.1, XP_006081133.1	XP_006526351.1, NP_082723.2
OG0004331	XP_023619518.1	NP_001334425.1
OG0004332	XP_006086633.1	NP_001273871.1, NP_001273977.1, NP_035227.1, XP_006517220.1
OG0004333	XP_023607763.1	NP_542368.2
OG0004334	XP_023607872.1	XP_030106159.1, NP_033948.1
OG0004335	XP_023617635.1	NP_001364027.1, NP_080036.1, NP_001364028.1, XP_006538253.1, NP_001364029.1
OG0004336	XP_023618181.1	NP_077203.2, XP_006537612.1
OG0004337	XP_006102758.1	NP_081726.1
OG0004338	XP_023611699.1	NP_666102.2
OG0004339	XP_006103977.2	NP_001365818.1
OG0004340	XP_023601613.1	XP_006523833.1, NP_038628.2, NP_001139687.1
OG0004341	XP_006105215.1, XP_006109619.3	XP_017173068.1, NP_524574.1
OG0004342	XP_006110087.3	NP_001005916.1
OG0004343	XP_006090769.1	XP_006511015.1, NP_001038983.1
OG0004344	XP_006089411.3	NP_079550.2
OG0004345	XP_006089400.1	NP_001394918.1, NP_001394917.1, NP_001344283.1, NP_001344281.1, NP_001074712.1, NP_001344282.1, NP_001394916.1
OG0004346	XP_014313901.1	NP_001116450.1, XP_006538012.1, NP_036127.2
OG0004348	XP_006098078.1	NP_001346529.1, NP_950193.1, NP_001346530.1, XP_006512833.1
OG0004349	XP_023614430.1	NP_001399316.1, NP_573455.2
OG0004350	XP_023607724.1, XP_023607725.1, XP_023607723.1, XP_014309190.1	XP_036015327.1, NP_808423.1
OG0004351	XP_014315162.1, XP_023605029.1	NP_001263392.1, NP_001263391.1, NP_001398114.1, NP_034156.2, NP_001263396.1, NP_001263390.1
OG0004352	XP_023613543.1	NP_033218.1, XP_017172011.1, NP_001025012.1
OG0004353	XP_023602926.1	XP_006521590.1
OG0004354	XP_006108090.1	NP_001398744.1
OG0004355	XP_006109332.3	NP_694762.1, XP_006521570.1
OG0004356	XP_006107211.1	NP_001318083.1, NP_001318081.1, NP_032322.1, NP_001318082.1, NP_001318143.1
OG0004358	XP_023604064.1	NP_001345822.1, NP_001345820.1, XP_006520850.1, NP_001345821.1, NP_663446.1
OG0004359	XP_006107368.1	NP_036183.1
OG0004360	XP_006101336.1	NP_001106931.1, NP_001106935.1, XP_006503908.1, NP_001106932.1, NP_038717.2
OG0004362	XP_023609282.1, XP_023604893.1	NP_786926.2
OG0004364	XP_014310978.1	NP_067389.5
OG0004365	XP_023611107.1	NP_001298001.1
OG0004366	XP_006085075.1	XP_036022022.1, NP_663349.2
OG0004367	XP_006088845.1	NP_081840.1, NP_001404647.1, XP_006506668.1
OG0004370	XP_014309968.1	NP_001139407.1, NP_001139408.1, XP_036019816.1, NP_898963.2
OG0004371	XP_023608481.1	NP_001408222.1
OG0004372	XP_006099202.1	NP_808241.2, NP_001342534.1, NP_001342532.1, XP_006502947.1
OG0004373	XP_023614262.1	NP_083076.3, NP_001139299.1, XP_006503504.1
OG0004374	XP_006094239.1	NP_001030602.1
OG0004375	XP_006087386.1, XP_023608544.1, XP_023608543.1	XP_006503216.1, NP_796019.1
OG0004376	XP_023608506.1	NP_001342103.1, NP_067436.1, NP_001356167.1, NP_001272417.1, NP_001272416.1, XP_006502885.1
OG0004377	XP_006098238.1	NP_666263.3, XP_030109303.1
OG0004378	XP_006098246.1	NP_081113.1, NP_001272745.1, NP_001272744.1, XP_030109615.1, NP_001272743.1, NP_083865.1, NP_001272741.1
OG0004379	XP_014310267.2	NP_666875.1
OG0004380	XP_014306975.1	NP_034080.1, NP_001317067.1, NP_001317104.1, NP_001317070.1, XP_006513243.1
OG0004381	XP_014317514.2	NP_796000.1, NP_001162155.1, NP_001346689.1, NP_001346690.1, NP_001346691.1, NP_742048.2, XP_036011707.1
OG0004382	XP_023605685.1	NP_038536.2, XP_030100731.1
OG0004383	XP_006084172.1	NP_001036023.1
OG0004384	XP_023610694.1	NP_001077375.1, NP_001413505.1, NP_001413506.1, NP_001413504.1, NP_001413507.1
OG0004385	XP_023611313.1	XP_006509456.1, NP_001280712.1
OG0004386	XP_006108736.1, XP_014303615.1, XP_006088365.1	NP_663339.1, XP_017176967.1
OG0004387	XP_023614663.1	XP_006505823.1, NP_035356.1
OG0004388	XP_023600289.1	XP_006535827.1, NP_064691.2
OG0004389	XP_023607593.1	NP_001280622.1, XP_006509225.1, NP_700446.2
OG0004390	XP_023619697.1	NP_084099.1, NP_083817.1, NP_083977.1
OG0004391	XP_006104648.2	NP_001361639.1, XP_011242115.1, NP_031912.2, NP_001155937.1, NP_001342457.1, NP_001408831.1
OG0004392	XP_006099911.1	NP_851796.1
OG0004393	XP_014316058.1	NP_996841.1, NP_001318162.1
OG0004394	XP_023603141.1	XP_006523574.1
OG0004395	XP_023599882.1	NP_001277655.1
OG0004396	XP_014300953.1	NP_663543.1, NP_001341635.1
OG0004397	XP_006096877.1	XP_011239567.1, NP_001295303.1, NP_001397239.1
OG0004398	XP_006092560.1	NP_001020483.1, NP_598626.2
OG0004399	XP_006097560.1	NP_081941.1
OG0004400	XP_014316722.1	NP_071313.1
OG0004401	XP_006095241.1	NP_001020785.1, NP_001020784.1, XP_006501448.1
OG0004402	XP_023614969.1	NP_705733.2, XP_011238397.1
OG0004403	XP_006095294.1, XP_014306703.2	NP_955769.1
OG0004404	XP_006092152.1	NP_667192.1
OG0004405	XP_006106124.1	NP_001333997.1
OG0004406	XP_023606838.1	XP_006515056.1, NP_032508.3
OG0004407	XP_023612964.1, XP_023606786.1	NP_080310.1
OG0004409	XP_006098133.1	NP_034255.2, XP_006498768.1, NP_001139285.1
OG0004410	XP_006092011.2	XP_006500162.1, NP_001277694.1, NP_080997.1
OG0004411	XP_006092025.2	XP_011237559.1, NP_031413.1, NP_001343996.1
OG0004413	XP_006102575.1, XP_023603605.1	NP_001273486.1, NP_001273487.1, NP_001034747.1, NP_001034746.1
OG0004414	XP_006101653.1	NP_001356290.1
OG0004415	XP_023601405.1	NP_001398160.1
OG0004416	XP_014304005.1, XP_014304004.1	NP_032900.2, NP_001277278.1, XP_006526829.1
OG0004417	XP_006081727.1	NP_001360823.1
OG0004418	XP_006109591.2, XP_014319356.1	XP_006529857.1, NP_080136.2
OG0004419	XP_014321353.1	NP_861415.2, XP_006529480.1, NP_001344411.1
OG0004420	XP_023608199.1	NP_001342220.1, NP_001342218.1, NP_001276450.1, NP_001342219.1, NP_056568.2, NP_001342217.1
OG0004421	XP_006098554.1	XP_011237418.1, NP_796113.1, NP_001406609.1
OG0004422	XP_006091353.1	NP_036036.2
OG0004423	XP_006091363.1	XP_036008267.1, NP_001265600.1
OG0004424	XP_006083894.1	NP_808351.1, NP_001398529.1
OG0004425	XP_023601375.1	NP_080105.1
OG0004426	XP_014322365.1	XP_006518011.1, NP_666162.1
OG0004428	XP_006104902.2	NP_109655.2
OG0004429	XP_023601765.1	NP_001408254.1
OG0004430	XP_006110124.1	XP_011241203.1, NP_080654.3
OG0004431	XP_023601244.1	NP_001397511.1, NP_001001144.2, NP_001096632.1, XP_006512147.1
OG0004432	XP_014321315.1	XP_036009953.1
OG0004433	XP_006100489.1	NP_067513.1
OG0004434	XP_006107041.1	NP_081240.1, XP_006509718.1
OG0004435	XP_006107650.1	XP_017168363.1, NP_001025044.2
OG0004436	XP_014320617.1	XP_006524486.1, NP_796281.1
OG0004437	XP_023611175.1, XP_023619064.1	NP_001273559.1
OG0004438	XP_014303640.1	NP_001411771.1, NP_001411770.1
OG0004439	XP_014303487.1	NP_663586.3
OG0004440	XP_006101949.1	NP_082451.2, XP_006508969.1
OG0004441	XP_006105055.1	NP_084080.1, NP_001103383.1
OG0004442	XP_023620401.1	NP_032764.1, XP_006523864.1
OG0004443	XP_006092842.1	NP_080941.3
OG0004444	XP_014311248.2	NP_033479.2
OG0004445	XP_023613138.1, XP_014314792.1	XP_006507252.1, NP_852072.2
OG0004446	XP_023613148.1	NP_899116.1
OG0004447	XP_023619812.1	NP_780597.2, XP_006507248.1
OG0004448	XP_006094643.1	NP_001399517.1, NP_001116211.1, NP_034697.2, NP_001399520.1, NP_001399519.1, NP_001399518.1
OG0004449	XP_006105625.1	NP_034692.2, NP_001155196.1
OG0004450	XP_006093888.1	XP_006508088.1, NP_001347304.1, NP_001123951.1
OG0004451	XP_006091666.1	NP_067250.2, XP_006498875.1
OG0004452	XP_006094676.1	NP_001186956.1, NP_666938.2
OG0004453	XP_014322824.1	NP_001001490.1
OG0004454	XP_006083577.1	NP_766076.1
OG0004455	XP_023603921.1	NP_666072.3, XP_017171428.1
OG0004456	XP_006090584.1	XP_011243425.1, NP_062644.1
OG0004457	XP_006096364.1	NP_001074846.1, NP_001258729.1, NP_001258728.1, NP_001333651.1, NP_001258727.1, XP_036014425.1
OG0004458	XP_023607488.1	NP_001347270.1
OG0004459	XP_014321521.1	NP_001170976.1
OG0004460	XP_023608698.1	NP_001273531.1, NP_001273529.1, NP_001273530.1, NP_001075429.1, NP_083909.2, NP_001107819.1, XP_006512447.1
OG0004461	XP_006099822.1	XP_006511980.1, NP_598741.2
OG0004462	XP_023605124.1	NP_001159429.1
OG0004463	XP_023605349.1	XP_011241131.1, NP_083370.2
OG0004465	XP_006088725.1	NP_036013.1, NP_001291385.1, NP_001291383.1, NP_001106884.1, NP_001344009.1, XP_006501521.1
OG0004466	XP_006096381.2	NP_001156356.1, XP_006501528.1
OG0004467	XP_006096377.1, XP_023615966.1	NP_001289132.1, XP_006502457.1
OG0004468	XP_014312666.1	XP_006501593.1
OG0004469	XP_006109960.2	NP_001277736.1, XP_036018340.1, NP_001277737.1, NP_079751.1
OG0004470	XP_006098016.1	NP_808323.1, XP_006499365.1
OG0004471	XP_006104257.1	NP_001239472.1
OG0004472	XP_006088043.1	NP_077187.1, NP_001186117.1
OG0004473	XP_006088055.1	NP_997158.1, NP_001038215.1
OG0004474	XP_006096490.1	NP_001265186.1, NP_001265188.1, NP_001265187.1, NP_001265449.1, NP_075530.1, NP_001119810.1
OG0004475	XP_006096463.1	NP_542129.2, NP_001242923.1, NP_001242922.1
OG0004476	XP_014311916.1, XP_006089442.1, XP_014311914.1, XP_014311915.1, XP_006109055.1	NP_780302.2
OG0004477	XP_006089458.1	XP_030107898.1, NP_849270.1, NP_001405570.1, NP_001405571.1, NP_001405575.1, NP_001405572.1, NP_001405573.1, NP_001405574.1
OG0004478	XP_014305677.1, XP_014305676.1, XP_023604557.1, XP_023610142.1, XP_014311951.1	NP_032979.1
OG0004480	XP_023606657.1	XP_017172075.1
OG0004481	XP_014316942.1	NP_001400519.1, NP_001400514.1
OG0004482	XP_014308455.1	NP_058680.1
OG0004483	XP_023612455.1	XP_006504896.1, NP_660137.1, NP_001405168.1, NP_001405171.1, NP_001405169.1, NP_001405170.1
OG0004484	XP_023606932.1	NP_001014996.2
OG0004485	XP_006105183.2	XP_011240385.1, NP_776105.1, NP_001348557.1, NP_001348558.1, NP_001348559.1, NP_001348554.1
OG0004486	XP_006082644.1	XP_017176147.1, NP_775601.1
OG0004487	XP_006082837.1	NP_082001.2, NP_001359174.1, NP_001359172.1, XP_011237012.1, NP_001359173.1
OG0004488	XP_006082687.1	NP_001404814.1, NP_082197.1, NP_001404815.1
OG0004489	XP_023618267.1	NP_082749.1, XP_036009654.1
OG0004490	XP_023618438.1	NP_766093.1, XP_006529783.1, NP_941054.2
OG0004491	XP_023618752.1	NP_080730.1, NP_001342691.1, NP_001342692.1, NP_001342693.1, NP_001342690.1
OG0004492	XP_006083073.1	NP_663494.2
OG0004493	XP_014304951.1	NP_001074468.1
OG0004494	XP_014303688.1	NP_001157468.1, XP_006535249.1
OG0004495	XP_023602782.1	NP_001158306.1, NP_001158305.1, XP_006534983.1, NP_700449.2, NP_001297630.1, NP_001297629.1
OG0004496	XP_023602837.1	NP_852075.1
OG0004497	XP_006103881.1	NP_001404617.1, NP_080879.1
OG0004498	XP_023600828.1	NP_941013.2, NP_001369783.1, XP_011246501.1
OG0004499	XP_006105044.1, XP_006108683.3	NP_001276447.1, NP_001276446.1, NP_001035956.1, NP_001276449.1, NP_067480.2
OG0004500	XP_006098384.1, XP_023617839.1	NP_001273325.1
OG0004501	XP_023601788.1	XP_036012932.1
OG0004502	XP_023602318.1	XP_006514904.1, NP_001160019.1, NP_076232.2, NP_001160020.1, NP_001160021.1
OG0004503	XP_006099562.1	NP_780538.2, XP_036011348.1
OG0004505	XP_006088843.1	NP_033482.1, XP_036012045.1
OG0004506	XP_006096682.1	NP_001104570.1, NP_067435.3
OG0004507	XP_006106076.1	XP_011246549.1, NP_083684.1
OG0004508	XP_006084195.1	NP_001397057.1, NP_032768.1, NP_001397058.1, NP_001157507.1, NP_001157506.1
OG0004510	XP_023612452.1	NP_001258686.1, NP_033551.2, NP_001258687.1, NP_001397434.1, XP_036021918.1
OG0004511	XP_014314145.1, XP_006108486.2	NP_001368863.1
OG0004512	XP_023615709.1	NP_001397571.1, NP_613060.1
OG0004513	XP_023605755.1	XP_006505721.1, NP_001289484.1
OG0004514	XP_023605793.1	NP_001296566.1
OG0004515	XP_006090723.1, XP_006090724.1	NP_001317292.1
OG0004516	XP_023611276.1	XP_006506982.1
OG0004517	XP_023611309.1	NP_001404737.1, NP_083018.1, NP_001404738.1, NP_001404740.1, NP_001404741.1, XP_006507048.1, NP_001404739.1
OG0004518	XP_006091547.1	XP_006520943.1
OG0004519	XP_006091555.1	NP_001276366.1, XP_030104613.1, NP_598475.2, NP_001346756.1
OG0004521	XP_014318785.2	NP_835146.3, XP_006505929.1
OG0004522	XP_023616281.1	NP_001334371.1, NP_001347226.1
OG0004523	XP_023610604.1	XP_006526892.1, NP_001277755.1, NP_001277757.1, NP_001277758.1, NP_938042.2, NP_001277756.1
OG0004524	XP_014312388.1, XP_006090021.1	NP_081382.1
OG0004525	XP_006090016.1	XP_006527245.1, NP_803415.1
OG0004526	XP_006090015.1	XP_036017562.1, NP_001157783.1
OG0004528	XP_023609115.1	NP_573479.3
OG0004529	XP_023601651.1	XP_017177932.1, NP_001137274.1
OG0004530	XP_023611236.1	NP_079765.3, XP_006535578.1, NP_001157009.1, NP_001157008.1
OG0004531	XP_023607675.1	XP_006495659.1, NP_001091998.1
OG0004532	XP_023607674.1	XP_006495645.1, NP_001230167.1, NP_001292156.1
OG0004533	XP_006086416.1	NP_079579.2
OG0004534	XP_014322987.1	NP_001120663.1, XP_036019257.1, NP_083344.3
OG0004535	XP_006087535.1	NP_079679.1
OG0004536	XP_006087559.1	XP_011237639.1
OG0004537	XP_006093091.1	NP_631878.2
OG0004538	XP_023612162.1, XP_014308961.2	NP_001153118.1
OG0004539	XP_014315224.1	XP_006511518.1, NP_082306.2, XP_036021560.1
OG0004540	XP_006087901.1	XP_006510946.1, NP_001392991.1
OG0004541	XP_014310521.1	XP_006511621.3
OG0004542	XP_023608915.1	XP_006511154.1, NP_780692.2
OG0004543	XP_006104324.1, XP_006104325.1	NP_001093208.1
OG0004544	XP_014322741.1	NP_001346974.1
OG0004545	XP_023599085.1	XP_011244406.1, NP_001020755.1, NP_034736.2
OG0004546	XP_006104502.2	NP_056590.2, XP_006523127.1
OG0004547	XP_006096023.1, XP_006104856.1	NP_001074888.2, XP_006514002.1
OG0004548	XP_023603377.1	NP_001398452.1
OG0004549	XP_006104880.1	NP_569717.1
OG0004550	XP_006101715.1	NP_001004367.2, XP_006501624.1
OG0004551	XP_006094149.1, XP_006094148.1	NP_084419.2
OG0004552	XP_006100344.1	NP_001335125.2
OG0004553	XP_023619696.1	NP_001398420.1, XP_036018689.1, NP_001357786.1, NP_001398421.1, NP_001398422.1
OG0004553	XP_006100350.1	NP_081221.1
OG0004554	XP_014307598.1	NP_001191130.1
OG0004555	XP_006084622.1	NP_001412402.1, NP_001412403.1
OG0004557	XP_023617856.1	NP_080186.3, XP_006522542.1
OG0004558	XP_023614632.1	NP_031765.2
OG0004559	XP_006098421.1	NP_077180.1
OG0004560	XP_014316148.2	NP_062728.1
OG0004562	XP_023617623.1, XP_023617612.1	XP_006517440.1, NP_081980.1
OG0004563	XP_023606357.1	NP_898850.2
OG0004564	XP_023609646.1	XP_006535604.1, NP_775274.2, NP_001343882.1
OG0004565	XP_014313885.2	NP_001074528.1
OG0004568	XP_014303418.1	NP_038511.1, XP_006516598.1
OG0004572	XP_023601002.1, XP_014301091.1, XP_006083234.1	NP_001186052.1
OG0004573	XP_023599211.1	NP_700454.1
OG0004574	XP_006083095.1	NP_077143.2
OG0004575	XP_006082785.1	NP_001355646.1, XP_011236789.1, XP_011236933.1, NP_001297264.1, XP_006496242.1, NP_001238999.1
OG0004576	XP_023615726.1, XP_014316697.1, XP_023615729.1, XP_006082445.1	NP_001153336.1
OG0004577	XP_023615978.1	XP_036010912.1, NP_001333985.1, XP_006495676.1, NP_780579.1
OG0004578	XP_006082506.1	NP_001355213.1, NP_080240.1, NP_001355212.1
OG0004579	XP_014317848.1	NP_001407262.1, XP_036018509.1, NP_067260.1
OG0004580	XP_014318135.1	NP_778150.1
OG0004581	XP_014318212.1	NP_001297597.1
OG0004582	XP_014318391.1, XP_006082595.1, XP_014318394.1	NP_083618.3
OG0004583	XP_006082610.1	XP_006496616.1, NP_083286.1
OG0004584	XP_006082607.1	NP_035624.3, NP_001264921.1, XP_006496524.1
OG0004585	XP_023602813.1	XP_017177770.1, NP_080989.2
OG0004586	XP_023616473.1	NP_766430.3, NP_001153121.1, XP_006529620.1
OG0004587	XP_023614762.1	XP_011246242.1, NP_032821.1
OG0004588	XP_023600713.1	NP_796363.3, XP_036021859.1
OG0004589	XP_023600766.1	NP_072075.2, XP_036018652.1
OG0004590	XP_023600765.1	NP_001334067.1
OG0004591	XP_023614647.1	NP_001120641.1
OG0004592	XP_014317628.1	NP_032004.2
OG0004595	XP_006103850.1	XP_036017677.1, NP_001075447.1
OG0004596	XP_023603751.1	NP_001357720.1
OG0004597	XP_006088638.1	NP_851832.2
OG0004598	XP_014311181.1	NP_849266.1
OG0004599	XP_006090621.1	NP_683745.2, XP_006527649.1
OG0004600	XP_006097195.1	NP_001345553.1, NP_062308.2, NP_079779.2
OG0004601	XP_014318478.1	NP_031948.4
OG0004602	XP_006082902.1, XP_014320838.1	NP_780388.2
OG0004603	XP_006082933.1	NP_631883.2
OG0004604	XP_006084743.1	XP_017173829.1, NP_001292560.1, NP_666036.1
OG0004605	XP_014315125.1, XP_014315119.1	NP_083338.1, NP_808589.1
OG0004607	XP_006082191.1	NP_001277637.1
OG0004608	XP_023613798.1	NP_001277293.1, NP_036149.1
OG0004609	XP_023612853.1	XP_006527813.1
OG0004610	XP_023608751.1	XP_036017701.1, NP_062533.2
OG0004611	XP_006092978.1, XP_006092972.2, XP_006084113.1	NP_001028965.1, NP_001347145.1
OG0004612	XP_023606342.1	XP_006522627.1, NP_001303675.1, NP_001074837.1
OG0004613	XP_006110001.2	NP_001116068.1, NP_001116067.1, XP_036017795.1, NP_780651.1
OG0004615	XP_023617992.1	NP_001342537.1, NP_001135454.1, NP_001342535.1, NP_084519.1, NP_001342536.1, NP_001342533.1, NP_001135453.1, XP_006498403.1
OG0004625	XP_006109562.1, XP_006084380.1	XP_006505981.1, NP_035838.3
OG0004626	XP_006090491.1	NP_001403712.1, NP_001344072.1, NP_034191.3, NP_001403713.1
OG0004627	XP_006092285.1	NP_001185974.1
OG0004628	XP_014314922.1, XP_006093088.1	NP_035364.1
OG0004629	XP_006082269.1	NP_032382.1, XP_006528770.1
OG0004630	XP_023610490.1	NP_001153202.1, NP_077778.1
OG0004631	XP_006081234.1	NP_001390289.1, NP_001390288.1, NP_001273344.1, NP_001033086.2, XP_006523703.1
OG0004632	XP_006091009.1	XP_006521804.1, NP_062261.3
OG0004633	XP_023611579.1	XP_036015651.1, NP_001346827.1, NP_033985.3
OG0004634	XP_023603300.1	XP_036010598.1, NP_035329.2, NP_001077405.1, NP_001077404.1
OG0004635	NP_001303843.1	NP_032143.1, XP_006532286.1
OG0004636	XP_006097213.1	NP_001412948.1, NP_001412949.1, NP_001037849.1, NP_035723.2, NP_001281209.1, NP_001412947.1
OG0004637	XP_023599708.1	NP_032218.2, XP_036012232.1
OG0004638	XP_006099125.1	NP_035206.2
OG0004639	XP_006084229.1	XP_006505524.1, NP_038516.1
OG0004640	XP_014320033.2	NP_001120835.1
OG0004641	XP_006083715.1	NP_080163.1
OG0004643	XP_023604638.1, XP_023603738.1, XP_006090821.1, XP_023604053.1, XP_023611358.1, XP_023603736.1, XP_006109596.1	NP_848459.1, XP_011244801.1
OG0004644	XP_006104490.1, XP_023603560.1	NP_996988.2
OG0004645	XP_023607253.1	NP_033242.1, NP_001398819.1
OG0004646	XP_014317582.1	NP_001390000.1
OG0004647	XP_006105534.1	NP_032228.2, NP_001071177.1
OG0004648	XP_023618907.1	NP_001008419.1, XP_017175142.1
OG0004649	XP_023607687.1	NP_001300819.1, NP_001300817.1, NP_001300818.1, NP_032397.1
OG0004650	XP_023599219.1, XP_006102063.1	NP_061253.2
OG0004651	XP_023609777.1, XP_006089048.2	XP_006529590.1, NP_036012.1
OG0004652	XP_006095335.1	XP_006502124.1
OG0004653	XP_006095615.1, XP_023610601.1	NP_034614.2
OG0004654	XP_006106026.1, XP_014303490.1	XP_006508855.1, NP_898847.1
OG0004655	XP_023612895.1	NP_001398594.1, NP_082342.1
OG0004656	XP_023604323.1	NP_700473.2, NP_001342668.1, XP_006538930.1, NP_001342667.1
OG0004657	XP_023600155.1	NP_033235.3, XP_006530856.2
OG0004658	XP_006081326.1	NP_940807.1
OG0004659	XP_006095368.1, XP_014316859.1	NP_038678.1
OG0004662	XP_006087751.1	NP_001159952.1
OG0004663	XP_006097310.1	NP_001184011.1
OG0004664	XP_006109734.1	NP_033103.2
OG0004665	XP_014315367.1, XP_006082360.1, XP_006086994.1	NP_001028711.1, NP_001346499.1, NP_001346498.1, NP_997622.1
OG0004667	XP_006086562.1	NP_080303.1
OG0004668	XP_006110185.2	NP_001152866.1, NP_085115.1, NP_001152867.1
OG0004669	XP_023602043.1, XP_023620061.1, XP_006108881.1	NP_001182342.1
OG0004670	XP_006091229.3	XP_006531362.1, NP_080106.1
OG0004671	XP_023603567.1	NP_035660.3
OG0004672	XP_006083072.1, XP_006083071.1, XP_023599897.1, XP_023599901.1	NP_067512.3, XP_006529831.1
OG0004673	XP_006102396.1	NP_001264195.1, NP_033745.4
OG0004674	XP_006096717.1	NP_001076017.1, NP_035594.1, XP_017177561.1
OG0004675	XP_023614199.1	XP_006526980.1, NP_038731.2
OG0004676	XP_014303218.1, XP_023605034.1	NP_034690.3, XP_036013751.1
OG0004677	XP_023610088.1	NP_001316612.1, NP_034415.1, XP_006498836.1
OG0004678	XP_006093666.1	NP_001186900.1, NP_033338.2
OG0004679	XP_023617086.1	NP_001296375.1
OG0004680	XP_006102939.1	NP_036182.1
OG0004681	XP_014312449.1	XP_017173533.1, NP_780562.2
OG0004682	XP_023607353.1	NP_031656.2
OG0004683	XP_023606063.1	NP_444402.2
OG0004684	XP_023615328.1, XP_014317038.1	NP_035057.1, NP_001300850.1, NP_001300851.1
OG0004685	XP_006089511.1	NP_035301.2, XP_006499018.1, NP_001407649.1, NP_001407648.1
OG0004686	XP_014317249.1	NP_112447.2
OG0004687	XP_006100736.1	NP_653109.2, NP_001405087.1, NP_001405088.1
OG0004688	XP_023611756.1	NP_001365306.1, NP_001365305.1, NP_001365308.1, NP_001365307.1
OG0004690	XP_006094718.2	NP_001011857.1
OG0004691	XP_014312150.2	NP_666484.1
OG0004692	XP_006087531.1	NP_666512.2
OG0004694	XP_006089291.1	NP_084002.2
OG0004695	XP_006105377.1	XP_017167796.1, NP_082008.1
OG0004696	XP_006096794.1	NP_061290.1, NP_001405448.1
OG0004697	XP_014313098.1	XP_006526543.1, NP_659195.3
OG0004698	XP_023611396.1	XP_006526524.1, NP_001034238.1, NP_848802.2
OG0004699	XP_006087234.1	NP_080143.1
OG0004700	XP_006084518.1	NP_001155321.1, NP_001155320.1, NP_001155319.1, NP_001155322.1, NP_035491.1
OG0004701	XP_014307365.1	NP_766374.1, XP_006512789.1
OG0004702	XP_006084560.1	NP_001002268.1, XP_006512741.1
OG0004703	XP_006084466.2	NP_080024.3
OG0004704	XP_006084555.1	XP_036012001.1
OG0004705	XP_023613985.1	NP_780583.1
OG0004706	XP_023613987.1, XP_006108832.2	NP_001116470.1
OG0004707	XP_006093933.1	NP_598884.2
OG0004708	XP_006090295.1	NP_598840.1
OG0004709	XP_006089233.1	NP_766096.1, XP_006512714.1
OG0004711	XP_023614906.1	NP_001346183.1
OG0004712	XP_006100085.2	NP_071712.3
OG0004713	XP_006100079.1	NP_062806.1, XP_006517364.1
OG0004714	XP_014309571.2	XP_006527219.1, NP_001107646.1
OG0004715	XP_014321908.1	NP_032872.1, XP_006526826.1
OG0004716	XP_014315830.1	NP_803425.1, NP_001390013.1
OG0004718	XP_023614198.1, XP_006094189.1	NP_080638.1, XP_030106918.1
OG0004719	XP_023600055.1	NP_035648.2, XP_006516958.1, NP_001185906.1
OG0004720	XP_006103308.1	NP_079691.1
OG0004721	XP_006103310.1, XP_023600344.1	NP_034231.1
OG0004722	XP_006101493.1	NP_001158048.1, XP_011242711.1, NP_080726.3, NP_001158047.1
OG0004723	XP_023603283.1	XP_036013996.1
OG0004725	XP_014306935.1	NP_001192160.1
OG0004727	XP_023602223.1	NP_001361551.1
OG0004728	XP_006109071.1	NP_033107.1
OG0004729	XP_006107877.1	XP_036009430.1, NP_001390425.1, NP_001390424.1, NP_083686.1, NP_001390426.1
OG0004730	XP_006107053.1, XP_006085755.1, XP_006085727.1, XP_006085730.1, XP_023611170.1, XP_006097065.1	NP_081331.2
OG0004731	XP_006108505.1	NP_659050.2, XP_006541251.1
OG0004733	XP_023602727.1	XP_030098629.1
OG0004734	XP_006103652.2	NP_001074763.1, XP_006540325.1
OG0004735	XP_023599730.1	NP_796076.1
OG0004736	XP_006102696.1	NP_659171.1
OG0004737	XP_023599734.1	XP_036008456.1, NP_783572.2, NP_001107021.1, NP_001297607.1
OG0004738	XP_014318056.2	NP_932165.2
OG0004739	XP_023616342.1	NP_001158127.1, NP_001116075.1
OG0004740	XP_014318122.2	NP_001258299.1, XP_006539589.1, NP_001033046.1, NP_034222.1
OG0004741	XP_006096753.1	XP_006539510.1, NP_780528.2
OG0004742	XP_023618124.1	XP_036008988.1, NP_766486.1
OG0004743	XP_023618127.1	NP_001036782.1, NP_033975.3, XP_006539552.1
OG0004744	XP_023603990.1	NP_001263198.1
OG0004746	XP_014317473.1	NP_062720.1
OG0004747	XP_006108790.1	NP_031659.2
OG0004748	XP_023607931.1	NP_035015.2
OG0004749	XP_006086549.1	NP_033971.1
OG0004750	XP_014306685.1	XP_006539260.1, NP_001092766.1
OG0004751	XP_023607944.1	NP_032763.2
OG0004752	XP_006086736.1	NP_081773.1
OG0004753	XP_006086694.1	NP_808263.2
OG0004754	XP_006085867.2	XP_036018451.1, NP_081566.2, NP_001292188.1
OG0004755	XP_023617743.1	NP_796317.2
OG0004756	XP_014309326.1, XP_006086574.1	NP_083945.1, XP_006526406.1
OG0004757	XP_006086577.1, XP_023607852.1	NP_001276520.1
OG0004758	XP_006081442.1	NP_758505.2, XP_036009568.1
OG0004759	XP_023618639.1	NP_001413632.1
OG0004760	XP_023618624.1	XP_006530704.1
OG0004761	XP_006094281.1, XP_006094280.1, XP_006094282.1	NP_001366517.1
OG0004762	XP_006094292.1, XP_006094291.1, XP_023614280.1	NP_705769.2, XP_006502990.1
OG0004763	XP_023614210.1	NP_598650.2, XP_006502693.1
OG0004765	XP_023616797.1	NP_001403455.1
OG0004766	XP_006104169.1	NP_001406216.1, NP_001406215.1, NP_001406211.1, NP_001406210.1, NP_084465.1, XP_006539348.1
OG0004767	XP_014315770.2, XP_014315772.1, XP_014315769.2, XP_006094090.1	NP_001406888.1, NP_031600.2
OG0004768	XP_023614086.1	XP_006538826.1, NP_937891.1
OG0004769	XP_023600971.1, XP_006108936.1	NP_001106194.1, NP_001106193.1, NP_001277732.1, XP_006539264.1, NP_766003.3
OG0004770	XP_006105806.1	NP_808535.1, XP_006539018.1
OG0004771	XP_006105813.1	NP_001366581.1, XP_006538768.1, NP_766108.1, NP_001366576.1
OG0004772	XP_006081339.1	NP_076310.2, XP_036014111.1
OG0004773	XP_023604998.1	NP_473394.3, XP_017170852.1
OG0004775	XP_023600997.1	XP_017167730.1
OG0004776	XP_006106465.2	NP_032620.2
OG0004777	XP_023604436.1, XP_014306362.2	NP_666058.2, XP_006540801.1
OG0004778	XP_006106744.1	NP_848867.2
OG0004779	XP_023601190.1	NP_001139331.1, NP_036023.3, XP_006504017.1, NP_001139330.1
OG0004780	XP_006108273.2	NP_081950.1, NP_001074570.1, XP_006504171.1
OG0004781	XP_006107659.1, XP_023601029.1	NP_079668.2
OG0004782	XP_014311125.1	NP_001404880.1, NP_666035.2, NP_001404878.1, NP_001404879.1
OG0004783	XP_006093335.1	NP_001389918.1, NP_001389917.1, NP_001389916.1, XP_036020787.1, NP_032930.1
OG0004784	XP_006108710.1, XP_023614864.1	NP_001278157.1, NP_848919.3, XP_006503876.1, NP_001278156.1
OG0004785	XP_023603841.1	XP_006503685.1, NP_598664.3
OG0004787	XP_006096524.1	NP_001342669.1
OG0004788	XP_006096679.1	XP_011245453.1, NP_034631.1, NP_001005858.2, XP_006527327.1
OG0004790	XP_023604815.1	NP_001355343.1, NP_001025047.1
OG0004791	XP_006104803.1	NP_001344244.1, NP_598727.1
OG0004792	XP_023610400.1	NP_081701.2, XP_006514150.1
OG0004793	XP_014303003.1	XP_006514057.1, NP_080477.1
OG0004794	XP_006090346.1	NP_035309.3, XP_017169337.1
OG0004795	XP_014312620.1, XP_014312622.1, XP_006090323.1, XP_014312623.1, XP_014312621.1	NP_081751.1
OG0004796	XP_006081661.1	NP_083117.2, XP_006517477.1
OG0004797	XP_006081658.1	NP_001349336.1, NP_291088.1, XP_030102940.1
OG0004798	XP_023608488.1	NP_001028536.2
OG0004799	XP_023617203.1	XP_011242830.1, NP_795961.3
OG0004800	XP_006097738.1	NP_598558.1
OG0004801	XP_014319689.1	XP_036012237.1, NP_038580.2
OG0004802	XP_006104535.1	NP_001036070.1
OG0004803	XP_023616991.1	NP_032339.2
OG0004804	XP_023615157.1	NP_780747.1
OG0004805	XP_023610735.1	NP_001159880.1
OG0004806	XP_023618319.1	NP_001398765.1
OG0004807	XP_023600483.1	NP_001365531.1, NP_033373.2, XP_036010726.1
OG0004808	XP_023603181.1, XP_023604854.1	NP_717095.2
OG0004809	XP_006109458.2	NP_001408236.1
OG0004810	XP_006104369.1	NP_033980.1
OG0004811	XP_006103017.1	NP_035656.1
OG0004812	XP_023613663.1	NP_573480.1
OG0004813	XP_006099381.1	NP_001388021.1, XP_006510562.1, NP_062366.2
OG0004814	XP_014323571.1	NP_081462.1
OG0004815	XP_006102828.1	NP_032972.3
OG0004816	XP_006105540.1	NP_001180548.1, NP_058583.1
OG0004817	XP_014303112.1, XP_006105547.1	XP_030102047.1, NP_001344835.1, NP_062700.2
OG0004818	XP_023602290.1	NP_063924.2
OG0004819	XP_023599698.1	NP_001017426.1, XP_030101676.1
OG0004820	XP_023619135.1, XP_023619133.1, XP_006099795.1, XP_023619134.1	NP_079786.2, XP_006534003.1
OG0004821	XP_006104933.2	NP_032845.2, NP_001276942.1, NP_001276941.1, XP_006532541.1, NP_001276940.1
OG0004822	XP_006100087.1	NP_001357777.1
OG0004823	XP_006107716.1	NP_849534.2, XP_036019463.1
OG0004824	XP_006107271.1	XP_011248491.1, NP_001390721.1, NP_001390720.1, NP_001390722.1, NP_001390723.1, NP_032263.2
OG0004825	XP_006106233.1	NP_061343.2
OG0004826	XP_023616877.1, XP_023606663.1	NP_001297579.1, NP_001025165.1, NP_001025164.1, XP_006531532.1
OG0004827	XP_023608324.1, XP_023608325.1	NP_932105.2, NP_001295378.1
OG0004828	XP_006087079.1	NP_001297564.1, XP_006531571.1
OG0004829	XP_006087103.1	NP_758489.1
OG0004830	XP_014306740.1	XP_030099697.1, NP_001128572.1
OG0004831	XP_023618897.1, XP_006099505.1	NP_775608.1
OG0004832	XP_023618864.1	XP_006531389.1, NP_077179.1
OG0004833	XP_006103751.1	NP_034535.1
OG0004834	XP_023604368.1	NP_001346503.1
OG0004835	XP_006088290.1	XP_036020626.1
OG0004836	XP_006088351.1	XP_030110810.1
OG0004837	XP_014310874.1	NP_666114.1
OG0004838	XP_006081095.1	NP_001348212.1
OG0004839	XP_014313188.1	NP_001334460.1
OG0004840	XP_023617171.1, XP_006097760.1, XP_023617169.1, XP_023617170.1	XP_006504817.1, NP_084025.2
OG0004841	XP_014304793.1	NP_579927.1, NP_001153380.1
OG0004842	XP_023601835.1	NP_666317.2, XP_036008915.1
OG0004843	XP_006103545.1	NP_081164.2
OG0004844	XP_014301403.1	XP_030098395.1, NP_001403019.1, NP_663564.2
OG0004845	XP_014301408.2	XP_011240018.1, NP_033285.1, NP_001032899.1
OG0004846	XP_023602348.1	XP_006508160.1, NP_068687.1
OG0004847	XP_006088255.1	NP_766064.2
OG0004848	XP_006090447.1	NP_081722.1
OG0004850	XP_006090481.1	NP_112461.2, XP_036016078.1
OG0004851	XP_006090512.1	NP_001074686.1
OG0004852	XP_023611060.1	NP_001028668.2
OG0004853	XP_006090531.3	NP_001400943.1, NP_061247.1
OG0004854	XP_006100980.1	NP_001073596.1
OG0004855	XP_023620220.1	NP_001344765.1, XP_006525014.1, NP_082264.2
OG0004856	XP_023600685.1	NP_080962.1
OG0004857	XP_006103737.1, XP_006103735.1	NP_077189.2
OG0004858	XP_006092609.1	NP_001280623.1
OG0004859	XP_014314505.1	NP_081050.2
OG0004860	XP_006105134.1	NP_001366558.1
OG0004861	XP_014303938.2, XP_006097045.1	NP_080804.1
OG0004862	XP_006086148.1	XP_006502252.1, NP_083214.2
OG0004863	XP_006107589.1	NP_796371.1
OG0004864	XP_023604298.1	XP_006529816.1, NP_058029.2, NP_001344444.1
OG0004867	XP_023601271.1, XP_006109566.3	XP_006497303.1, NP_032908.2
OG0004868	XP_006089958.1	NP_031524.2
OG0004869	XP_023610519.1	NP_001153322.1
OG0004870	XP_023617400.1, XP_023617401.1	NP_061369.2, NP_001347842.1, NP_001347843.1
OG0004871	XP_006110071.2	NP_001028516.2, NP_001153521.1
OG0004873	XP_006095147.1	NP_081145.1, NP_001280695.1, XP_030108644.1, NP_001280692.1, NP_001280696.1, NP_001280697.1
OG0004874	XP_006085181.1	NP_001034290.1
OG0004875	XP_006085213.2	NP_001136169.1, XP_006526219.1, NP_001004361.2, NP_001136170.1
OG0004876	XP_023601495.1	XP_006525748.1, NP_034810.1
OG0004877	XP_006108971.2, XP_006089330.2	XP_036016523.1
OG0004878	XP_023610019.1	NP_666193.2, XP_006524951.1, NP_001107603.1
OG0004879	XP_023610034.1	XP_006526272.1
OG0004881	XP_023599417.1	NP_001129546.1
OG0004882	XP_014321089.1	NP_766529.3
OG0004883	XP_006100152.1	NP_080342.1
OG0004884	XP_006102316.1	NP_035320.1, NP_001268401.1
OG0004885	XP_006105397.1	NP_001398310.1
OG0004886	XP_006085949.2	NP_032267.1, NP_001153584.1
OG0004887	XP_023616522.1	NP_032988.3
OG0004888	XP_006099640.1	NP_001074664.1, XP_036013289.1
OG0004889	XP_006099641.1	NP_035314.3, NP_001409974.1, XP_036013150.1, NP_001409967.1
OG0004890	XP_006091056.1	NP_080390.1
OG0004891	XP_006097693.1	NP_001239554.1
OG0004892	XP_023608249.1	NP_796328.2
OG0004893	XP_006108075.1	NP_001390387.1, NP_001036164.1, NP_766088.2, XP_006515716.1
OG0004896	XP_006104841.1	NP_598434.2, XP_017174461.1
OG0004897	XP_023604726.1	NP_032014.3, XP_030101416.1
OG0004898	XP_006108025.1	XP_036012906.1, NP_001028700.1
OG0004899	XP_014314373.1	XP_006534486.1
OG0004900	XP_023612756.1	NP_001359432.1, XP_036012837.1
OG0004901	XP_006109920.2	NP_032733.1, XP_006532508.1
OG0004902	XP_006092417.1	NP_001292911.1
OG0004903	XP_014314321.1	NP_001412394.1, NP_035680.3
OG0004904	XP_006099031.3	NP_032295.1, XP_006532355.1
OG0004905	XP_023605113.1, XP_014319980.1	NP_001257947.1, XP_006534523.1
OG0004906	XP_023602085.1	NP_033187.1, XP_011247138.1
OG0004907	XP_006095666.1	NP_001278200.1, NP_001278202.1, NP_001278199.1, NP_001278201.1, NP_077136.2
OG0004908	XP_006095691.1	NP_780772.1
OG0004909	XP_006104018.1	XP_006533052.1, NP_766150.1
OG0004910	XP_006101980.1	NP_001030931.1
OG0004911	XP_006095555.1	NP_001070964.1, NP_666135.1
OG0004912	XP_006095629.1	NP_071856.1, XP_006532708.1
OG0004913	XP_023618584.1	NP_001186212.1, NP_001186213.1, NP_775564.1, XP_006532882.1
OG0004914	XP_023618556.1	NP_001156783.1
OG0004915	XP_023601452.1	NP_001408099.1, XP_036016405.1, NP_001408098.1, NP_033468.2
OG0004916	XP_023602501.1	NP_035966.2
OG0004917	XP_006105729.1	NP_001106174.1, NP_033724.2, NP_001269975.1, NP_001269976.1, NP_001269974.1
OG0004918	XP_006105733.1	NP_001350008.1, NP_001277477.1, XP_006498189.1, NP_001028561.2
OG0004919	XP_006105735.2	NP_031520.1
OG0004920	XP_014301077.1	NP_001349662.1
OG0004921	XP_023600243.1	NP_001333735.1
OG0004922	XP_006103196.1	NP_997181.1, XP_006498538.1
OG0004923	XP_006102130.1	NP_666230.2
OG0004924	XP_014322960.1	NP_001277492.1, NP_001277495.1, NP_001277496.1, NP_001277493.1, XP_006498202.1, NP_796358.2
OG0004926	XP_006096322.1	NP_084069.1, XP_036018584.1, NP_001277578.1
OG0004927	XP_023615925.1	NP_001366245.1, XP_011237345.1, NP_033287.2, NP_001366243.1, NP_001366244.1, NP_001342188.1
OG0004928	XP_023603313.1	XP_017169887.1
OG0004929	XP_006097945.1	NP_473420.2, XP_006513928.1, NP_058667.1
OG0004930	XP_023613740.1	NP_035902.2
OG0004931	XP_014315435.1	NP_001034169.1, XP_006513962.1, NP_062685.2
OG0004932	XP_014315421.2	NP_031438.2
OG0004933	XP_023613783.1	XP_006513703.1, NP_001346680.1, NP_808375.1
OG0004934	XP_006082268.1	NP_001371164.1
OG0004935	XP_006095352.1	NP_058020.1, XP_036020519.1
OG0004937	XP_023605122.1	XP_006521485.1
OG0004938	XP_023618044.1	NP_663448.2
OG0004939	XP_006110033.2	NP_001274109.1, NP_033846.2
OG0004940	XP_006107199.1	NP_001398847.1
OG0004941	XP_006102493.1	NP_034189.1
OG0004942	XP_006107323.1	NP_033463.1
OG0004943	XP_006107319.1	NP_001157084.1
OG0004944	XP_006092769.1	NP_083458.1
OG0004945	XP_006092780.2	NP_808440.2
OG0004946	XP_023613003.1	NP_857633.2
OG0004947	XP_006092797.1	NP_666120.1
OG0004948	XP_006085784.1	XP_006524837.1, NP_071308.2
OG0004949	XP_023599756.1	NP_001028461.2
OG0004950	XP_023599748.1	NP_032391.1, NP_001155314.1, NP_001155315.1, XP_006495790.1
OG0004951	XP_023599749.1	NP_001028307.2, XP_006496289.1
OG0004952	XP_014303098.1	NP_084409.3, XP_011245030.1
OG0004953	XP_023602464.1	XP_036012096.1
OG0004954	XP_014303748.1	NP_035153.1, XP_036012308.1
OG0004955	XP_006083347.1	NP_647458.1
OG0004956	XP_006093049.1	NP_084137.1
OG0004957	XP_023602626.1	NP_780699.2, XP_006514759.1
OG0004958	XP_023605661.1	XP_006525932.1
OG0004959	XP_006081138.1	NP_001361156.1
OG0004960	XP_006100213.1	NP_001152865.1, NP_032416.1, NP_001152868.1, XP_036012240.1
OG0004961	XP_006100229.1, XP_006100230.1	NP_291043.1
OG0004962	XP_014309385.1, XP_014309384.1, XP_023607921.1, XP_014309386.1, XP_014309383.1, XP_014303571.2	XP_006517461.1, NP_082557.1
OG0004963	XP_023599780.1	NP_796351.2
OG0004964	XP_023616125.1	NP_082546.1
OG0004965	XP_023609037.1	XP_006537918.1
OG0004966	XP_023600954.1	NP_032162.2
OG0004967	XP_014305414.1	XP_011244891.1, NP_780346.3
OG0004968	XP_006105514.1, XP_014303097.1	NP_065650.1
OG0004969	XP_014322106.1	NP_001343229.1
OG0004970	XP_006107010.2	NP_001366007.1
OG0004971	XP_006105308.1	NP_032215.2, XP_011244598.1
OG0004972	XP_014321453.1	NP_079709.2
OG0004973	XP_023610949.1	NP_082628.3
OG0004974	XP_023603371.1, XP_023615108.1	XP_011248362.1, NP_001007590.2
OG0004975	XP_006091851.2	NP_808442.2
OG0004976	XP_023615522.1	NP_955761.2, XP_006537793.1
OG0004977	XP_023618055.1	XP_006512689.1, NP_035506.2
OG0004978	XP_023617533.1	XP_017169252.1, NP_780616.4
OG0004979	XP_006101756.1, XP_023620896.1	NP_001363896.1, NP_062714.1
OG0004980	XP_023620905.1	XP_011241461.1, NP_001030030.2
OG0004981	XP_023620903.1	XP_036011351.1
OG0004982	XP_006101743.1	XP_017169351.1, NP_033239.1
OG0004983	XP_006104094.1	NP_001366382.1
OG0004984	XP_023605877.1	XP_006512685.1, NP_035394.2
OG0004985	XP_014311711.1, XP_014311712.1	NP_034055.1
OG0004987	XP_006086449.1	XP_017172088.1, NP_776287.2
OG0004988	XP_023607720.1, XP_023607719.1	NP_080918.2
OG0004989	XP_006086377.1	NP_001355357.1
OG0004990	XP_023613545.1	XP_017172023.1, NP_766102.1
OG0004992	XP_006094443.1	XP_006535304.1
OG0004993	XP_023619588.1	NP_032219.2
OG0004994	XP_006099126.1	NP_001334240.1
OG0004995	XP_006084992.1	NP_081675.2
OG0004996	XP_023606539.1	NP_001395744.1
OG0004997	XP_006088866.1	XP_036008305.1, NP_444340.3
OG0004998	XP_006088859.1	NP_084192.2
OG0005001	XP_006106739.1	NP_001028609.1
OG0005002	XP_006094256.1, XP_023614305.1, XP_014315945.1	NP_001407797.1
OG0005003	XP_006087510.1	NP_997441.2
OG0005005	XP_006094202.1	XP_006502772.1, NP_001407820.1
OG0005006	XP_014315935.2	NP_080946.3
OG0005007	XP_023602247.1	NP_776291.1, XP_036009604.1
OG0005009	XP_006098244.1	NP_001363970.1
OG0005011	XP_014310263.1	NP_001156335.1, NP_083421.2
OG0005012	XP_023605510.1	NP_780698.2, XP_006513700.1, NP_001003717.1
OG0005013	XP_023605538.1	NP_001239259.1, NP_780537.1, NP_001345750.1, XP_006513046.1
OG0005014	XP_023605541.1	NP_001103483.1
OG0005015	XP_023611310.1	NP_001074699.1, XP_030108399.1, NP_001343386.1
OG0005016	XP_006094815.1	NP_666286.1, XP_036021992.1
OG0005017	XP_014304232.1	NP_848738.2
OG0005018	XP_006088754.2, XP_006088755.1	NP_001074851.1
OG0005019	XP_006085412.3	NP_001073373.2, NP_001073372.2, NP_001073370.2, NP_001073371.2, NP_001073374.1, NP_780308.2
OG0005020	XP_023620303.1	NP_001091741.1, NP_079602.4
OG0005021	XP_006101082.1	NP_083296.2, XP_006535875.1
OG0005022	XP_023616964.1	NP_001106797.2, NP_112472.3, XP_006509374.1
OG0005024	XP_023612957.1, XP_023605109.1	NP_001001184.1, XP_036010045.1
OG0005027	XP_023599485.1	NP_848134.1
OG0005028	XP_023599500.1	NP_082235.2
OG0005029	XP_023599502.1	NP_766162.2, XP_006515119.1
OG0005030	XP_006106701.1	XP_006515038.1, NP_766538.2, NP_001123884.1, NP_056578.2, NP_001342527.1
OG0005031	XP_014317480.1	NP_034980.2, NP_032735.3
OG0005032	XP_006091768.1	NP_663416.1
OG0005033	XP_023619210.1	NP_075534.1, NP_001343877.1
OG0005034	XP_023619252.1	NP_083956.1, XP_006519738.1
OG0005035	XP_023619249.1, XP_014320775.1	NP_035903.2
OG0005036	XP_023607234.1	NP_080572.1, NP_001034317.2, NP_001170975.1, NP_997163.2
OG0005037	XP_006094403.1	NP_001074540.1, NP_001171438.1, NP_001171439.1
OG0005038	XP_006083495.1, XP_006083496.1	NP_001347369.1, XP_036016547.1, NP_001400696.1, NP_919245.1
OG0005039	XP_014323600.1	NP_780354.1
OG0005040	XP_006100923.3	XP_006499195.3, NP_001074558.2
OG0005041	XP_006103074.1	XP_006497895.1, NP_808279.1, NP_001342160.1, NP_001342161.1
OG0005042	XP_014303733.1	NP_680088.1
OG0005043	XP_023618993.1	NP_001128215.1, XP_006506148.1
OG0005044	XP_023616404.1	NP_034200.4
OG0005045	XP_006096841.1	NP_038792.2
OG0005046	XP_006106049.1	XP_006501175.1, NP_848892.1
OG0005047	XP_014305757.2, XP_014318996.2	NP_892042.2, XP_006500903.1
OG0005048	XP_006095247.1	XP_006501505.1, NP_035927.1
OG0005049	XP_006095280.1	NP_001276461.1, NP_001360815.1, NP_001276466.1, NP_080765.1, NP_001276463.1
OG0005050	XP_023619286.1	NP_033045.2
OG0005052	XP_006085465.1	NP_001276709.1
OG0005053	XP_023606787.1	NP_083471.1, XP_036021466.1
OG0005054	XP_006085481.1	NP_808269.1
OG0005055	XP_006088744.1	NP_035478.2
OG0005057	XP_006099954.2	XP_006499544.1
OG0005058	XP_023599593.1	NP_001397062.1
OG0005059	XP_006102571.1	XP_006531785.1, NP_001001984.2
OG0005060	XP_014322468.1, XP_023620855.1, XP_014322469.1, XP_006101694.1	NP_001412988.1, NP_700437.2
OG0005061	XP_006101690.1	NP_001355641.1, XP_030106653.1, NP_001355642.1, NP_075620.1, NP_001355644.1, NP_001355643.1
OG0005062	XP_006101643.2	NP_001360907.1
OG0005063	XP_023601398.1	NP_083045.4, NP_001158181.1, XP_006531913.1
OG0005064	XP_014302194.1, XP_006104399.1	NP_598439.3
OG0005065	XP_023602542.1	NP_666204.2
OG0005067	XP_023620846.1	NP_598910.2
OG0005068	XP_023610426.1	NP_001284520.1
OG0005069	XP_023610075.1	NP_001123658.1, NP_001123656.1, NP_001123657.1, NP_758507.3, XP_006500847.1
OG0005070	XP_023620910.1	NP_598419.1
OG0005071	XP_006098882.2	XP_017167940.1
OG0005072	XP_023600869.1	NP_082675.1
OG0005073	XP_006084754.1	NP_062630.2, XP_030107288.1
OG0005074	XP_023602446.1	NP_001396593.1
OG0005075	XP_006106001.1	NP_034570.1, NP_001156638.1, NP_001156637.1, XP_006513311.1
OG0005076	XP_006106810.1	NP_035692.2, XP_017168764.1
OG0005077	XP_023599570.1, XP_023599571.1	XP_011240936.1, NP_001365177.1
OG0005078	XP_023605389.1	NP_084357.2, XP_036008293.1
OG0005079	XP_014306814.1	NP_001028416.2
OG0005080	XP_006105209.1	NP_001405136.1, NP_001405135.1, NP_001405138.1, NP_001405134.1, NP_891984.1, NP_001405137.1
OG0005081	XP_023613883.1	NP_001074626.1, XP_006506333.1
OG0005082	XP_006101551.1	NP_001347268.1
OG0005083	XP_023620768.1	NP_001335656.1
OG0005084	XP_023611442.1	XP_006518647.1, NP_001293007.1, NP_032432.2
OG0005086	XP_006106456.1	NP_083445.1, XP_006511713.1, NP_035381.2
OG0005087	XP_023602706.1	NP_032950.1
OG0005090	XP_023603526.1	NP_084027.1
OG0005091	XP_023616656.1	NP_035928.2
OG0005092	XP_014318433.1	NP_109637.3
OG0005093	XP_023619753.1	NP_766343.3, XP_036009839.1, NP_001161762.1
OG0005094	XP_023619757.1	NP_083642.1
OG0005095	XP_006100432.1	NP_694714.1, XP_036009747.1
OG0005096	XP_014321289.1, XP_006100484.1	XP_036010117.1, NP_001357775.1, NP_001357776.1
OG0005097	XP_006100418.1	NP_001314976.1, NP_001365821.1, NP_033027.1, NP_001365822.1, NP_001159871.1, XP_036009729.1
OG0005099	XP_023601776.1	NP_001316985.1, XP_006508763.1
OG0005100	XP_006105067.1	NP_001342313.1
OG0005101	XP_023620416.1, XP_006107818.2	XP_011244560.1
OG0005102	XP_006101168.2	NP_001034203.1, XP_006524506.1
OG0005104	XP_014302592.1, XP_014302591.1	NP_001104548.1
OG0005105	XP_014302588.1, XP_006104888.1	XP_030105845.1, NP_079842.2
OG0005106	XP_006100614.1	NP_082657.1
OG0005107	XP_023620427.1	NP_001272461.1, NP_001272460.1
OG0005108	XP_006101838.1	NP_079926.1
OG0005109	XP_014322700.1, XP_006101843.1, XP_023599036.1	NP_079797.1
OG0005111	XP_023613147.1	NP_001074883.1, NP_001137306.1, XP_011239945.1
OG0005113	XP_006094642.1	NP_001028489.1, XP_017177672.1
OG0005114	XP_023610337.1, XP_023610340.1, XP_023610338.1	NP_780741.1
OG0005115	XP_014312111.1	XP_006508118.1, NP_065641.1
OG0005116	XP_006089651.1	XP_006508222.1, NP_598461.1
OG0005117	XP_023613916.1	XP_006507560.1
OG0005118	XP_006083704.1	XP_006509245.1, NP_001344153.1, NP_080735.1
OG0005119	XP_006083645.1	NP_001347413.1, NP_766115.1
OG0005120	XP_006083588.1	NP_080508.1
OG0005121	XP_006083582.1	XP_036014721.1
OG0005122	XP_006086132.1	NP_001028304.1
OG0005124	XP_023605170.1	NP_001341997.1
OG0005125	XP_014321506.1	NP_001408476.1
OG0005126	XP_023619187.1	XP_011241283.1, NP_001397565.1, NP_001032838.1
OG0005127	XP_023619186.1	NP_031423.1, XP_036010460.1
OG0005128	XP_014323123.1	XP_030099969.1, NP_035048.3
OG0005129	XP_014323151.1	NP_034142.3
OG0005130	XP_006083736.1	NP_064359.2, XP_036014660.1
OG0005131	XP_006083803.1	NP_001181851.1, NP_001181852.1, NP_001181850.1, NP_062789.1
OG0005133	XP_023617463.1	NP_081330.2
OG0005134	XP_014318767.1	NP_001393437.1
OG0005135	XP_006088037.1	NP_062745.1
OG0005136	XP_023616086.1	NP_001345190.1, NP_001345189.1, XP_036018512.1, NP_082913.1
OG0005137	XP_006096441.1	NP_570954.1
OG0005138	XP_023610250.1	NP_663510.1, XP_006499367.1
OG0005139	XP_006089448.1	NP_033073.1
OG0005140	XP_023610129.1	NP_001165588.1, NP_034537.2
OG0005141	XP_023610222.1	NP_001264115.1, NP_001264116.1, NP_666240.4, XP_006499403.1
OG0005142	XP_023610227.1	NP_001342320.1
OG0005143	XP_006102075.1	XP_011238128.1, NP_083558.1
OG0005144	XP_006102080.1	NP_033399.1
OG0005145	XP_006098065.1	NP_001407684.1, NP_001407683.1, NP_001407682.1, NP_001407681.1, NP_032994.1
OG0005146	XP_006099154.1	XP_006499486.2, NP_536703.2, NP_001349951.1, NP_001349952.1, NP_808327.1
OG0005147	XP_023615193.1	NP_001095893.1, NP_001095895.1, NP_001095894.1, NP_766263.2
OG0005149	XP_023600895.1, XP_023600894.1, XP_023600896.1	NP_001074758.1, XP_011238263.1
OG0005150	XP_023604509.1	XP_017171224.1
OG0005151	XP_014302090.1	NP_001406326.1, XP_006500665.1, NP_937812.1, NP_001406325.1
OG0005152	XP_006104292.1	XP_006500683.1, NP_705822.1
OG0005153	XP_023599646.1	XP_017176304.1, NP_694754.1
OG0005154	XP_014323507.1	NP_080142.1, NP_001405489.1, NP_001405490.1, NP_001405492.1, NP_001405491.1
OG0005155	XP_023614241.1, XP_023604592.1	XP_006509289.1, NP_001004140.2
OG0005156	XP_006083643.1	NP_780595.1
OG0005157	XP_006085573.1	XP_006519541.1, NP_080677.1
OG0005158	XP_006081959.1, XP_014312256.1	NP_056606.2
OG0005159	XP_023611716.1	XP_011243399.1, NP_950194.2
OG0005160	XP_014312516.1	NP_082315.3
OG0005161	XP_023608873.1	NP_031966.2, NP_001258332.1, NP_001258350.1, NP_001258331.1
OG0005162	XP_023609324.1	NP_001297451.1
OG0005163	XP_023620100.1	NP_001258338.1, NP_001411584.1, NP_001258337.1, NP_001258336.1, XP_006518799.1, NP_035496.1
OG0005164	XP_023600278.1	NP_694694.1, XP_006509597.1
OG0005165	XP_023617649.1, XP_006082648.1, XP_023617643.1, XP_023617653.1	NP_034700.2
OG0005166	XP_006082678.1	NP_079662.1, XP_006496583.1
OG0005167	XP_006082847.3	NP_001028462.2, XP_011246288.1
OG0005168	XP_014319269.1	NP_001103682.1, NP_666224.3, XP_006529527.1
OG0005169	XP_006083085.2	NP_001192178.1, NP_955398.3, XP_006529115.1, NP_001034308.1, XP_006529834.1
OG0005170	XP_006109495.3, XP_014304287.2	XP_006521926.1, NP_035302.2
OG0005172	XP_014320471.1	XP_036021049.1, NP_001264796.1, NP_001074792.1, NP_001395116.1, NP_001395117.1
OG0005174	XP_006099079.1	NP_062779.3, XP_036021221.1
OG0005175	XP_006096620.1, XP_006096619.1	NP_001404487.1, NP_114075.1
OG0005176	XP_023604896.1	NP_001157005.1
OG0005177	XP_023604235.1	NP_766137.2, XP_006513082.1
OG0005178	XP_023618959.1	XP_011244130.1
OG0005179	XP_023606985.1	NP_031570.2, XP_006505472.1
OG0005180	XP_023612491.1, XP_014314141.1, XP_023612492.1, XP_014314142.1, XP_014314139.1, XP_014314138.1, XP_014314140.1	NP_057927.1
OG0005181	XP_014307132.1	NP_056591.1
OG0005182	XP_006084295.1	NP_780735.2
OG0005183	XP_006084322.1	XP_006506101.1, NP_852109.2
OG0005184	XP_014307200.1	XP_006506453.1
OG0005185	XP_006086820.1	NP_080444.1
OG0005186	XP_023608044.1	XP_011243947.1, NP_084202.2
OG0005187	XP_023612070.1, XP_006091535.1	NP_033530.2
OG0005188	XP_014317254.1	NP_001346055.1
OG0005189	XP_006095790.1, XP_023615463.1	NP_001014976.1, NP_001343241.1, XP_006520321.1
OG0005190	XP_023615476.1	XP_017172113.1, NP_001345773.1, NP_001157115.1, NP_001398789.1, NP_033608.3, NP_001398790.1
OG0005191	XP_006090081.1	NP_001152959.1, NP_035385.1
OG0005192	XP_023615601.1	XP_036017537.1
OG0005193	XP_014317367.1	NP_083462.2
OG0005194	XP_006095970.2	NP_001171283.1, NP_001171284.1
OG0005195	XP_006095987.1	NP_780569.1, XP_030106555.1
OG0005196	XP_014317405.1	NP_080653.2, XP_006527371.1
OG0005197	XP_023609097.1	NP_001316864.1, XP_006527077.1
OG0005199	XP_014323794.2	NP_001303610.1, NP_001303607.1, NP_001303609.1, NP_001303608.1, NP_035342.3
OG0005200	XP_023600060.1, XP_014306231.1	NP_001074586.2, XP_036008635.1
OG0005201	XP_006085332.1	NP_001153223.1
OG0005202	XP_023611202.1	XP_006495494.1, NP_001272354.1
OG0005203	XP_006103607.1	NP_001343508.1, NP_001230029.1
OG0005205	XP_023613373.1	NP_080688.2, XP_017174612.1
OG0005206	XP_006086047.1	NP_001277931.1, XP_006500216.1, NP_780363.1
OG0005207	XP_014306395.1, XP_023613605.1	XP_006511496.1
OG0005208	XP_006093485.1	XP_030100101.1, NP_001157721.1
OG0005209	XP_023604519.1, XP_006093302.1, XP_023613593.1	XP_036017631.1, NP_080791.2
OG0005210	XP_006093517.1	XP_030100025.1
OG0005211	XP_014315260.1, XP_023604959.1	NP_001104615.1
OG0005212	XP_023608940.1	NP_001411606.1
OG0005213	XP_023608882.1	NP_082171.1, XP_036011189.1
OG0005214	XP_023613822.1	XP_006523098.1, NP_001345419.1
OG0005216	XP_014322745.2, XP_023601268.1	XP_011244445.1
OG0005217	XP_006105233.1	NP_780637.2
OG0005218	XP_023600909.1	XP_006524778.1, NP_067297.2, NP_001392039.1, NP_001392046.1, NP_001392049.1, NP_001392048.1, NP_001392043.1
OG0005219	XP_006105477.1	NP_034961.2, XP_036016256.1
OG0005220	XP_023603593.1	XP_006502101.1, NP_081411.2
OG0005221	XP_014322195.1	NP_997092.1
OG0005222	XP_006084675.1	NP_705802.1
OG0005223	XP_014307545.1	NP_848856.1, XP_030110368.1, NP_001346915.1, NP_001346916.1
OG0005224	XP_014307459.1	NP_001407036.1
OG0005226	XP_023611130.1	XP_006522552.1, NP_080549.1
OG0005227	XP_006084816.1	XP_036016065.1, NP_083249.1
OG0005228	XP_006090598.1	NP_080864.1
OG0005229	XP_006098423.1	XP_036016068.1
OG0005230	XP_006091025.1	NP_001013389.2
OG0005231	XP_006092870.1	NP_081631.2
OG0005232	XP_023606280.1	NP_001344016.1
OG0005233	XP_006081539.1	NP_081399.3, NP_001317352.1, XP_006517427.1
OG0005234	XP_006084943.1	NP_001390971.1, XP_006535585.1, NP_001277429.1, NP_081895.2
OG0005235	XP_023606277.1	NP_666053.2, XP_006521998.1, NP_001291361.1, NP_001390392.1
OG0005236	XP_014323510.2	NP_598548.1
OG0005237	XP_006088923.1	XP_011248011.1
OG0005238	XP_006088908.1	NP_035516.2, NP_001385487.1
OG0005239	XP_023609661.1, XP_014304847.2	NP_808254.1
OG0005240	XP_023618517.1	XP_036014090.1, NP_083060.2, NP_001159863.1
OG0005241	XP_023612255.1	XP_006517009.1, NP_080332.1
OG0005242	XP_014322255.2, XP_023612247.1	NP_034747.2, XP_036013758.1
OG0005243	XP_023617616.1	XP_011242593.1
OG0005244	XP_006106531.2	XP_006516770.2, NP_001013407.2
OG0005246	XP_023604845.1, XP_006091318.1	NP_084248.2, XP_036018610.1
OG0005247	XP_023601472.1	XP_011237963.1, NP_001001182.2
OG0005248	XP_023599290.1	XP_036018204.1, NP_796218.2
OG0005249	XP_006083166.1	XP_006500167.1
OG0005250	XP_006083115.1	NP_780674.1, XP_006499263.1
OG0005251	XP_014319514.2	XP_006496200.1, NP_058613.2
OG0005252	XP_006082559.1	NP_061287.2, XP_006496204.1
OG0005253	XP_006082566.1	NP_001344316.1, XP_030099351.1, NP_083987.1
OG0005254	XP_023619164.1	NP_001344100.1
OG0005255	XP_023615207.1	NP_796030.1
OG0005256	XP_014316408.1	NP_780503.2
OG0005257	XP_014316411.2	NP_776290.1, XP_036010523.1
OG0005258	XP_014302447.1	NP_001404848.1, XP_036010343.1
OG0005258	XP_023612160.1	NP_109649.1
OG0005259	XP_014301156.2	XP_006497018.2, NP_079597.2
OG0005260	XP_006103323.1	NP_001347860.1, NP_079664.1, NP_001347861.1
OG0005261	XP_014301168.1, XP_023600772.1	NP_061199.2
OG0005262	XP_006096972.1	NP_038517.1, XP_036012527.1
OG0005263	XP_023616472.1	NP_001034573.1
OG0005264	XP_023612675.1	NP_808588.3, XP_006528642.1
OG0005265	XP_014304107.2	NP_001277614.1
OG0005266	XP_023601214.1	NP_001344031.1, NP_001289315.1
OG0005267	XP_006088668.1	NP_573475.2, XP_006528782.1
OG0005268	XP_023609456.1	NP_001171350.1, XP_006528742.1, NP_766371.1, NP_001345895.1, NP_001171349.1
OG0005269	XP_006096263.2	NP_079936.1, XP_006529028.1
OG0005270	XP_014317610.1	NP_001106825.1, XP_006528938.1
OG0005271	XP_023615806.1	XP_006529054.1, NP_084219.1
OG0005272	XP_014320478.1	NP_001368827.1
OG0005273	XP_023612725.1	NP_001075881.1, XP_011246060.2
OG0005274	XP_006082300.1	NP_001186289.1, NP_808260.2
OG0005275	XP_023614352.1	NP_033454.1
OG0005276	XP_023614206.1	NP_084227.1, XP_006541473.1
OG0005277	XP_006082206.1	NP_067525.1
OG0005278	XP_023612303.1	XP_011249307.1, NP_035985.2
OG0005279	XP_006082174.1	XP_036017751.1
OG0005280	XP_006082109.1	NP_001399012.1
OG0005281	XP_006087787.2	XP_006527949.1, NP_001186278.1
OG0005282	XP_014310384.1, XP_023608778.1	NP_001398440.1, NP_032349.1
OG0005283	XP_006087776.1	NP_001397176.1, NP_031750.2, XP_006527824.1
OG0005284	XP_006101058.1	XP_036020598.1, NP_598674.2
OG0005285	XP_006094254.3	NP_032146.1
OG0005287	XP_014318636.2	NP_001177302.1, NP_001391034.1, NP_001391033.1, XP_017173393.1
OG0005289	XP_006087513.1	NP_001011877.1, XP_006519285.2
OG0005298	XP_006109901.2	XP_036011510.1, NP_034418.1
OG0005299	XP_006107944.1	NP_033932.2
OG0005300	XP_023617298.1	XP_006501889.1, NP_067350.2
OG0005301	XP_006106073.1, XP_023602637.1	XP_006539872.1, NP_766327.3
OG0005304	XP_023616688.1	NP_511039.2
OG0005305	XP_014317423.2	XP_036012281.1, NP_031668.3
OG0005306	XP_006098352.1	XP_011242293.1, NP_033877.3
OG0005307	XP_006092878.1	XP_036015768.1, NP_001344227.1, NP_035768.1
OG0005308	XP_023602306.1	XP_006500550.1, NP_001092767.1
OG0005310	XP_006103068.1	NP_034684.2
OG0005311	XP_014323766.1, XP_023620831.1	XP_017173885.1, NP_001295464.1, NP_038591.1
OG0005312	XP_023620579.1	XP_006503772.1, NP_031749.2
OG0005313	XP_006088356.1	NP_035906.1
OG0005315	XP_006101017.1	NP_112446.2, XP_006514604.1
OG0005316	XP_014320595.1	XP_006496778.1, NP_035475.2
OG0005317	XP_006091375.1	NP_001280581.1, NP_001280582.1, NP_001280584.1, NP_033031.2
OG0005319	XP_006093048.1	NP_062422.1
OG0005320	XP_006087401.3	NP_031886.3
OG0005321	XP_006093806.1	NP_035294.2
OG0005322	XP_006099510.1	NP_001240733.1
OG0005325	XP_006083889.1	NP_035276.2
OG0005326	XP_006089447.1	NP_001032841.1, NP_001032324.1
OG0005327	XP_006108262.1	NP_031733.1
OG0005328	XP_006107034.1	XP_011241196.1, NP_001013836.1
OG0005329	XP_006097177.1	NP_034042.3
OG0005330	XP_006089687.1	NP_001405731.1
OG0005331	XP_006107554.1	NP_062773.2, XP_011249180.1
OG0005334	XP_006103891.2	XP_036021304.1, NP_075721.3
OG0005335	XP_023602264.1, XP_006105517.1	NP_062293.1
OG0005336	XP_006104386.1	NP_001161960.1, NP_032609.1, NP_001161961.1, NP_001161962.1
OG0005337	XP_023603553.1	NP_001156790.1, XP_017169681.1
OG0005338	XP_023618510.1	NP_443748.2, XP_006529294.1
OG0005339	XP_006109616.1, XP_014303894.2	NP_001348429.1
OG0005340	XP_023600610.1	NP_031525.3, XP_011240687.1
OG0005341	XP_006099204.1	NP_619624.2, XP_006502925.1
OG0005342	XP_006102142.1	NP_067490.1
OG0005343	XP_023600984.1	NP_001350421.1, NP_066302.2, XP_006499733.1
OG0005344	XP_023601236.1, XP_006092203.1, XP_023605095.1	NP_001397314.1
OG0005345	XP_006094822.1	NP_001020556.1
OG0005346	XP_006101438.1	NP_079785.1
OG0005347	XP_023616721.1	NP_001186277.1, NP_001186276.1, NP_473380.1
OG0005348	XP_023611205.1	NP_808215.2, NP_001032848.1, NP_573483.1
OG0005349	XP_006092531.1	NP_038637.1, NP_001106168.1
OG0005351	XP_023604728.1	NP_001277394.1, NP_001277393.1, XP_006498163.1, NP_001001322.1, NP_001277392.1
OG0005352	XP_023620887.1	NP_032973.1
OG0005353	XP_006096614.1	NP_031501.1
OG0005354	XP_014302384.2	NP_254279.1
OG0005355	XP_006086591.1	XP_030106296.1
OG0005356	XP_006105712.1	XP_036020517.1, NP_038790.2
OG0005357	XP_006089488.1	NP_080223.2, NP_001278037.1
OG0005358	XP_006105464.2	NP_034876.2, NP_001355293.1
OG0005359	XP_023604895.1, XP_014306135.1, XP_023604736.1	XP_006538893.1, NP_849262.1
OG0005360	XP_006103022.1	NP_001397385.1, NP_001397384.1, NP_035922.4
OG0005361	XP_006097871.1	XP_006501136.1, NP_001002011.2
OG0005362	XP_006085199.1	NP_031531.1
OG0005363	XP_006088169.1	NP_667050.1
OG0005365	XP_023614574.1	NP_570936.1, NP_001161975.1
OG0005366	XP_006087423.1	NP_666924.1, XP_006503179.1
OG0005367	XP_023600456.1	NP_780767.1
OG0005368	XP_006089236.1	NP_780658.2
OG0005369	XP_014315899.1	NP_034937.1
OG0005370	XP_006106618.1	NP_058017.1
OG0005371	XP_006087237.2	NP_035241.1, NP_001167641.1
OG0005372	XP_006087256.1	NP_033283.1, NP_001347782.1
OG0005373	XP_006087224.1	XP_006529564.1
OG0005374	XP_006085145.1	XP_006525559.1, NP_663469.1
OG0005375	XP_023605958.1	NP_033074.2
OG0005376	XP_006089220.1	NP_035965.3
OG0005378	XP_006103825.1	NP_080065.4, NP_001077414.1
OG0005380	XP_014306476.2	NP_766414.3, XP_006524290.1
OG0005381	XP_023609970.1	XP_036011337.1, NP_001191912.1
OG0005382	XP_006089313.1	NP_032574.1, XP_006512631.1
OG0005383	XP_023604396.1	NP_082880.2
OG0005384	XP_023614921.1	XP_006512669.1
OG0005385	XP_014320929.1	NP_001364026.1
OG0005386	XP_006086880.1	NP_001156616.1, XP_011245464.1, NP_001177412.1
OG0005387	XP_023608144.1	XP_011245527.1, NP_663472.1
OG0005388	XP_014309573.1	XP_006527202.1, NP_796008.2
OG0005389	XP_023600464.1, XP_023600467.1, XP_023600465.1, XP_023600466.1	XP_006539528.1
OG0005393	XP_006107347.1	NP_001277696.1, NP_001277693.1, NP_001277695.1, NP_067524.2, XP_006541101.2
OG0005394	XP_023604940.1, XP_006108181.1	NP_079809.1
OG0005397	XP_023599361.1	NP_001276570.1, XP_030098180.1, NP_766071.1, NP_001276569.1, NP_001276563.1, NP_001276566.1, NP_001038951.1
OG0005399	XP_014306596.2, XP_014323046.1, XP_023599362.1	NP_081138.2, XP_011248990.1
OG0005400	XP_006102704.1	NP_001031817.1, XP_006539916.1, NP_666296.1
OG0005401	XP_014318102.1	XP_006540336.1, NP_001277479.1, NP_001364021.1, XP_030111568.2, NP_001034281.1, NP_071307.1
OG0005402	XP_023616332.1	NP_083990.2, XP_006540475.1, NP_001355336.1, XP_006540137.1
OG0005403	XP_006098693.1	NP_001347693.1, NP_001347692.1, NP_001074583.1
OG0005404	XP_023618101.1	NP_001028488.1
OG0005405	XP_006102019.1	NP_665832.1
OG0005406	XP_006094770.2	NP_061280.2
OG0005408	XP_006100319.1	NP_062329.2, XP_006498249.1
OG0005409	XP_006093799.2	NP_080438.2, XP_006497594.1
OG0005410	XP_014309427.1	NP_001075432.1, XP_006525966.1
OG0005411	XP_006098277.1	XP_006497548.1, NP_001074601.1
OG0005412	XP_006104486.1, XP_014311021.1	NP_690037.1
OG0005413	XP_006086550.1	NP_001347918.1, NP_001076786.1, NP_080680.2
OG0005414	XP_014309265.1	NP_077141.2
OG0005415	XP_006109065.1, XP_006086465.1	NP_084218.1
OG0005417	XP_006081481.1	NP_001361656.1
OG0005418	XP_014309300.1, XP_006087025.1	NP_079645.1
OG0005419	XP_014306464.1	XP_036010209.1
OG0005420	XP_023614314.1	NP_001355692.1
OG0005421	XP_014315989.1	NP_079731.2
OG0005422	XP_006094078.1	NP_001392866.1
OG0005423	XP_006094060.1	XP_006538721.2, NP_001116426.1, NP_035240.3, NP_001411736.1, NP_001411737.1
OG0005424	XP_023620783.1	NP_001408506.1, NP_032035.2, NP_001408505.1, NP_001258545.1, XP_006503775.1
OG0005425	XP_023612084.1	XP_006524555.1, NP_001276415.1, NP_001276414.1, NP_001008973.2, NP_001347114.1
OG0005426	XP_006081228.1	NP_659108.1, NP_001020480.1
OG0005427	XP_006081275.1	XP_011242754.1, NP_598832.3
OG0005428	XP_023605780.1	XP_006517080.1
OG0005429	XP_023604618.1, XP_006109316.1	XP_006540762.1, NP_068679.1
OG0005431	XP_023604645.1	NP_035178.1
OG0005432	XP_014304147.1, XP_006109498.2	NP_083861.1
OG0005433	XP_023603016.1	NP_839986.2, XP_036009276.1
OG0005434	XP_014305188.2	NP_001004185.3
OG0005435	XP_006107174.1	XP_036009054.1
OG0005436	XP_014305775.2	NP_001346824.1, NP_919325.2, XP_006503967.1
OG0005437	XP_006095051.1	NP_080171.1
OG0005438	XP_006101578.1	NP_034828.3
OG0005439	XP_006088535.1	NP_035800.2
OG0005440	XP_006107011.1	NP_081121.1
OG0005441	XP_023603842.1	NP_038530.1
OG0005442	XP_023600320.1, XP_006107958.2	NP_659084.3
OG0005443	XP_014302312.1	NP_001349334.1, NP_848755.1, XP_006516881.1, NP_001349333.1
OG0005444	XP_006104565.1	NP_077176.1
OG0005445	XP_023602479.1	NP_001104611.1, XP_036009942.1
OG0005446	XP_023602471.1, XP_023604585.1	XP_006531029.1, NP_001360868.1
OG0005447	XP_006105830.1	NP_081131.1, NP_001355301.1, XP_006531400.1
OG0005448	XP_023610381.1	NP_001388976.1
OG0005450	XP_006107130.1	NP_780403.1
OG0005451	XP_006100035.1	NP_001259021.1, NP_001259019.1, NP_001259020.1, NP_082188.1
OG0005452	XP_006090343.1	NP_001334380.1
OG0005453	XP_023610873.1	XP_006519699.1, NP_083380.1
OG0005454	XP_006090282.1	NP_035825.1
OG0005455	XP_006101042.1	NP_075623.2
OG0005456	XP_023619492.1	NP_001034160.1, XP_017171508.1, NP_036048.3, NP_001034162.1, NP_001034161.1, NP_001034163.1
OG0005459	XP_023601232.1	NP_598776.1, NP_001350282.1, NP_001258276.1, NP_001258277.1, NP_001350283.1, XP_006514496.1
OG0005460	XP_023620271.1	XP_017170351.1, NP_203538.2
OG0005461	XP_006089198.1	NP_001344391.1
OG0005462	XP_006104549.1	NP_001032948.2
OG0005463	XP_014301842.1	XP_030103099.1, NP_766183.1
OG0005464	XP_014306609.2, XP_023615141.1	NP_663432.1
OG0005465	XP_006110102.1	NP_077150.1
OG0005466	XP_006090213.1	XP_006520050.2, NP_001156610.1
OG0005467	XP_023607942.1	XP_036015525.1, NP_001159832.1, NP_084274.1, NP_001344690.1
OG0005468	XP_023608610.1	NP_001074768.1, XP_006520157.1
OG0005469	XP_023599721.1	NP_796034.2, XP_006533603.1
OG0005470	XP_023617818.1	NP_083575.1, NP_001291987.1
OG0005471	XP_023603019.1	XP_006510620.1
OG0005472	XP_006101804.1	NP_035579.1, NP_001311474.1
OG0005473	XP_014304831.2	NP_001344190.1
OG0005474	XP_006104372.2	XP_006510445.4, NP_001005421.3
OG0005475	XP_006103018.1	NP_001268863.1, NP_032820.2, XP_036010579.1
OG0005476	XP_023613654.1	XP_006510690.1, NP_082576.1
OG0005477	XP_006105338.1	NP_080261.2
OG0005478	XP_014323558.1	XP_036012244.1, NP_694743.2
OG0005479	XP_023599839.1	NP_001258288.1, NP_001258287.1, XP_036012466.1, NP_001258289.1, NP_663404.1
OG0005480	XP_006102834.2	NP_075647.3
OG0005481	XP_006105567.1	NP_109627.3, NP_001157043.1
OG0005482	XP_023599709.1	NP_001152991.1
OG0005483	XP_006102661.1	XP_006534151.1, NP_001013274.2, NP_001137262.1, NP_001268393.1, NP_001268394.1
OG0005484	XP_023599631.1	NP_001289303.1
OG0005485	XP_023602422.1, XP_014303274.1	XP_006532606.3
OG0005486	XP_006105818.1	NP_001349514.1
OG0005487	XP_014312216.1	NP_001288343.1
OG0005488	XP_014312208.1	NP_444387.1, XP_036020472.1
OG0005489	XP_014306400.2, XP_023615752.1	NP_001272881.2, NP_001272882.1, NP_001156452.2, XP_017175708.1
OG0005490	XP_006100089.1, XP_023619417.1	NP_001077356.1
OG0005494	XP_014306014.1	NP_808341.1
OG0005495	XP_023601809.1	NP_001277924.1, XP_006538653.1, NP_997565.2
OG0005496	XP_014303666.2	NP_919428.1
OG0005497	XP_006106227.1	NP_001344229.1
OG0005498	XP_023616844.1	NP_001028314.1
OG0005499	XP_023608337.1	NP_062683.3, XP_011246751.1, NP_001161382.1
OG0005500	XP_023611792.1	NP_783577.2
OG0005501	XP_014313430.1	XP_036009703.1, NP_032732.3
OG0005502	XP_006091207.1, XP_014306590.1	NP_031691.1, NP_001032898.1
OG0005503	XP_023618899.1	NP_938041.1, XP_006530606.1
OG0005504	XP_006099438.1	NP_001403595.1, XP_030099123.1, NP_001288094.1, NP_001288093.1, NP_444300.1
OG0005506	XP_014303033.1	NP_034819.1, XP_006507459.3
OG0005507	XP_023611074.1	XP_006525046.3, NP_082692.1
OG0005508	XP_006086201.1	XP_011238473.1, NP_001398344.1, NP_064341.3, NP_001398343.1
OG0005509	XP_006103154.1	NP_082722.1, XP_006515445.1
OG0005510	XP_023600689.1	NP_001156340.1, XP_036016358.1, NP_001156341.1, NP_694780.1
OG0005511	XP_006088305.1	NP_079638.2
OG0005512	XP_006088306.1	XP_006504495.1, NP_038791.2
OG0005513	XP_023609247.1	NP_001243025.1
OG0005514	XP_014308138.1	NP_113582.1
OG0005515	XP_006081093.1	NP_766000.1, NP_001404706.1
OG0005518	XP_014301404.1	XP_006507456.1, NP_001240801.1
OG0005519	XP_006103413.1	NP_084516.1
OG0005520	XP_006085929.1	XP_006507976.3, NP_613055.2
OG0005521	XP_023620601.1	XP_006507753.1, NP_808365.2
OG0005522	XP_023600150.1	XP_017177549.1, NP_997607.2, NP_058566.3, NP_997606.2
OG0005523	XP_006103115.1	NP_082219.1, XP_006508277.1
OG0005524	XP_006101726.1, XP_006109370.1	NP_694697.3
OG0005525	XP_023620878.1	NP_061265.2, XP_006541009.1
OG0005526	XP_006096412.1	NP_033249.1
OG0005527	XP_006090443.1	NP_666359.1
OG0005528	XP_006090448.1	NP_001028392.2, XP_036015808.1
OG0005529	XP_006090457.1	XP_006522640.1
OG0005530	XP_023603368.1	NP_001074868.2, XP_017173005.1
OG0005531	XP_006103719.1	NP_631893.1
OG0005532	XP_006103731.1	NP_001398237.1
OG0005533	XP_014314507.1	NP_663517.2
OG0005534	XP_023612851.1	XP_006502526.2, NP_598628.1
OG0005535	XP_014314424.2	XP_006500934.1, NP_083055.1, NP_001276648.1, NP_001333594.1, NP_001276649.1
OG0005536	XP_023601216.1, XP_006108316.2	NP_083931.2
OG0005537	XP_023604853.1	NP_079913.2
OG0005538	XP_014309025.1	XP_006500911.1, NP_001074224.1, NP_001342602.1, NP_001274068.1
OG0005539	XP_023610573.1	NP_694777.3
OG0005540	XP_006106397.1	NP_065613.1, NP_001035950.1
OG0005541	XP_006106391.1	NP_001298065.1
OG0005542	XP_023614766.1	NP_001164103.1, NP_659209.2
OG0005543	XP_023614687.1	NP_001355772.1
OG0005544	XP_023610552.1	NP_001128301.1
OG0005545	XP_014312336.2	NP_084042.1
OG0005546	XP_006089018.1	NP_001153438.1, NP_001153437.1, XP_006497091.1, NP_076373.3, NP_001153439.1, NP_001153440.1
OG0005547	XP_014311520.1	XP_017168472.1, NP_203505.3, NP_001153458.1
OG0005548	XP_006088981.1	XP_006496820.1, NP_766232.1
OG0005549	XP_014311491.2	NP_001334054.1
OG0005551	XP_023617418.1, XP_023614897.1	NP_083052.1
OG0005552	XP_006099667.1	NP_001153681.1, NP_001153680.1, NP_079781.2, NP_001343981.1
OG0005553	XP_023599866.1, XP_014323592.1, XP_006102847.1, XP_014323593.1	NP_067325.2
OG0005554	XP_014302426.1	XP_036008714.1, NP_079787.1
OG0005555	XP_014305500.1, XP_014301986.1	NP_666217.2, XP_006496862.1
OG0005556	XP_023617338.1	NP_705790.3, XP_006501401.1
OG0005557	XP_006097890.1	NP_659147.2
OG0005558	XP_023617365.1	NP_619620.3, XP_006501204.1
OG0005559	XP_023617301.1	NP_031936.2
OG0005560	XP_023614935.1	NP_001106802.1
OG0005562	XP_006095165.1	NP_001274016.1, XP_036014147.1
OG0005563	XP_006095205.1	NP_663515.2, NP_849207.2
OG0005564	XP_006095366.1, XP_023615040.1	NP_001268781.1, NP_033140.1
OG0005565	XP_014313786.1	NP_001304292.1, NP_038533.1, NP_001304294.1
OG0005566	XP_023599336.1	NP_001396460.1, NP_001396454.1
OG0005567	XP_023609989.1	NP_001158357.1
OG0005568	XP_014311796.1	NP_075540.1
OG0005569	XP_006103152.1	XP_006516364.1, NP_083200.1, NP_001076445.1
OG0005570	XP_006102287.1	NP_032545.1, NP_001398886.1
OG0005571	XP_006085917.1	NP_084101.1
OG0005572	XP_023607239.1	XP_006515733.1, NP_038843.2
OG0005575	XP_006097046.1	NP_001411713.1
OG0005576	XP_006099650.1	XP_011242463.1, NP_080314.1
OG0005577	XP_023611624.1	XP_017170500.1, NP_001008550.1
OG0005578	XP_006103019.1, XP_014313314.2, XP_006091077.2	NP_001396524.1
OG0005579	XP_023617136.1	XP_036013297.1, NP_001156973.1, NP_001156974.1
OG0005580	XP_006097702.1	XP_036013217.1, NP_001345212.1, NP_766169.1
OG0005581	XP_006097694.1	NP_001410050.1
OG0005582	XP_023617948.1	NP_780407.1, NP_001348168.1, NP_001348167.1, XP_006516344.1
OG0005583	XP_023608253.1	NP_001028647.1, XP_036013407.1
OG0005584	XP_006087021.1, XP_023619379.1	NP_081234.2
OG0005585	XP_014309741.1	NP_861536.3, XP_006516387.1
OG0005586	XP_023608277.1, XP_023608279.1, XP_014309755.1, XP_023608278.1	NP_001390503.1
OG0005587	XP_006107360.1	XP_017170657.1
OG0005589	XP_006108530.1, XP_006084110.1, XP_014308701.1, XP_006103071.1	NP_001139372.1, NP_964008.2
OG0005591	XP_023611114.1	NP_766193.3
OG0005592	XP_006106693.1	NP_080069.2
OG0005593	XP_006108700.2	NP_080548.3
OG0005594	XP_006108602.2	NP_001404859.1
OG0005595	XP_023604834.1	XP_006532669.1, NP_033079.1
OG0005597	XP_023605094.1	NP_001182017.1
OG0005598	XP_006103506.1	NP_001258827.1
OG0005599	XP_014301310.1	NP_001239461.1
OG0005600	XP_006103487.1	NP_032189.1, NP_001300865.1, NP_001300866.1
OG0005601	XP_006103483.1	NP_766636.2
OG0005602	XP_014305044.1	NP_001349818.1
OG0005603	XP_006094992.1	XP_006533128.1, NP_671752.2
OG0005604	XP_023602065.1	NP_898855.1
OG0005605	XP_006106151.1	NP_932063.2, XP_011247545.1
OG0005606	XP_023620165.1	NP_031745.2
OG0005607	XP_023620107.1	XP_006534518.1, NP_001007462.1, XP_006533913.1, NP_067322.1
OG0005608	XP_006109133.2, XP_023615373.1	NP_062378.1
OG0005609	XP_023615361.1, XP_023615360.1	NP_034954.2
OG0005610	XP_006095690.1	NP_079653.1
OG0005611	XP_006092275.1	XP_036012792.1, NP_079914.1
OG0005612	XP_023599169.1	NP_001013404.1
OG0005613	XP_006101982.1	NP_001351691.1, NP_001351692.1, XP_030101312.1, NP_598786.1
OG0005614	XP_006107707.3, XP_014322921.1	NP_899098.2, XP_011247506.1
OG0005615	XP_006095606.1	NP_001019376.1, XP_036012823.1
OG0005616	XP_023615261.1	NP_795939.3, XP_030101939.1
OG0005617	XP_023603859.1	NP_083824.1
OG0005618	XP_014302821.1	NP_112541.1, NP_001344820.1, NP_001344821.1, XP_011247627.1
OG0005619	XP_006105199.1, XP_023602006.1	NP_079594.1, NP_001161942.1
OG0005620	XP_023603471.1	XP_006533824.1, NP_001349770.1, NP_061371.2
OG0005623	XP_014308412.1	NP_080488.1
OG0005623	XP_006109428.3	XP_017174711.1
OG0005625	XP_014318230.1	NP_033324.1
OG0005628	XP_023601453.1	XP_006498283.1
OG0005629	XP_006105869.1	XP_011237401.1, NP_780720.1, NP_001386390.1
OG0005630	XP_014302531.1	XP_006497754.1, NP_001171119.1, NP_001171120.1, NP_001033789.1, NP_001342035.1, NP_001342034.1
OG0005631	XP_023600220.1	NP_001277432.1, NP_848809.2, XP_006497991.1
OG0005632	XP_006109286.2, XP_006103194.1	NP_036119.1
OG0005633	XP_006103192.1	XP_006497987.1, NP_001277425.1
OG0005634	XP_014322952.1	NP_001407026.1, NP_001407024.1
OG0005635	XP_006096294.1	NP_796319.1, XP_006498038.1, NP_001349848.1, NP_001277554.1, NP_001349850.1
OG0005636	XP_006096347.1	NP_666233.2, NP_001349885.1, NP_001349887.1, XP_006498058.1
OG0005638	XP_006093735.1	XP_030101251.1
OG0005639	XP_023613781.1	XP_006513643.1
OG0005640	XP_006093656.1	NP_001092259.1
OG0005641	XP_006093621.1	NP_473438.1, NP_001346209.1
OG0005642	XP_023613772.1	NP_001345899.1
OG0005643	XP_006095539.1	NP_001345696.1, NP_031662.2
OG0005644	XP_006104604.1	NP_057923.2, XP_036015118.1
OG0005645	XP_006106288.1	NP_001345570.1
OG0005646	XP_006107645.2	NP_075964.1, XP_030104585.1
OG0005648	XP_006098586.1	NP_081013.1
OG0005649	XP_006098594.1	NP_001345551.1
OG0005650	XP_023618026.1	NP_001157792.1, XP_006520805.1
OG0005651	XP_006098615.1	NP_001276371.1, NP_034945.1
OG0005653	XP_014314640.1	NP_082985.2
OG0005654	XP_014323485.2	XP_006495688.1, NP_796058.1
OG0005655	XP_006083461.1	XP_006524064.1, NP_001157095.1, NP_001157096.1, NP_666096.3, NP_001157094.1
OG0005656	XP_006106832.1	XP_030111511.1, NP_083521.2
OG0005657	XP_023604180.1	NP_001334391.1
OG0005658	XP_023599644.1	XP_006532904.1
OG0005659	XP_014317552.1	NP_001299834.1, XP_030106191.1
OG0005660	XP_006081141.2	NP_001120810.1, NP_613066.2
OG0005661	XP_023618245.1	XP_006537872.1
OG0005662	XP_023618240.1	NP_001171051.1, NP_001257360.1, NP_001257361.1
OG0005663	XP_023616152.1	NP_068683.1
OG0005664	XP_023611698.1	NP_996992.1, XP_006538167.1, NP_062387.2
OG0005665	XP_006091170.1	XP_036018409.1, NP_080973.1
OG0005666	XP_006098842.3	NP_033866.4
OG0005668	XP_023619906.1	NP_659105.2
OG0005669	XP_023612270.1	XP_006537675.1, NP_032101.3
OG0005670	XP_023601104.1	NP_951013.1
OG0005671	XP_006110114.1	XP_006523598.1, NP_001185760.1
OG0005672	XP_014302383.1	NP_001411919.1, NP_035820.3
OG0005673	XP_014306054.1	NP_033910.2, XP_006523594.1
OG0005674	XP_006104429.1	NP_063926.1
OG0005675	XP_014305160.1	NP_766615.1
OG0005676	XP_014304392.1	XP_006525077.1, NP_076223.3
OG0005677	XP_023599256.1, XP_023619967.1, XP_006110035.1	NP_083067.1
OG0005678	XP_023600665.1	XP_006525162.1, NP_690036.4
OG0005679	XP_006105305.1	NP_031658.1, NP_001075104.1, NP_001075105.1
OG0005680	XP_006105303.2	NP_001397116.1
OG0005681	XP_006109117.3, XP_023619897.1	XP_006524986.1, NP_780377.1
OG0005682	XP_006100649.1	NP_001397083.1
OG0005684	XP_023611347.1	NP_796209.2
OG0005685	XP_006090796.1	NP_032948.1
OG0005686	XP_023610964.1	XP_006511233.1, NP_848853.2
OG0005687	XP_023605051.1, XP_006106117.1, XP_006108568.2	NP_001387706.1, NP_077157.2
OG0005688	XP_023615109.1, XP_023602672.1	NP_955020.2, XP_030100298.1
OG0005689	XP_023620894.1	XP_006512633.1, NP_612188.1
OG0005690	XP_006104212.1	NP_032313.2
OG0005691	XP_023619381.1	XP_006520118.1, NP_663444.2
OG0005692	XP_006100048.1	NP_001355594.1
OG0005693	XP_014315192.1	NP_073559.3, NP_001157938.1
OG0005694	XP_006086789.1	NP_778174.1
OG0005695	XP_014308214.2	NP_766404.1
OG0005696	XP_023606699.1	NP_796199.1, XP_006521143.1
OG0005697	XP_023619671.1	XP_006521456.1, NP_808487.2
OG0005698	XP_006108763.1	NP_775541.1, XP_006520990.1
OG0005699	XP_014305055.1	NP_001263251.1, NP_001395003.1
OG0005700	XP_023609431.1	XP_036021473.1, NP_076273.1
OG0005701	XP_014322122.1	NP_598682.2
OG0005702	XP_023620578.1	NP_081226.1
OG0005703	XP_006094036.1	NP_001153051.1, NP_001153049.1
OG0005704	XP_006088445.1	NP_031620.1
OG0005705	XP_023611111.1	NP_543123.2, XP_036008299.1
OG0005706	XP_014307916.1	XP_006505094.1, NP_001032954.1
OG0005707	XP_014308648.1, XP_023606516.1	NP_001289282.1
OG0005708	XP_006088848.1	NP_001334142.1
OG0005709	XP_023609597.1	XP_036021932.1
OG0005710	XP_006096289.2	XP_006505098.1, NP_112475.1
OG0005711	XP_023608528.1	XP_006503156.1, NP_758500.2
OG0005712	XP_006087331.1	NP_001020738.1, NP_570935.3, XP_017175446.1
OG0005713	XP_006087575.1	NP_065260.2
OG0005714	XP_023618529.1, XP_006099200.1	NP_080836.3
OG0005715	XP_023614277.1	NP_700451.2, XP_011238780.1
OG0005716	XP_023614269.1	NP_694817.2, XP_036020430.1
OG0005717	XP_006108416.2	NP_062690.2, NP_001157263.1
OG0005718	XP_006087441.1	NP_001334098.1
OG0005719	XP_006087365.1	NP_038904.1
OG0005720	XP_023608522.1, XP_006087342.1	NP_001158029.1
OG0005721	XP_023617710.1	XP_036020311.1, NP_573513.2, NP_001153053.1, NP_001303676.1
OG0005722	XP_023608599.1	NP_001122106.1, XP_006518907.1
OG0005723	XP_006087453.1	NP_056587.2
OG0005724	XP_006084006.1	NP_056596.1
OG0005725	XP_006084021.1	NP_001355665.1
OG0005726	XP_023605496.1	NP_031910.1, NP_001366385.1
OG0005727	XP_014307047.1	NP_598429.1, XP_006513434.1
OG0005728	XP_014307031.1	XP_030101220.1
OG0005729	XP_006084149.1	NP_080135.2, XP_030100660.1
OG0005730	XP_023605192.1, XP_023605585.1	XP_030100815.1, NP_619614.1
OG0005731	XP_014311640.1	NP_001397372.1
OG0005732	XP_006081901.1	NP_848788.2, XP_030108393.1, NP_001240648.1
OG0005734	XP_006091126.1	NP_081532.1
OG0005736	XP_023620586.1, XP_014306562.1	NP_001094977.1
OG0005737	XP_014310919.1	NP_001397613.1
OG0005738	XP_023603340.1	NP_001139780.1
OG0005739	XP_023620308.1, XP_006101068.1, XP_014321872.1	NP_001240821.1
OG0005740	XP_006101067.1	XP_006535849.1, NP_071863.1
OG0005741	XP_006097116.1	NP_032898.2, XP_036009719.1
OG0005742	XP_023607611.1	NP_001193778.1
OG0005743	XP_006092702.1	XP_017168016.1, NP_062708.1
OG0005744	XP_006092703.1	NP_038550.2, XP_017168059.1
OG0005745	XP_023612950.1	NP_080554.1, XP_006509546.1
OG0005746	XP_023612971.1	NP_032417.3, XP_011240477.1
OG0005747	XP_006106327.1	NP_001153215.1
OG0005748	XP_006106325.2	NP_742046.2
OG0005749	XP_006102394.1	NP_061283.2
OG0005750	XP_006102395.1	XP_006515238.1, NP_080623.2
OG0005751	XP_023599482.1	XP_006515114.1, NP_065639.2
OG0005753	XP_014320790.1	XP_006504224.1, NP_598517.1
OG0005754	XP_014316043.1	NP_084455.2
OG0005756	XP_006103070.1	NP_001139560.1, NP_062324.2, NP_001139559.1
OG0005757	XP_014318140.1	NP_291084.1, XP_006506870.1
OG0005758	XP_006096849.1	XP_011239547.1, NP_032664.1
OG0005759	XP_006106831.2, XP_023603321.1	NP_062415.1
OG0005760	XP_006097551.1	NP_919324.2, NP_001159424.1, XP_011238402.1, NP_001159425.1
OG0005761	XP_006097540.1	NP_780761.1
OG0005762	XP_006097541.1	NP_001397040.1
OG0005763	XP_006095269.1	NP_082207.2
OG0005764	XP_006095274.1	XP_036018952.1, NP_659148.2, NP_001288634.1
OG0005765	XP_023614398.1	XP_006524409.1, NP_001028539.1
OG0005766	XP_006102582.1	XP_036017598.1, NP_653115.1
OG0005767	XP_023620863.1, XP_006101660.1, XP_023620862.1	NP_705781.1, XP_011246921.1
OG0005768	XP_023606867.1	XP_006535868.1, NP_081260.1
OG0005769	XP_014308317.1	NP_083253.1
OG0005770	XP_014308321.1	NP_035333.2, NP_001343520.1, NP_001343521.1, XP_036020804.1, NP_001343519.1
OG0005771	XP_006088740.1	XP_030109906.1, NP_083158.3
OG0005772	XP_023604881.1	NP_058570.1
OG0005773	XP_023617450.1, XP_023614889.1	NP_001292187.1
OG0005774	XP_006109841.2	NP_001361597.1, NP_034951.2
OG0005775	XP_006091962.1, XP_006091961.1	XP_036018484.1
OG0005776	XP_014313933.1	XP_011237707.1, NP_001408002.1, NP_892035.2, NP_001129553.1, NP_001408001.1, NP_001408000.1
OG0005777	XP_006092030.1	XP_006499230.1, NP_001171201.1, NP_001342208.1, NP_038867.2
OG0005778	XP_006092060.1	NP_001403867.1, NP_031725.1
OG0005779	XP_014313953.2	XP_006499317.1, NP_001277702.1
OG0005780	XP_006108210.2	NP_001272419.1, XP_006508567.1, NP_001272418.1, NP_032698.1
OG0005783	XP_023617606.1	NP_001334465.2
OG0005784	XP_023599617.1	NP_001390539.1, NP_001390538.1, NP_062322.3, NP_001154900.2
OG0005785	XP_006102555.1	NP_001263213.1, NP_057875.1, NP_001396683.1, NP_001396682.1, XP_036017297.1
OG0005786	XP_006102581.1	NP_080165.1, NP_001072117.1
OG0005788	XP_023604785.1, XP_006106596.1	NP_036151.1
OG0005789	XP_023615216.1, XP_006105671.1	XP_006526704.1
OG0005791	XP_006092141.1	NP_666855.1, NP_001011835.1
OG0005792	XP_006081788.1	NP_081830.2
OG0005793	XP_006081763.1	NP_058554.1
OG0005794	XP_023602948.1	NP_062383.2
OG0005795	XP_006106446.1	NP_765987.2, XP_006506591.1
OG0005797	XP_006101768.1	NP_036076.2, XP_036017049.1
OG0005798	XP_014319352.1	NP_034896.1
OG0005799	XP_006086938.1	NP_001385605.1
OG0005800	XP_023608191.1	NP_001342225.1
OG0005801	XP_014313497.1	XP_011237506.1
OG0005802	XP_006107157.1	NP_001152995.1
OG0005803	XP_023603013.1	NP_082645.1
OG0005804	XP_014319126.1	XP_006506457.1, NP_061232.1
OG0005805	XP_006085825.1	NP_032018.2, XP_006505593.1, NP_001074906.1
OG0005806	XP_023605386.1	NP_766318.2, XP_030111207.1
OG0005807	XP_014306809.1	NP_848818.1
OG0005808	XP_006083909.1	NP_001334285.1
OG0005809	XP_014306829.1	NP_665825.2, NP_001029201.1
OG0005810	XP_014306843.1	NP_598687.1
OG0005811	XP_006083962.1	NP_536696.4
OG0005812	XP_023602400.1, XP_023599465.1	XP_006505790.1, NP_032805.2
OG0005813	XP_023609819.1	NP_001413985.1
OG0005815	XP_023611516.1	XP_006518538.1
OG0005816	XP_014313165.1	NP_598522.4
OG0005817	XP_023611445.1, XP_023611443.1	XP_006518648.1, NP_001411400.1
OG0005818	XP_006090880.1	NP_001295393.1
OG0005820	XP_014303885.2	XP_006511717.1, NP_001400491.1, NP_033100.2
OG0005821	XP_006106461.1	NP_035764.2
OG0005823	XP_023601235.1	NP_001406571.1
OG0005824	XP_023619751.1	XP_030099615.1, NP_001355320.1, NP_081757.1
OG0005825	XP_014321348.2	NP_001317616.1, NP_035949.2
OG0005826	XP_006100415.1, XP_014321281.1, XP_023619778.1	NP_001411735.1
OG0005827	XP_006099733.1	XP_011240619.1
OG0005828	XP_014320608.1, XP_023619087.1	NP_001028335.1
OG0005829	XP_006099751.1	XP_030100875.1
OG0005830	XP_023619719.1	NP_033081.3
OG0005831	XP_006105113.1	NP_080064.3, XP_006531355.1
OG0005832	XP_006105111.1	NP_032561.2, XP_006530807.1
OG0005833	XP_014302723.1	NP_081463.1
OG0005834	XP_006105082.1	XP_036018667.1, NP_001001493.1
OG0005835	XP_014302718.1	NP_001182460.1
OG0005836	XP_006105803.2	XP_011240868.1, NP_001185723.2
OG0005837	XP_023601777.1	NP_001346052.1
OG0005838	XP_006105052.2	NP_001002842.2
OG0005839	XP_023605080.1, XP_023602593.1	XP_006513357.1
OG0005840	XP_006101347.1	NP_081657.1
OG0005841	XP_006101233.1, XP_014322025.1	NP_663396.1, XP_017169383.1
OG0005842	XP_006101849.1	XP_017169541.1, NP_079589.2
OG0005843	XP_006101859.1	NP_031751.1
OG0005844	XP_006101865.1	XP_036011628.1
OG0005845	XP_006083186.2	NP_766253.2, NP_001346931.1
OG0005846	XP_006094842.1	NP_001108559.1
OG0005847	XP_023614603.1	XP_036010831.1, NP_001164258.1
OG0005848	XP_014314671.2, XP_014314664.1, XP_014314663.1	XP_017168908.1, NP_795950.3
OG0005849	XP_006092931.2	NP_082555.2, NP_001344328.1, NP_001344329.1
OG0005850	XP_006109702.1	NP_079684.2
OG0005851	XP_023619811.1	XP_011239939.1
OG0005852	XP_014321362.1	NP_001405392.1, NP_057929.1
OG0005853	XP_014316207.1	NP_033840.2, XP_011239959.1
OG0005854	XP_023614517.1	NP_001075148.1, XP_017167892.1, NP_001269017.1
OG0005855	XP_006094615.1	NP_001371113.1
OG0005856	XP_006094639.1	NP_001229294.1, NP_001229292.1, NP_950174.1, XP_006508314.1, NP_001229293.1
OG0005858	XP_006089704.1	XP_006508115.1, NP_001035790.1
OG0005859	XP_006093101.1	NP_598612.1, NP_001036117.1, XP_030102424.1
OG0005860	XP_006091648.1	NP_001277715.1, NP_766567.1
OG0005861	XP_006083595.1	NP_780325.1
OG0005862	XP_006083709.1	XP_006519609.1, NP_081857.1, NP_001391566.1
OG0005863	XP_023604136.1	NP_080490.3
OG0005864	XP_006083576.1	NP_780578.1
OG0005866	XP_006086951.1	NP_291085.1, NP_057932.2
OG0005867	XP_023619971.1	NP_663440.1, XP_017171477.1
OG0005868	XP_006101516.1	NP_082927.1, XP_006519573.1, NP_001347528.1, NP_001347527.1
OG0005869	XP_023608241.1	NP_056619.1
OG0005870	XP_023599265.1	XP_006508824.1
OG0005871	XP_014322910.1	XP_036009778.1, NP_758486.1
OG0005872	XP_014312640.1	NP_038693.1
OG0005873	XP_014321511.2	NP_080455.1
OG0005874	XP_014320709.1	NP_001034454.1
OG0005874	XP_006109451.1	NP_032640.1
OG0005875	XP_023619183.1	XP_036010724.1, NP_848791.3
OG0005876	XP_006102369.1	NP_001271437.1, NP_001397165.1
OG0005877	XP_006102368.1	NP_001369764.1, XP_006512311.1, NP_001344275.2, NP_081191.1
OG0005878	XP_014323122.1, XP_006109527.1	XP_006512442.1, NP_083371.2
OG0005879	XP_006087669.1	NP_035373.1, NP_001276691.1, NP_001276689.1, NP_001276690.1
OG0005880	XP_014306061.1	NP_001271275.1, XP_030101284.1
OG0005881	XP_014306463.1, XP_023605339.1, XP_006083798.1	NP_035008.2
OG0005882	XP_023605348.1	XP_006511307.3, NP_001070892.1
OG0005883	XP_014311259.2	XP_011241021.1
OG0005884	XP_006096379.1	NP_775574.1
OG0005885	XP_006090389.1	NP_001258964.1
OG0005886	XP_006109756.1, XP_014305399.1	NP_473409.1
OG0005887	XP_023608677.1	NP_001365395.1
OG0005888	XP_006097585.1	NP_080701.1
OG0005889	XP_014310607.1	XP_011238131.1, NP_001153112.1, NP_780434.1, NP_001153113.1
OG0005890	XP_014317857.1, XP_006108764.2	XP_006499570.1, NP_932146.2
OG0005891	XP_023616088.1	XP_036015809.1, NP_035556.3
OG0005892	XP_014317821.1	XP_006499667.1, NP_001074631.1
OG0005893	XP_006107558.1	NP_899085.3
OG0005894	XP_006107280.1	NP_938085.1, NP_001278003.1
OG0005895	XP_006089484.1	NP_001291457.1, NP_057870.3
OG0005896	XP_006089596.1	XP_006499126.1
OG0005897	XP_023606659.1	NP_001278083.1, XP_006499721.1, NP_038759.1, NP_001278081.1
OG0005898	XP_014313621.1	NP_001359507.1
OG0005899	XP_014313610.1	XP_006500130.1, NP_080272.1, NP_001278084.1
OG0005900	XP_006091499.1	NP_001405664.1, NP_082237.1, XP_006500256.1, NP_001405663.1
OG0005901	XP_006098032.1	XP_006499044.1, NP_035331.3
OG0005902	XP_023617513.1	NP_001341907.1
OG0005903	XP_006098061.1	XP_006500549.1, NP_780512.2
OG0005904	XP_023615212.1	NP_067369.2
OG0005905	XP_023600740.1	NP_079807.1
OG0005906	XP_006104310.1	XP_017173482.1, NP_653083.2
OG0005907	XP_023616074.1	NP_001157001.1, XP_006498639.2, NP_291093.2
OG0005908	XP_023604613.1	NP_062522.1, XP_006509236.1
OG0005909	XP_023607065.1	NP_083740.1
OG0005910	XP_006110162.1	NP_619593.2
OG0005911	XP_014313432.1	NP_067455.5
OG0005912	XP_006081979.1	NP_001240641.1
OG0005913	XP_006081993.1	NP_067433.1
OG0005914	XP_023611870.1	XP_017171415.1
OG0005915	XP_006100788.1	XP_006519501.1, NP_001157554.1, NP_080221.3
OG0005916	XP_023617634.1	XP_006496548.1
OG0005917	XP_014322555.1, XP_006083061.1	NP_001153412.1, NP_765999.3, XP_006529940.1
OG0005920	XP_023618973.1	XP_036021341.1
OG0005921	XP_023604657.1	XP_017176501.1, NP_063928.2
OG0005922	XP_023618453.1	XP_011246524.1
OG0005923	XP_006106080.1	NP_001405187.1, NP_665852.1, XP_030110373.1, NP_001405185.1
OG0005924	XP_023604416.1	NP_663540.1, XP_006530361.1
OG0005925	XP_014319446.1	NP_001411684.1
OG0005926	XP_006098377.1	NP_035807.2, NP_001035781.1, XP_006530347.1
OG0005927	XP_023617832.1	XP_011246495.1
OG0005928	XP_023617826.1	XP_017176417.1, NP_796266.2
OG0005929	XP_023618716.1	NP_598794.2
OG0005930	XP_006099342.1	NP_001349808.1, XP_036017630.1
OG0005931	XP_014320300.1	NP_083734.1, NP_001404894.1, XP_011242079.1
OG0005932	XP_014302621.1	XP_006514934.1, XP_006524320.1, NP_001347132.1, NP_808387.2
OG0005933	XP_006105603.1	XP_017169738.1, NP_031905.1
OG0005934	XP_014303171.1	XP_006514957.1
OG0005935	XP_014306138.2	XP_006514350.1, NP_001346201.1, NP_001346199.1, NP_001346200.1
OG0005936	XP_006108472.1	NP_080371.1
OG0005937	XP_014305762.1, XP_023618956.1	NP_058678.1, XP_017172433.1, NP_058679.1
OG0005938	XP_006099593.1	NP_001365953.1
OG0005939	XP_006099565.1	NP_849253.2
OG0005940	XP_023615714.1	NP_997093.2, XP_011239406.1
OG0005941	XP_006084211.1	XP_006506337.2, NP_001034758.1, NP_001289707.1, NP_848902.4, NP_001289708.1
OG0005942	XP_023605750.1	NP_001342149.1
OG0005943	XP_006084245.1	XP_036021745.1, NP_660112.1
OG0005944	XP_006084266.1	NP_033909.1
OG0005947	XP_014307156.1	NP_064369.1
OG0005948	XP_014307185.1, XP_006084309.1	NP_001342615.1, NP_080054.1
OG0005949	XP_023605817.1	XP_006505565.1, NP_001275556.1, NP_001275557.1, NP_034258.1
OG0005950	XP_023612057.1	XP_036015418.1
OG0005951	XP_006091559.1	NP_033963.1
OG0005952	XP_023615491.1	XP_006520581.1
OG0005953	XP_006095800.2	NP_653130.2, NP_001343504.1, XP_006520357.1
OG0005954	XP_006095862.1	NP_109645.1, NP_001398913.1, XP_036015534.1
OG0005955	XP_023620580.1	NP_001316419.1, NP_031527.1, NP_001316418.1
OG0005956	XP_023607005.1	NP_083006.1
OG0005957	XP_023617068.1	NP_036090.2
OG0005958	XP_014312457.1	NP_001156943.1
OG0005959	XP_006090057.1	NP_766427.1, XP_017173689.1
OG0005960	XP_023610607.1	NP_082305.1
OG0005961	XP_023604222.1, XP_023604226.1	XP_011240190.1, NP_080931.1
OG0005962	XP_023618430.1	NP_067277.2
OG0005963	XP_023609099.1	NP_001002238.1, NP_001002241.1, NP_113564.2, NP_001002240.1, XP_006527536.1
OG0005964	XP_006085349.1	XP_006538179.1, NP_064353.2
OG0005965	XP_023607676.1	XP_006495610.1, NP_001011873.1
OG0005966	XP_023607672.1	NP_444421.3
OG0005967	XP_006105953.1	NP_001091701.1, NP_001277320.1, NP_001091700.1, NP_001028625.1, NP_001277316.1
OG0005968	XP_023608607.1	NP_991352.2
OG0005969	XP_023608658.1	NP_034360.2
OG0005970	XP_023608618.1	XP_006500238.1
OG0005971	XP_006093079.1	NP_001038988.1, XP_006499328.1
OG0005972	XP_023613376.1	NP_001171270.1, NP_031627.2
OG0005973	XP_006093183.1	NP_001277920.1, NP_997615.1
OG0005974	XP_014306668.2, XP_006086091.1, XP_006108919.2	XP_006510998.1, NP_001074791.1
OG0005975	XP_014308900.1	NP_033385.2, XP_006511082.1
OG0005976	XP_023607368.1	NP_001344840.1, NP_080613.1, NP_079966.2, XP_006511412.1
OG0005977	XP_023613568.1	NP_001395541.1, XP_006511049.1
OG0005978	XP_023605575.1, XP_006087931.1	NP_001397105.1
OG0005979	XP_023605164.1	XP_006511522.1
OG0005980	XP_023607360.1	NP_780694.3
OG0005981	XP_023615948.1	NP_038946.2, XP_006523118.1
OG0005982	XP_014303817.2	NP_001104491.1
OG0005983	XP_014322436.1	NP_062410.1
OG0005984	XP_006104001.1, XP_014305150.1	XP_006522949.1, NP_112451.1
OG0005985	XP_014301742.1	XP_036016291.1
OG0005986	XP_006109649.3	NP_536699.2
OG0005987	XP_006109127.2	NP_033941.3
OG0005988	XP_014322193.1	NP_080055.3, XP_036019122.1
OG0005989	XP_006096656.1	NP_001156927.1
OG0005990	XP_014321210.2	XP_030108199.1, NP_001357791.1
OG0005991	XP_006084657.1	NP_001345943.1, XP_036020670.1, NP_034227.3, NP_001345945.1
OG0005992	XP_023606104.1	XP_006535252.1, NP_001156507.1, NP_080697.2
OG0005993	XP_014307462.2	NP_542439.1
OG0005994	XP_014317632.2	NP_001346340.1
OG0005995	XP_014316143.1	NP_067471.1, NP_067472.1, XP_006522497.1, NP_067470.1
OG0005996	XP_014308664.1	NP_080678.1
OG0005997	XP_023614475.1	NP_001403844.1
OG0005998	XP_006096906.1	NP_001348211.1, XP_030104997.1
OG0005999	XP_023611573.1	NP_001108084.1, NP_001108083.1, NP_001108085.1, NP_766028.2, XP_006521947.1
OG0006000	XP_023613069.1	NP_076076.2, XP_006522633.1
OG0006001	XP_006081509.1	XP_006517472.1, NP_878259.1
OG0006002	XP_006084963.2	XP_017174903.1, NP_001182003.1
OG0006003	XP_023604934.1, XP_006109531.2, XP_006084933.2	NP_076133.3
OG0006004	XP_023606330.1	XP_006522644.1, NP_780374.1
OG0006005	XP_006085777.1	XP_011242630.1
OG0006006	XP_006099398.1	NP_001103801.1, NP_035998.2, XP_006516736.1
OG0006007	XP_006091829.1	NP_076043.2
OG0006008	XP_006101470.1	XP_006516976.1
OG0006009	XP_023620652.1	XP_036013726.1, NP_080176.2
OG0006011	XP_006083094.1	NP_035486.1
OG0006012	XP_006091320.2	NP_001139292.1, NP_034404.3
OG0006013	XP_006083277.1	NP_035659.1
OG0006014	XP_023600843.1	NP_083556.2, XP_006500392.1
OG0006015	XP_006083153.1	NP_001103679.1, NP_081409.1, XP_006500208.1
OG0006016	XP_006083137.1, XP_006083139.1, XP_014323210.1, XP_014323187.1, XP_006083135.1, XP_014323171.1	NP_035032.1
OG0006017	XP_023617541.1	NP_032807.3
OG0006018	XP_006082418.1	NP_001295195.1, NP_035617.1
OG0006019	XP_006082426.1	NP_598571.2
OG0006020	XP_006082448.1	NP_080100.1, XP_017177555.1
OG0006021	XP_006082474.1	NP_001153420.2
OG0006022	XP_023615039.1	NP_081683.3, NP_001344225.1, NP_001303623.1, XP_036009489.1, NP_001303624.1
OG0006023	XP_023616256.1	NP_001074519.2, XP_006496361.1
OG0006024	XP_023616355.1	XP_006496414.1
OG0006026	XP_023619071.1	NP_001297588.1, NP_032368.2
OG0006027	XP_006082575.1	NP_081430.3
OG0006028	XP_023617029.1	XP_006495846.1
OG0006029	XP_014318262.1	NP_001014974.1, XP_006496287.1
OG0006030	XP_023617089.1	NP_714966.1, XP_006496051.1
OG0006031	XP_023617464.1	NP_031962.2, XP_006496470.1
OG0006032	XP_014317947.1	NP_001263338.1, NP_001263337.1, XP_006495760.1, NP_034363.1
OG0006033	XP_014301150.1	NP_001025155.2, XP_006496994.1
OG0006034	XP_023614799.1	NP_001289730.1
OG0006035	XP_014316418.1, XP_023614754.1, XP_023614753.1	NP_780591.1
OG0006036	XP_023600280.1	XP_006529676.1, NP_694811.1
OG0006037	XP_014302450.1	NP_780670.2
OG0006038	XP_006103333.1	NP_001032247.1, NP_001399675.1
OG0006039	XP_014301146.1	NP_038947.2
OG0006040	XP_006096968.1	NP_001343442.1, NP_075528.3, NP_001343443.1
OG0006041	XP_006103773.1	XP_006497126.1, NP_001343392.1
OG0006042	XP_006090630.1	NP_035013.1
OG0006044	XP_006088655.1	NP_906272.1, XP_006528897.1, NP_001344029.1, NP_001344028.1
OG0006045	XP_014311212.1	NP_081303.1
OG0006046	XP_006088647.1	NP_001300666.1
OG0006047	XP_006088643.1	NP_001397559.1, NP_001397560.1, NP_001295418.1, NP_001397561.1, NP_034346.1
OG0006048	XP_014311173.1	NP_001361133.1
OG0006049	XP_006085711.1	NP_001153875.1
OG0006050	XP_006090637.1	NP_783600.1, XP_017174011.1
OG0006051	XP_023616713.1	NP_001104250.1, NP_038708.3
OG0006052	XP_014318467.2	NP_001104546.1, NP_001013405.2, XP_036017871.1
OG0006053	XP_023616715.1	NP_766067.2
OG0006054	XP_006097226.1	NP_001159909.1
OG0006055	XP_014318491.1	NP_001277465.1
OG0006056	XP_006097266.1	XP_011245744.1
OG0006057	XP_023615772.1	NP_001158050.1
OG0006058	XP_006084757.1	XP_006528619.1, NP_001098715.1
OG0006059	XP_006084753.1	NP_081114.2, NP_001077364.2
OG0006060	XP_006082204.1	NP_001277380.2, NP_058582.4, XP_017174034.1, NP_001345290.2, NP_001268858.2
OG0006061	XP_023613861.1	NP_796189.2, XP_011249310.1
OG0006062	XP_006109979.1	XP_011249304.1, NP_808259.2
OG0006063	XP_006082118.1	NP_666346.1
OG0006064	XP_023608791.1	XP_006528144.1
OG0006065	XP_014310334.1	NP_062341.2, NP_032088.1
OG0006066	XP_006096235.1	NP_035822.2
OG0006067	XP_006082862.1	XP_030107383.1
OG0006068	XP_023606234.1	NP_001009575.2
OG0006069	XP_006101963.1	NP_001369380.1
OG0006070	XP_006087491.1	NP_001347046.1, NP_084374.2
OG0006071	XP_014307352.1	NP_001346488.1, NP_082716.1, NP_001346489.1
OG0006072	XP_006088806.1	NP_001276670.1, XP_011239749.1, NP_001276669.1
OG0006073	XP_023611037.1, XP_023611038.1	NP_082760.2
OG0006074	XP_006097126.1	XP_011240406.1, NP_061213.2
OG0006075	XP_006108226.1	XP_006533922.1, NP_067415.2
OG0006077	XP_014316355.1, NP_001273947.1	XP_006495693.1, NP_033806.2
OG0006078	XP_006093988.1	NP_631887.2, NP_085104.1, NP_034029.2, XP_017175300.1, XP_006501028.1
OG0006080	XP_014319725.1	XP_011248885.1, NP_036111.2
OG0006089	XP_006106599.2	NP_031979.2
OG0006090	XP_023615114.1	XP_006537649.1, NP_034019.1
OG0006091	XP_006101473.1	XP_011242698.1, NP_058065.2
OG0006092	XP_023608675.1	XP_006511995.1, NP_034046.2
OG0006093	XP_006107701.1	NP_035564.1
OG0006094	XP_014302418.1	XP_017169805.1
OG0006095	XP_006102292.2	NP_064368.3, NP_001155187.1, XP_006518871.1, NP_001155186.1
OG0006096	XP_014302574.1	XP_011238312.1, NP_034243.2
OG0006097	XP_006108626.1	NP_075029.1
OG0006098	XP_006082485.1	XP_036012250.1, NP_033973.2
OG0006099	XP_023603031.1, XP_014303162.1, XP_023603026.1	NP_033231.2
OG0006100	XP_014311657.1	NP_033850.1
OG0006101	XP_023602916.1	NP_001273299.1
OG0006102	XP_023605599.1	NP_620817.2, NP_035863.1
OG0006103	XP_006101089.1	NP_038597.2
OG0006104	XP_023608782.1	XP_006527819.1, NP_062277.1
OG0006105	XP_023613229.1	NP_033299.1
OG0006106	XP_006109464.2, XP_006100917.1	NP_034892.1
OG0006107	XP_006092536.1	NP_033458.2, XP_006501367.1, NP_001159411.1, NP_001159412.1
OG0006108	XP_006088220.1	NP_061362.1
OG0006109	XP_006082094.1	NP_001292726.1, NP_032005.1
OG0006110	XP_023605020.1	NP_001397114.1, NP_032164.2
OG0006111	XP_023618077.1	NP_001186042.1
OG0006113	XP_006098794.1	NP_001157518.1, NP_035466.1, XP_036019409.1, NP_001041644.1
OG0006114	XP_014316902.1	XP_006517790.1, NP_064675.1
OG0006115	XP_023599119.1	XP_011240345.3, NP_033164.1
OG0006116	XP_023610578.1	XP_006497291.1
OG0006117	XP_023620247.1	NP_038658.2, XP_036016298.1
OG0006118	XP_006090606.1	NP_032875.1, NP_001349397.2
OG0006119	XP_006103854.1	NP_062784.3
OG0006120	XP_023607487.1	NP_001129533.1
OG0006121	XP_023605940.1	XP_006512769.1, NP_035812.3
OG0006122	XP_023605545.1	NP_038626.1, XP_006513377.1
OG0006123	XP_014314296.1	XP_030101355.1, NP_033894.3
OG0006125	XP_006097510.1	XP_006526342.1, NP_001074649.1
OG0006126	XP_023603991.1	NP_035452.1, NP_001389263.1
OG0006127	XP_023601704.1	NP_056548.2, NP_001264861.1
OG0006128	XP_014316767.1	NP_031828.2
OG0006129	XP_006087626.1	NP_033882.1
OG0006130	XP_006090156.1	NP_444307.1
OG0006131	XP_006101942.1	NP_899138.1
OG0006132	XP_006086946.1	NP_034302.2
OG0006133	XP_006096626.1	NP_083871.3, NP_061346.2
OG0006134	XP_006090312.1	NP_067483.1
OG0006135	XP_014304488.2	NP_001347459.1, NP_001411717.1, XP_017172749.1, NP_034516.3
OG0006136	XP_023616417.1	XP_030110320.1, NP_705829.1
OG0006137	XP_023617838.1	XP_006534823.2, NP_031799.1
OG0006138	XP_006093569.1, XP_006108855.1	NP_038589.2, XP_011240700.1
OG0006139	XP_014318620.1	NP_057931.3, XP_017168383.1
OG0006140	XP_006099452.1	NP_001242971.1
OG0006142	XP_023607651.1, XP_023607653.1, XP_006086301.1, XP_023607652.1, XP_023607654.1	NP_035615.2
OG0006143	XP_023612056.1	XP_036015267.1
OG0006144	XP_014311428.2	XP_017175002.1, NP_796304.1
OG0006145	XP_006089017.1	NP_082609.2
OG0006146	XP_006091431.1	XP_030104427.1, NP_032932.2, NP_001033581.1
OG0006147	XP_023607858.1	NP_035527.3, XP_017173340.2
OG0006148	XP_006101126.1	NP_032070.1
OG0006149	XP_023602917.1	NP_033181.3, NP_001036078.1, NP_001036079.1
OG0006150	XP_006096482.1	NP_001193314.1
OG0006151	XP_023599684.1	NP_848859.1
OG0006152	XP_006088898.1	NP_033451.1
OG0006153	XP_014319257.1	NP_034640.1
OG0006154	XP_023609423.1	NP_001263374.1, NP_109607.1, XP_006503914.1
OG0006155	XP_006105542.1	NP_033230.2
OG0006156	XP_023609437.1	NP_001123985.1, NP_081562.2
OG0006157	XP_006108979.1, XP_006108785.1	NP_777355.1, XP_006541018.1
OG0006158	XP_014321046.1	XP_030101430.1, NP_032136.2
OG0006159	XP_023614668.1	XP_006540885.4
OG0006161	XP_006090397.1, XP_023610942.1	NP_032798.1, NP_001268945.1
OG0006162	XP_014312598.1	XP_017171408.1, NP_032899.1
OG0006163	XP_014313687.1	XP_006520366.3
OG0006164	XP_023618809.1	NP_001356142.1, NP_001356140.1
OG0006165	XP_023605756.1, XP_014309162.1	NP_033441.3
OG0006168	XP_023600720.1	XP_017177186.1, NP_058624.3
OG0006169	XP_006092079.1	NP_997597.1
OG0006170	XP_023601806.1	NP_081539.1
OG0006171	XP_014311409.1	NP_001116422.1, NP_001406334.1, NP_001406333.1, NP_032289.2
OG0006172	XP_006087341.1	NP_001003947.1
OG0006173	XP_006095791.1	NP_081320.2
OG0006174	XP_006082553.1	NP_076012.3
OG0006175	XP_006081210.1	XP_006526218.1, NP_079803.2
OG0006176	XP_014312304.1, XP_006091383.1	NP_001404570.1
OG0006178	XP_023617296.1	NP_001396470.1, XP_036018756.1
OG0006179	XP_014305746.2	NP_033227.2, XP_006539758.1
OG0006181	XP_006093189.1	NP_033865.2
OG0006182	XP_023620398.1	NP_001361633.1
OG0006183	XP_006099713.1	NP_080731.1
OG0006184	XP_006083969.1	NP_031643.1
OG0006185	XP_023607359.1	NP_001398717.1, XP_006510880.1
OG0006187	XP_006082629.1	NP_001344078.1, NP_033234.2, XP_006496513.1, NP_001344079.1
OG0006188	XP_006090388.1	NP_001028472.2, XP_011238380.1
OG0006190	XP_006101358.1	NP_666987.1
OG0006191	XP_023601598.1	XP_006523794.1, NP_034865.1
OG0006192	XP_014301166.1, XP_023600373.1	NP_082169.2, NP_001116152.1
OG0006193	XP_006095194.1	NP_080953.1
OG0006198	XP_014313958.1	NP_666793.2, XP_017173947.1
OG0006199	XP_023608616.1	NP_001011802.1, NP_666659.1
OG0006203	XP_006090860.2	XP_006526515.1, XP_036016907.1
OG0006204	XP_023608431.1	NP_001303672.1, XP_006529663.1
OG0006205	XP_006087232.1	NP_082247.1, NP_001186142.1
OG0006206	XP_014305955.2	XP_006526084.1
OG0006208	XP_023606582.1	NP_032566.2
OG0006209	XP_014307394.1	NP_898939.2, NP_001395141.1
OG0006210	XP_006084955.1	NP_079592.2, XP_006535577.1
OG0006211	XP_023600646.1	NP_001164256.1, NP_758512.3, NP_001164257.1
OG0006213	XP_023603655.1, XP_023599416.1, XP_006109130.3	XP_036011805.1
OG0006214	XP_006093928.1, XP_023613983.1	NP_080271.2, XP_036011852.1
OG0006216	XP_023613947.1, XP_023613946.1, XP_006093945.1	NP_473381.1, XP_006523311.1
OG0006217	XP_006107040.1, XP_006093946.1	NP_033368.1, NP_001160101.1, NP_001160099.1
OG0006218	XP_006103820.1	NP_001397206.1, NP_694791.2, NP_033364.2
OG0006219	XP_023620559.1	XP_017172949.1
OG0006221	XP_006089266.1	NP_084526.1
OG0006222	XP_023609957.1	NP_032889.3
OG0006223	XP_023620802.1	NP_001013626.2
OG0006224	XP_023620666.1	NP_001276855.1, NP_001276853.1
OG0006225	XP_023599315.1	NP_081583.3, NP_001030294.1
OG0006226	XP_023608157.1, XP_006086881.1	NP_062310.1
OG0006227	XP_006094193.1	NP_001074788.1, XP_036017456.1
OG0006229	XP_023603062.1	NP_001277240.1, XP_011242717.1, NP_001277242.1, NP_083637.2
OG0006230	XP_014316922.1	NP_038638.1
OG0006231	XP_023599395.1	NP_951011.1, NP_001263328.1
OG0006232	XP_006102263.1	NP_001347637.1, NP_036180.1
OG0006233	XP_006102264.1	NP_032786.1
OG0006234	XP_023599390.1	NP_079771.1, XP_036014000.1
OG0006236	XP_023605158.1, XP_006109568.3	XP_011248936.1, NP_997153.2
OG0006238	XP_023604018.1	NP_001366201.1, NP_001272427.1, NP_035695.1, NP_001272429.1, NP_001366202.1
OG0006239	XP_006109539.1	XP_036009293.1
OG0006240	XP_023605015.1	XP_036008580.1, NP_032198.2
OG0006241	XP_023604988.1, XP_023604972.1	NP_666075.1, XP_036008765.1
OG0006242	XP_014305995.2	NP_796286.2
OG0006243	XP_006108892.1	NP_001186239.2, NP_034845.3, NP_001076657.2
OG0006244	XP_006106967.1	NP_001092747.1
OG0006245	XP_006105349.1	NP_001156422.1
OG0006246	XP_006108713.3, XP_014306121.1	NP_001357729.1
OG0006247	XP_023602725.1	NP_057889.3, XP_006540254.1
OG0006248	XP_023599358.1	NP_694774.3
OG0006249	XP_006102228.2	NP_001032220.1, XP_006540337.1
OG0006250	XP_023616296.1	XP_006540161.3, NP_001345845.1, NP_796132.2
OG0006251	XP_006096738.1	NP_058052.1
OG0006253	XP_023618132.1	NP_001333013.1, XP_011248741.1
OG0006254	XP_006096048.1	NP_848758.1
OG0006255	XP_023601630.1	NP_758502.1, XP_006540028.2
OG0006256	XP_006109918.1	NP_082593.2
OG0006258	XP_023607948.1	XP_006525866.1
OG0006259	XP_023602146.1	XP_011245327.1
OG0006260	XP_023618302.1	XP_036015249.1, NP_001277298.1, NP_001277297.1
OG0006261	XP_006098910.1	NP_073561.2
OG0006262	XP_006098272.1	NP_598598.1
OG0006263	XP_023609363.1	NP_032885.1
OG0006264	XP_023607932.1	NP_001344441.1
OG0006265	XP_006086551.2	NP_001157878.1, NP_079567.2
OG0006266	XP_023607831.1	XP_011245301.1, NP_542367.1
OG0006267	XP_014309403.1	NP_075372.1, NP_001342678.1
OG0006268	XP_006086475.1	XP_036017177.1
OG0006269	XP_006086468.1	NP_075800.1
OG0006270	XP_023602368.1	NP_647460.2, XP_006517683.1
OG0006272	XP_023607129.1	XP_011243001.1, NP_083723.1
OG0006273	XP_023606839.1	XP_017171119.2
OG0006274	XP_014307293.1	XP_011242954.1, NP_766179.2
OG0006275	XP_006081400.1	NP_001360894.1
OG0006276	XP_014307239.1	NP_001258317.1, NP_001258318.1, NP_075961.1
OG0006277	XP_023606492.1	NP_001093928.1, NP_001139517.1, XP_006517749.1
OG0006278	XP_006105252.1	NP_766624.3, XP_006531261.1
OG0006279	XP_006105251.1	NP_001028705.2, XP_011246656.1
OG0006280	XP_006106795.2	NP_035917.2
OG0006281	XP_006105494.1, XP_014306073.2, XP_006109014.3	NP_001351341.1
OG0006283	XP_006094307.1	NP_001355187.1, NP_084024.1
OG0006284	XP_006097325.1, XP_006087000.2	NP_031538.2, NP_001407693.1, NP_001407692.1, NP_001407694.1
OG0006285	XP_023614090.1	NP_032331.2, XP_030109089.1
OG0006286	XP_006081281.1, XP_006094048.1	XP_062727615.1, NP_001277739.1
OG0006287	XP_014306227.1	XP_006538756.1, NP_780647.3
OG0006288	XP_014304969.2	NP_941012.1
OG0006289	XP_023600733.1	NP_001003893.1, XP_011248504.1
OG0006290	XP_006103774.1	NP_663531.1
OG0006291	XP_006101482.1	XP_006534446.1, NP_083325.1
OG0006292	XP_006104794.1, XP_006108107.1	NP_001278209.1
OG0006293	XP_023605945.1	NP_033923.2, XP_006525606.1
OG0006294	XP_006081235.1	XP_036016572.1, NP_056609.1
OG0006295	XP_023605969.1	NP_001391846.1
OG0006296	XP_006081341.1	XP_036013945.1, NP_687036.1, NP_001271118.1
OG0006297	XP_006108208.3	NP_034548.2, XP_006540700.1, NP_001347009.1
OG0006298	XP_014302836.1, XP_014305338.1	XP_006513915.1
OG0006299	XP_014304152.1	NP_034643.2, XP_006540704.1
OG0006300	XP_023603224.1	XP_006540976.1
OG0006301	XP_023603223.1, XP_006106745.1	NP_113552.3
OG0006302	XP_014305519.2, XP_006109369.1	NP_598713.2, XP_011249076.1
OG0006304	XP_023604450.1, XP_023604787.1	XP_006540662.1, NP_766491.2
OG0006305	XP_006108888.1, XP_014303331.1	NP_776288.2, XP_006541258.1
OG0006307	XP_006103461.1, XP_023605104.1, XP_023602690.1	NP_032829.1, XP_036008663.1
OG0006308	XP_023603623.1	NP_031588.2, XP_011249083.1
OG0006309	XP_014305965.1	NP_001153144.1, NP_780526.2, XP_006507223.1
OG0006310	XP_006107861.1, XP_014305304.1	NP_031561.2, NP_033872.1, NP_031560.2, NP_031562.1
OG0006311	XP_006105417.1	NP_001074701.3, XP_011239044.1
OG0006312	XP_006105413.1	NP_001106833.1, XP_006503703.1, NP_598671.3
OG0006313	XP_006104142.1	NP_666271.1
OG0006315	XP_023604716.1	XP_006504097.1, NP_062668.1
OG0006316	XP_023604303.1	NP_083438.1
OG0006317	XP_006106128.1	NP_081235.2
OG0006318	XP_023609421.1	NP_080943.3
OG0006319	XP_014318919.1	NP_001116230.1, XP_006504082.1
OG0006320	XP_023603840.1	NP_001349816.1, XP_006535394.1
OG0006322	XP_006109416.2, XP_014303523.1	NP_082902.1
OG0006324	XP_006094326.1	NP_076092.1, XP_036020322.1
OG0006325	XP_006108868.3, XP_023601664.1	NP_062425.1, XP_036010083.1
OG0006326	XP_006103296.2	XP_006516724.1, NP_001074597.1
OG0006328	XP_023602827.1, XP_014306712.2, XP_023601523.1	NP_780770.2, XP_011246697.1
OG0006329	XP_006089765.1	NP_001074816.1
OG0006330	XP_023603590.1, XP_006089811.3	NP_796346.2, XP_036011717.1
OG0006331	XP_006105393.1	NP_062426.2
OG0006332	XP_014320893.1	NP_996883.1, XP_006513896.1
OG0006333	XP_006100020.1	NP_001345416.1
OG0006334	XP_006100016.1	NP_705770.1
OG0006335	XP_023619352.1	XP_036011668.1, NP_001074596.1
OG0006336	XP_023619351.1	NP_001017433.1
OG0006337	XP_006090315.1	XP_006518770.1
OG0006338	XP_006090299.1	XP_006518985.1
OG0006339	XP_006101044.1, XP_006109326.2	NP_598414.1, XP_006518513.1
OG0006340	XP_006100182.1	NP_035560.1
OG0006341	XP_006100175.1	NP_899101.1, XP_030103850.1
OG0006342	XP_014310117.1	XP_006517240.1, NP_035522.2
OG0006343	XP_014310074.1	NP_057871.2
OG0006344	XP_023609540.1	XP_006517162.3, NP_032037.2
OG0006345	XP_006097745.1	NP_848720.1, XP_011240886.1, NP_001095067.1
OG0006346	XP_006081651.1	NP_080209.1
OG0006347	XP_014318867.1	NP_001020090.1
OG0006348	XP_023607520.1	NP_035181.1
OG0006349	XP_023609839.1	XP_036012851.1, NP_081255.2
OG0006350	XP_023611112.1, XP_023609894.1	NP_080052.1
OG0006351	XP_014311687.1	NP_579941.2
OG0006352	XP_006097491.1	XP_006526169.1, NP_062381.1
OG0006353	XP_006097503.1	XP_036016816.1
OG0006354	XP_023610821.1	XP_030104374.1, NP_001159538.1
OG0006355	XP_023610787.1	XP_006520036.1, NP_035149.2
OG0006356	XP_006098338.3, XP_006084306.1	NP_079900.1
OG0006357	XP_006090171.1	NP_083617.2
OG0006358	XP_006090170.1	NP_032398.3, XP_036015061.1
OG0006359	XP_006090162.3	NP_035362.2, NP_001398639.1, NP_001276376.1
OG0006360	XP_014312508.1	NP_001191063.1
OG0006361	XP_023608482.1	NP_033995.1, XP_006520163.1, NP_001303687.1
OG0006362	XP_006081553.1	NP_081671.1
OG0006363	XP_006106852.2	NP_780710.2, XP_036015283.1
OG0006364	XP_006099839.1	XP_006519686.1, NP_653118.3, NP_001346999.1
OG0006365	XP_023601387.1	NP_620401.1
OG0006366	XP_014305348.1, XP_014319362.1	XP_006510272.1
OG0006367	XP_023604403.1	XP_006510171.1, NP_033204.2
OG0006368	XP_006110179.2	NP_082316.1
OG0006369	XP_014322648.1	NP_001396502.1, NP_031417.2
OG0006371	XP_023602021.1	NP_001344288.1, NP_001074590.1, XP_006510663.1, NP_001344289.1
OG0006372	XP_023600484.1	NP_780690.2, XP_006510004.1
OG0006373	XP_023601393.1	XP_006510029.1, NP_031674.1
OG0006374	XP_023600065.1	NP_001074739.2
OG0006375	XP_023613693.1	NP_766358.1, XP_011240812.1
OG0006376	XP_014315352.1	NP_835219.1
OG0006377	XP_023603244.1	XP_006510392.1, NP_001028706.1
OG0006378	XP_006099373.1, XP_006099374.1, XP_023618748.1, XP_014320330.1	NP_001156393.1
OG0006379	XP_014319896.1	NP_081821.1, XP_006509928.1
OG0006380	XP_006100734.1	XP_006534304.1
OG0006382	XP_006102835.1	NP_079673.2
OG0006383	XP_006105157.1, XP_006109510.1	XP_030101354.1, NP_031554.1
OG0006385	XP_014303126.1	NP_722483.2, XP_017169946.1
OG0006387	XP_023604307.1, XP_014306446.2, XP_023599720.1	XP_006534552.1, NP_780469.1
OG0006388	XP_023601107.1	XP_006534328.1, NP_082239.2
OG0006389	XP_006097431.1	NP_081936.1
OG0006390	XP_023620620.1	XP_006533571.1, NP_038909.3
OG0006391	XP_006107240.1	XP_006534182.1, NP_848733.2
OG0006392	XP_006106989.2	NP_663403.1
OG0006393	XP_006089832.1	XP_006503218.1, NP_001074733.1
OG0006395	XP_023615728.1	NP_084290.1, XP_030109780.1
OG0006396	XP_006096162.1	NP_001303596.1, NP_666260.1, NP_001277574.1
OG0006397	XP_023608595.1	XP_036020151.1, NP_063925.1
OG0006400	XP_006108374.1	XP_036020206.1, NP_079846.1
OG0006402	XP_023604735.1	NP_067474.2
OG0006405	XP_006107272.1	NP_001139529.2
OG0006406	XP_006106525.3	XP_006539122.1
OG0006407	XP_023616884.1	XP_006531137.1, NP_038942.1
OG0006408	XP_014318607.1	NP_001349812.1, XP_006531621.1
OG0006409	XP_023608317.1	NP_083962.4, XP_036010263.1
OG0006410	XP_006091286.1	NP_938050.1, XP_006531147.1
OG0006411	XP_006091234.1	NP_001316894.1, NP_059066.1
OG0006412	XP_023611861.1	XP_006531276.1, NP_064322.1
OG0006413	XP_006091212.1	NP_035704.2, NP_001345911.1
OG0006414	XP_023618906.1	NP_001258735.1, NP_031453.1
OG0006415	XP_014320410.1	NP_766348.3, XP_030099358.1
OG0006416	XP_006099442.2	XP_006530692.1, NP_031689.1
OG0006417	XP_006099433.1	XP_006531296.1, NP_066356.3
OG0006418	XP_023618912.1	NP_001135394.1, XP_006531327.1, NP_001135397.1, NP_001135396.1
OG0006419	XP_023616090.1	NP_031693.2, XP_006530694.1, NP_001272842.1
OG0006420	XP_023608596.1	NP_001074741.1, XP_006503304.1
OG0006421	XP_006087093.1	XP_011246670.1, NP_001009950.1
OG0006422	XP_006090444.1	NP_083346.1
OG0006423	XP_023609207.1	XP_006504404.1, NP_598529.1
OG0006424	XP_006088285.1	XP_006504465.1, NP_660253.2
OG0006425	XP_023609221.1, XP_023609222.1, XP_023609180.1	NP_001350409.1
OG0006426	XP_006088287.1	XP_006504600.1, NP_291050.1
OG0006427	XP_023609186.1	XP_006504540.1
OG0006428	XP_006088320.1	NP_061359.2
OG0006429	XP_006081088.1	NP_780730.2
OG0006430	XP_023609876.1	NP_084081.1, NP_076399.4
OG0006431	XP_023609932.1, XP_023613669.1	NP_001005426.2, NP_001346952.1, XP_036021136.1
OG0006432	XP_023614964.1	NP_001013795.3, XP_011239245.1
OG0006433	XP_023618379.1	NP_001278177.1
OG0006434	XP_023617206.1	NP_081686.1
OG0006435	XP_023617182.1	NP_034930.1
OG0006436	XP_006097772.1	NP_996993.1
OG0006440	XP_023600572.1	NP_001408710.1
OG0006441	XP_014301396.1	XP_006508092.1, NP_059489.2
OG0006442	XP_023602212.1	NP_033974.2, XP_036008507.1
OG0006443	XP_023607245.1	NP_036146.2, XP_011240119.1
OG0006444	XP_006108655.1, XP_023602148.1	NP_647471.1, XP_017177756.1
OG0006445	XP_014302995.1	NP_067529.2, NP_001405510.1
OG0006446	XP_023620881.1	XP_006522081.1, NP_001074623.1
OG0006447	XP_006096414.1	XP_006521727.2, NP_666043.2
OG0006449	XP_006096390.1	NP_032196.2
OG0006450	XP_014306604.1, XP_023611075.1	XP_006522201.1
OG0006451	XP_014312782.1	NP_001400201.1
OG0006452	XP_023611025.1	XP_006521814.1, NP_001020603.1
OG0006453	XP_006108742.2	XP_017172646.2
OG0006454	XP_023611041.1	NP_001155262.1
OG0006455	XP_023611068.1	NP_001008425.1, XP_030105746.1, NP_001344309.1
OG0006456	XP_006090526.1	XP_030103394.1, NP_001401309.1, NP_001357830.1
OG0006457	XP_023611087.1	NP_001344922.1
OG0006458	XP_023620218.1	XP_006524861.1, NP_079994.2
OG0006459	XP_006100949.1	XP_006525108.1, NP_083473.1
OG0006460	XP_006104994.1	XP_006524796.1
OG0006461	XP_014301540.1, XP_014301541.1	NP_776102.1
OG0006462	XP_023600679.1	NP_001381310.1
OG0006463	XP_023603704.1	NP_001127930.1, XP_006514596.1
OG0006464	XP_006092642.1	NP_032167.1, XP_006501071.1
OG0006466	XP_014301989.1	NP_740748.1, XP_011238620.1
OG0006467	XP_006093961.1	NP_776124.1, NP_001280489.1
OG0006468	XP_014309070.2	NP_035361.2
OG0006469	XP_006086157.1	NP_031408.1
OG0006470	XP_006098948.1	XP_036019026.1, NP_001034183.1, NP_796248.1
OG0006472	XP_006094955.1, XP_014306210.1, XP_014316385.1, XP_006108821.1	NP_067355.1, NP_001298020.1
OG0006473	XP_023612170.1	NP_032612.2
OG0006474	XP_023604476.1	XP_006529770.1
OG0006475	XP_014306738.1	NP_663392.2
OG0006476	XP_006109309.1	NP_035720.1
OG0006477	XP_014305697.1	NP_034844.1, NP_001020736.1
OG0006478	XP_023610550.1, XP_023610551.1, XP_006089972.1	NP_035022.2
OG0006479	XP_006089936.1	NP_001074832.2, XP_006497182.1
OG0006480	XP_006089922.1	NP_473443.2
OG0006481	XP_006089925.1, XP_023605093.1	NP_001019891.2, XP_006529820.1
OG0006482	XP_006089002.1	XP_006496887.1, NP_001078845.1
OG0006483	XP_023609715.1	NP_001020123.1
OG0006484	XP_006088983.1	NP_001153402.1
OG0006485	XP_023609692.1	XP_030099044.2
OG0006486	XP_023609694.1	XP_006496664.1
OG0006487	XP_006088964.1	NP_659126.1
OG0006488	XP_023617336.1	NP_849214.2
OG0006489	XP_006099657.1	NP_081706.1
OG0006490	XP_023605076.1, XP_023619029.1	NP_035267.2
OG0006491	XP_014304511.1	XP_030099574.1
OG0006492	XP_006106628.2	XP_006496928.1
OG0006493	XP_014306357.1, XP_014304816.2, XP_023601970.1	XP_011237158.1, NP_080447.1
OG0006494	XP_006097835.1	NP_001076787.1
OG0006495	XP_023617359.1	XP_006501617.1
OG0006496	XP_023617307.1	XP_006502072.1
OG0006497	XP_023617362.1	NP_001390950.1
OG0006498	XP_006097885.1	XP_006501411.1, NP_061274.2
OG0006499	XP_006097918.1	NP_034237.3, NP_001155897.1
OG0006500	XP_006095142.1	XP_036014872.1, NP_001033011.1, NP_058600.1
OG0006501	XP_023614979.1, XP_023615098.1	NP_001404888.1, NP_001404890.1, NP_001404889.1, NP_955454.1
OG0006503	XP_006085202.1	NP_038859.3, XP_036016925.1
OG0006504	XP_014308056.2	XP_006526274.1, NP_081055.1
OG0006505	XP_006091745.1	NP_001278738.1, NP_031908.3, XP_006525656.1
OG0006506	XP_023616937.1	XP_006525874.1, NP_659109.2, NP_001351926.1
OG0006507	XP_006082878.1	NP_077152.1, NP_080197.2
OG0006508	XP_006089365.1	XP_011245300.1, NP_081406.1
OG0006509	XP_023606595.1, XP_014307991.1	NP_001344352.1
OG0006511	XP_006106890.1	XP_011242294.1, NP_034182.2
OG0006512	XP_023619471.1	NP_001347335.1
OG0006513	XP_006100312.1	NP_001181962.1, XP_030102346.1
OG0006514	XP_023619855.1	NP_766172.1
OG0006515	XP_023619432.1	XP_006519421.1, NP_075369.2
OG0006516	XP_014320984.1	NP_542767.1
OG0006517	XP_014320950.1	NP_001034287.1, XP_011243362.3
OG0006518	XP_023599448.1	NP_064386.2
OG0006519	XP_006102351.1	XP_030103746.1, NP_081095.2
OG0006520	XP_006102291.2	NP_034024.2
OG0006521	XP_006102348.1	NP_081419.1
OG0006522	XP_014308834.1	NP_001161435.1
OG0006523	XP_006085896.1	NP_036098.1
OG0006524	XP_023611360.1	NP_038930.1
OG0006525	XP_006087873.1	NP_081393.2
OG0006526	XP_006100301.1	NP_958927.2, XP_006516117.1
OG0006527	XP_006100298.1	NP_848743.1
OG0006528	XP_006097018.1	XP_030103769.1
OG0006529	XP_023618994.1	XP_017170704.1, NP_082963.1
OG0006530	XP_006096110.1	NP_001391676.1, NP_080603.2
OG0006531	XP_006096098.1	NP_032638.2
OG0006532	XP_006109509.1, XP_023599688.1, XP_014306364.1	NP_001005510.2
OG0006533	XP_006102630.1	XP_030102369.1, NP_620084.2
OG0006534	XP_014323393.1	XP_011242355.1, NP_001156575.1
OG0006535	XP_006091035.1	NP_032584.2
OG0006536	XP_023611618.1	XP_036013196.1, NP_851418.2
OG0006537	XP_006108317.1	XP_011242527.1, NP_598559.2
OG0006539	XP_023611652.1	NP_079737.1, NP_001296776.1
OG0006540	XP_023617095.1	NP_076122.2
OG0006541	XP_014318860.1	XP_006515762.1, NP_766170.2
OG0006542	XP_006098502.1	XP_030102751.1, NP_001351118.1, NP_001351119.1, NP_835166.3
OG0006543	XP_006098479.1	NP_033394.2
OG0006544	XP_014321426.1	XP_006515569.1, NP_579942.2
OG0006545	XP_023619845.1	NP_001152974.1
OG0006546	XP_023600206.1	NP_001037845.1
OG0006547	XP_023611657.1	XP_011242535.1, NP_001361147.1
OG0006548	XP_023618387.1	NP_444323.1
OG0006549	XP_014313398.2	XP_036018534.1, NP_084050.1
OG0006550	XP_006092321.2	NP_035849.3, XP_030101791.1
OG0006551	XP_006095018.1	NP_076000.1
OG0006552	XP_006095026.1, XP_006100894.1	NP_083669.1
OG0006553	XP_006095617.1	NP_001369175.1, NP_079931.1
OG0006555	XP_006107071.1, XP_006108498.2	NP_848735.1
OG0006556	XP_006092473.1	NP_722477.1
OG0006557	XP_006101940.1	NP_034615.2, XP_006508761.1
OG0006558	XP_023602701.1	NP_033743.2, XP_006532077.1, NP_001404219.1
OG0006559	XP_006092345.1	XP_017170318.1, NP_083925.2
OG0006560	XP_023612616.1	NP_001390667.1
OG0006561	XP_014321722.1, XP_023620115.1	XP_006533216.1, NP_035753.2
OG0006562	XP_014321683.1	NP_001159966.1, NP_081337.2
OG0006563	XP_006100827.1	NP_034818.1, XP_006532404.1
OG0006564	XP_006098964.3	NP_619598.2, XP_006532591.1
OG0006565	XP_023618366.1	NP_001344736.1, NP_080430.1
OG0006566	XP_023599978.1	NP_001171361.1, NP_001171359.1, NP_001106284.1, NP_033913.2, XP_011246988.1
OG0006568	XP_006095675.1	NP_536345.2, XP_011247600.1
OG0006569	XP_014317159.1	XP_006532765.1, NP_766037.2
OG0006570	XP_006095680.1	NP_766036.2, NP_001350366.1
OG0006571	XP_014317169.1	NP_001411125.1
OG0006572	XP_006092288.1	NP_001107806.1
OG0006573	XP_023612510.1	NP_001160114.1, NP_001160115.1, NP_619622.3
OG0006574	XP_006101985.1	NP_848795.3
OG0006575	XP_014322812.1, XP_023599155.1	XP_006534053.2
OG0006576	XP_023619279.1	XP_006534261.1, NP_081748.1
OG0006577	XP_006095583.1	XP_006532328.1
OG0006578	XP_023615265.1	XP_036012684.1
OG0006579	XP_014320220.1	NP_001371020.1, NP_001371021.1, NP_082049.1, XP_017169717.1
OG0006580	XP_014306421.2	NP_666363.3, XP_036017642.1
OG0006585	XP_006104460.2	XP_006498142.1, NP_932150.2
OG0006586	XP_023604520.1	NP_598008.1, NP_001292734.1, NP_598007.1
OG0006587	XP_006104755.1	NP_081172.2, NP_001277418.1, XP_017174735.1
OG0006589	XP_023599281.1, XP_023599280.1	XP_006498095.1, NP_780420.1, NP_001277501.1
OG0006590	XP_014315420.1	NP_001106682.1, XP_011241695.1
OG0006591	XP_006093740.1	NP_079640.1
OG0006592	XP_023613803.1	NP_001359324.1
OG0006593	XP_006093668.1, XP_006093667.1	NP_932152.1
OG0006594	XP_006093751.1	NP_149063.2
OG0006595	XP_014315387.1	XP_006514397.1
OG0006596	XP_006093601.1	NP_034000.1
OG0006597	XP_006093598.1	NP_033765.2, NP_001389419.1, XP_006513161.1
OG0006598	XP_006096913.1	NP_001074525.1
OG0006599	XP_023615230.1	NP_001346574.1
OG0006600	XP_014316967.1	NP_080056.1
OG0006601	XP_014302333.1, XP_023602974.1	NP_001258530.1, NP_001108604.1, NP_001258529.1, NP_001398846.1
OG0006602	XP_023602973.1	NP_001389806.1
OG0006603	XP_023603745.1	XP_006521461.1
OG0006607	XP_006109467.2	NP_001395268.1
OG0006608	XP_014305470.1	XP_017172208.1, NP_001258401.1, NP_073560.2, NP_001258402.1
OG0006609	XP_023617996.1	XP_006520795.1, NP_001107612.1, NP_001389767.1, NP_038864.3
OG0006610	XP_023599547.1	NP_065262.1, XP_017172202.1
OG0006611	XP_023612998.1	NP_001304320.1
OG0006612	XP_006092805.1	XP_036011700.1, NP_001028547.2
OG0006613	XP_006098415.1	NP_598579.1
OG0006614	XP_023620030.1	NP_001347729.1, XP_017173211.1
OG0006615	XP_006107981.3	XP_017177250.1
OG0006617	XP_006097791.1	XP_036021327.1
OG0006618	XP_006097789.1	NP_932123.3
OG0006619	XP_006102864.3	NP_001297446.1
OG0006620	XP_006083480.2	NP_079601.1, XP_006523526.1
OG0006621	XP_023602598.1	NP_598774.2
OG0006622	XP_023599490.1	NP_033130.1
OG0006623	XP_006083351.1	NP_001303604.1, NP_032644.3
OG0006624	XP_023602020.1	XP_006514519.1, NP_277058.1
OG0006626	XP_023618027.1	NP_001037773.2, XP_006521012.1
OG0006627	XP_023601820.1	NP_038610.1, XP_006523782.1
OG0006628	XP_014303339.2	XP_006534631.1
OG0006629	XP_006081162.1	NP_001273110.1, NP_034858.2, NP_001273111.1
OG0006630	XP_006081156.1	NP_848801.2, XP_036017011.1
OG0006631	XP_006086643.1	NP_079811.1
OG0006632	XP_006086598.1	NP_001159879.1, NP_001159878.1, NP_033030.1
OG0006633	XP_006086590.1	NP_034611.2
OG0006634	XP_023599795.1, XP_006102772.1, XP_023599796.1	NP_038525.2
OG0006635	XP_006102740.1	NP_034920.2
OG0006636	XP_006103277.1	NP_001365748.1
OG0006638	XP_006096538.2	NP_033396.1, XP_036019848.1
OG0006639	XP_006088146.1	XP_006538031.1, NP_848871.1
OG0006640	XP_006088129.1, XP_006108970.2	NP_038482.3, XP_006537617.1
OG0006641	XP_006088110.1	XP_036019641.1, NP_034767.2
OG0006642	XP_023609059.1	NP_001371086.1
OG0006643	XP_023609034.1	NP_079562.1
OG0006644	XP_014302640.2	NP_079961.3, XP_006538098.1
OG0006645	XP_006091148.1	NP_064351.2
OG0006646	XP_023608456.1	NP_083559.2
OG0006647	XP_023613487.1	NP_032129.2
OG0006648	XP_006102762.1	NP_062358.2
OG0006649	XP_006096546.1	NP_083353.1, XP_036020401.1
OG0006650	XP_006104718.1	NP_038661.2
OG0006651	XP_023600937.1	NP_001136216.1
OG0006652	XP_023601599.1	NP_064411.2
OG0006653	XP_023601588.1	XP_006524948.1, NP_076046.1
OG0006655	XP_006109304.3, XP_014306000.2	XP_006525248.1, NP_112453.2
OG0006656	XP_023601427.1	XP_036016745.1, NP_690886.3, NP_001390774.1
OG0006657	XP_014302215.1	XP_017173042.1
OG0006658	XP_023602271.1	NP_033369.2
OG0006659	XP_023606789.1, XP_006106203.2	NP_001002895.2
OG0006660	XP_023620555.1	XP_011244639.1, NP_058075.2
OG0006661	XP_023620550.1	XP_011244686.1
OG0006662	XP_014322091.1	XP_006524389.1, NP_001074784.1
OG0006663	XP_014305353.1	NP_063933.1
OG0006664	XP_023602412.1	NP_082039.1
OG0006665	XP_006100664.1	NP_001074804.2, XP_011245024.1
OG0006666	XP_023619900.1	NP_001156336.1, XP_036016144.1
OG0006667	XP_006100645.1	NP_001400976.1
OG0006668	XP_023618059.1	NP_848767.1, XP_006523540.1
OG0006669	XP_023619106.1	XP_006524191.1, NP_001391458.1
OG0006670	XP_023619116.1	NP_033977.3
OG0006672	XP_006089385.1, XP_006089384.1	XP_036019106.1, NP_783573.4
OG0006673	XP_023610051.1	NP_001277237.1, XP_006510860.1
OG0006674	XP_023610056.1	NP_001298039.1
OG0006675	XP_023610969.1	NP_780422.1
OG0006676	XP_014302732.1	NP_062626.1
OG0006677	XP_006090418.1	NP_001292864.1
OG0006678	XP_006098625.1	XP_030101248.1, NP_932124.2
OG0006679	XP_014319661.1	NP_001104738.2, XP_011241422.1
OG0006680	XP_023620362.1, XP_006098067.2	NP_035286.1
OG0006681	XP_006098070.1, XP_023617537.1	NP_444299.1
OG0006682	XP_014322557.2, XP_023620895.1	XP_011241528.1, NP_001345491.1
OG0006683	XP_023605909.1	NP_032255.2, XP_006512618.1
OG0006684	XP_006084439.2	XP_006512597.1, NP_001345698.1, NP_034367.2, NP_001153016.1
OG0006685	XP_014306097.1, XP_006089308.1, XP_006088100.1	NP_795942.2
OG0006686	XP_023601466.1	XP_006523131.1
OG0006687	XP_006099191.1	NP_083433.1, XP_036020403.1
OG0006688	XP_006104211.1	NP_690854.1
OG0006689	XP_006093400.1	NP_766402.1, XP_006520965.1
OG0006690	XP_006086366.1	NP_001361697.1
OG0006693	XP_006108092.1, XP_023604462.1	NP_083939.1, XP_006521324.2
OG0006694	XP_023603666.1	XP_006520468.1, NP_034176.1
OG0006695	XP_006107625.1	XP_017172244.1, NP_898914.3
OG0006696	XP_006107631.1	NP_001395027.1, NP_062269.1
OG0006697	XP_023604066.1	XP_006520499.1, NP_032015.1
OG0006698	XP_023604062.1	NP_932787.1
OG0006699	XP_014305556.1, XP_023604473.1	NP_796325.2
OG0006700	XP_006108117.1	NP_001396620.1
OG0006701	XP_006088531.1	NP_001272381.1
OG0006702	XP_023620563.1	NP_705795.2, NP_001106894.1, XP_006504234.1
OG0006705	XP_006098763.1	XP_036021777.1, NP_062671.1
OG0006706	XP_006100256.1	NP_001277917.1
OG0006707	XP_006100277.1	NP_001038986.1, XP_036012440.1
OG0006708	XP_006088392.3	NP_033174.2
OG0006709	XP_006088394.1	NP_079612.1
OG0006710	XP_006088433.1	NP_795970.3
OG0006711	XP_023603207.1	XP_006505026.1, NP_001094913.1
OG0006712	XP_023609578.1, XP_023618493.1	NP_001346814.1, NP_766294.2
OG0006713	XP_006085000.1	NP_035204.2
OG0006714	XP_023606449.1	NP_919444.2, XP_006503581.1
OG0006716	XP_014307912.1	NP_443719.3
OG0006717	XP_006088833.1	NP_061243.1
OG0006718	XP_006088807.1	NP_705801.1
OG0006719	XP_023609592.1	NP_001164478.1, NP_766317.1, XP_006505341.1
OG0006720	XP_006088798.1	NP_001275547.1
OG0006722	XP_023606801.1	XP_006510631.2, NP_081015.1, NP_001365912.1, NP_001365911.1
OG0006723	XP_014312847.1	NP_038958.2
OG0006724	XP_006090567.1	NP_062354.2, XP_006505203.1
OG0006726	XP_014311312.2	NP_081753.1
OG0006727	XP_006084076.1	XP_006513336.1, NP_032464.1
OG0006728	XP_023614279.1	NP_001365808.1
OG0006729	XP_014310091.1	NP_035145.2
OG0006730	XP_014310054.2	XP_006503409.1, NP_080746.3
OG0006731	XP_006087345.1	NP_663526.3, XP_006503063.1
OG0006732	XP_023608435.1	NP_083472.1, XP_011238928.1
OG0006733	XP_023617697.1	NP_001104747.1, XP_006502712.1
OG0006734	XP_023617683.1, XP_006108923.2	XP_006503269.1, NP_001139109.1
OG0006735	XP_006087520.1	NP_033377.1, XP_030103579.1
OG0006736	XP_014310158.1	NP_963999.2, XP_011243467.3
OG0006737	XP_006084101.1	XP_036011784.1, NP_848724.2, NP_001345489.1
OG0006738	XP_014306979.2	NP_473397.1, XP_036011407.1
OG0006739	XP_006084055.1	NP_780337.2, XP_036011864.1
OG0006740	XP_006084193.1	NP_079827.3
OG0006741	XP_014307222.1	XP_006513655.1, NP_035759.3
OG0006742	XP_006084125.2	NP_766140.2, XP_006521693.1
OG0006743	XP_023610555.1	NP_081180.1, NP_001344163.1
OG0006744	XP_023609095.1	NP_076113.1
OG0006745	XP_023611231.1	NP_001332884.1
OG0006746	XP_014312345.1	NP_082504.1, XP_006519658.1
OG0006747	XP_023605204.1	XP_011241967.1
OG0006748	XP_023614648.1	XP_006506120.1, NP_115929.3
OG0006749	XP_006094805.1	NP_083831.1
OG0006750	XP_006094793.1	NP_778185.1
OG0006751	XP_006094789.1	NP_080593.1, NP_001404585.1
OG0006752	XP_006101397.1	XP_006506215.1, NP_705828.2
OG0006753	XP_006088447.2	NP_001397202.1, NP_032999.1
OG0006755	XP_006088387.1, XP_006088386.1, XP_023605500.1	NP_932103.1, NP_001355294.1, XP_006506604.1
OG0006756	XP_014321095.2	NP_001154810.1
OG0006757	XP_014311314.1	XP_030111337.1, NP_808550.1
OG0006758	XP_023606775.1	NP_001070878.1
OG0006759	XP_014306175.2	XP_006535821.1, NP_061366.2
OG0006760	XP_006097119.1	XP_006509176.1, NP_001351378.1, NP_001074618.1
OG0006761	XP_023607598.1	NP_033748.2, XP_006518502.1
OG0006762	XP_006086313.1	NP_081470.2
OG0006763	XP_014309087.1	NP_035851.3, XP_006509154.1, NP_001116294.1
OG0006764	XP_006110019.1	XP_036010239.1, NP_001091703.1
OG0006765	XP_023603959.1	XP_006509313.1
OG0006766	XP_006092754.2, XP_014306488.1	NP_001028418.1, XP_006509376.1
OG0006767	XP_023612947.1	NP_619609.1, XP_017168107.1
OG0006768	XP_006092734.1	NP_001391655.1, NP_001391656.1, NP_001034651.1
OG0006769	XP_006100361.1	NP_001005847.1, NP_001191983.1, XP_006509312.2
OG0006770	XP_014321220.2	NP_598472.2
OG0006771	XP_023602932.1, XP_006106381.2	NP_034626.1
OG0006773	XP_014323162.1	NP_001153104.1
OG0006774	XP_006096075.1	NP_079971.2
OG0006775	XP_023612227.1	NP_001157965.1
OG0006777	XP_014313833.1	NP_001258682.1
OG0006778	XP_006099882.1	NP_001297457.1
OG0006779	XP_006099898.1	NP_001343875.1, NP_071869.2, NP_001343874.1, NP_001365819.1
OG0006780	XP_023614396.1	XP_017173037.1, NP_001028616.1
OG0006781	XP_006083520.1	NP_083089.1, XP_006525091.1
OG0006782	XP_006083499.1	NP_666195.1
OG0006783	XP_014303352.1	XP_006525218.1
OG0006784	XP_006109822.1	XP_011238012.1, NP_001277934.1, NP_001104801.1
OG0006785	XP_023620180.1, XP_006100925.1	NP_663507.1
OG0006786	XP_006100921.1	XP_030103946.1, NP_032595.2
OG0006787	XP_006105775.1	NP_001342558.1, NP_082524.2, NP_001342557.1
OG0006788	XP_014302542.1	XP_006500010.1, NP_065619.2
OG0006789	XP_023602831.1	XP_006506597.1, NP_080972.1
OG0006790	XP_023600044.1, XP_023618992.1	XP_030111342.1, NP_808552.2
OG0006791	XP_023616401.1	NP_001159539.1
OG0006792	XP_006096834.1	XP_017177243.1, NP_082375.4
OG0006793	XP_006106828.1	NP_666281.2
OG0006794	XP_006092542.1	XP_006501460.1
OG0006795	XP_023603430.1	XP_011238422.1, NP_758499.3
OG0006796	XP_006097552.1	NP_001013044.2, XP_036019252.1
OG0006797	XP_006097548.1	NP_848709.2
OG0006798	XP_023617001.1	NP_001398441.1
OG0006799	XP_023617007.1	NP_032282.2
OG0006800	XP_006097531.1	NP_058662.2
OG0006801	XP_006096934.1	NP_080682.3, XP_006502010.2
OG0006802	XP_023615092.1	XP_036019318.1, NP_001157114.1, NP_001157113.1, NP_061365.3
OG0006804	XP_023620869.1	NP_079829.1
OG0006805	XP_006085436.1	NP_035997.1, XP_006515154.1
OG0006807	XP_023606776.1	NP_001074817.3, XP_006516872.1
OG0006808	XP_023606793.1	NP_853622.2
OG0006809	XP_014308275.1	XP_006516237.1, NP_080440.2
OG0006810	XP_014308290.1	NP_082278.1
OG0006811	XP_006107760.1	NP_109652.3
OG0006812	XP_006107762.2, XP_023604163.1	NP_001355590.1
OG0006813	XP_014306715.1	NP_001093212.1
OG0006815	XP_023600735.1	NP_776110.3
OG0006816	XP_006091908.1	NP_740756.1
OG0006817	XP_014314000.1, XP_014314002.1	NP_077192.1, XP_006500172.1
OG0006818	XP_023612366.1	NP_001304171.1, NP_001304170.1
OG0006819	XP_014314035.2	NP_080437.2, XP_006500142.1
OG0006820	XP_006092039.2	NP_001159496.1
OG0006821	XP_006092045.1	XP_006500405.1
OG0006822	XP_014314088.1	XP_011237664.1
OG0006823	XP_023612446.1	NP_034093.1, XP_017170770.1
OG0006825	XP_023617566.1	XP_011240298.1
OG0006826	XP_006102554.1	NP_032877.1
OG0006827	XP_023599624.1, XP_014323332.1, XP_006102560.1	XP_006531689.1, NP_848765.2
OG0006828	XP_014322491.1	NP_766423.3
OG0006829	XP_006101657.2	NP_001360976.1
OG0006830	XP_006101621.1	XP_006531757.1, NP_001389477.1
OG0006831	XP_014302178.1, XP_006104421.1	NP_941036.1, NP_001348974.1
OG0006832	XP_006104417.1	NP_081048.1
OG0006833	XP_006104390.1	NP_937811.1, XP_036017413.1
OG0006834	XP_023601395.1	NP_569720.1
OG0006835	XP_006106597.1	XP_006526780.1, NP_001390841.1
OG0006836	XP_006105656.1	NP_001307483.1, XP_006526614.1, NP_473389.2
OG0006837	XP_023610459.1	NP_001288227.1
OG0006838	XP_006081749.1	NP_001403215.1, NP_001094949.1, NP_001403217.1, NP_001403216.1
OG0006839	XP_006108489.1	NP_937835.1
OG0006840	XP_006098552.1	XP_006497659.1
OG0006841	XP_014319592.1	NP_001342344.1, XP_011237437.1, NP_780447.4, NP_001342343.1
OG0006842	XP_006091339.1	NP_001405395.1, NP_001405394.1, NP_001405393.1, NP_062641.1
OG0006843	XP_023609802.1	XP_030103750.1, NP_536681.2
OG0006844	XP_023620438.1	NP_001346675.1, XP_006513683.1, NP_001013780.2
OG0006845	XP_023603591.1	XP_006511697.1, NP_031593.2
OG0006846	XP_014322679.1	XP_006513030.1
OG0006847	XP_006083864.1	NP_033452.2
OG0006849	XP_006083888.3	NP_001094901.1
OG0006850	XP_023605188.1	NP_001104485.1
OG0006851	XP_014306832.1	NP_598691.1
OG0006852	XP_023605486.1	NP_001161202.1
OG0006853	XP_023605205.1	NP_001333569.1, XP_006505359.1
OG0006854	XP_023619825.1, XP_023604739.1	NP_031723.2, XP_006505530.1
OG0006855	XP_023609805.1	XP_036021775.1, NP_032403.2
OG0006856	XP_014313192.1	NP_602319.1, XP_006518731.1
OG0006857	XP_023603014.1	NP_663596.1, NP_001396866.1
OG0006858	XP_023604361.1	NP_001298081.1
OG0006859	XP_023604362.1	NP_038813.2
OG0006860	XP_023603519.1	NP_598747.1
OG0006863	XP_023616640.1	NP_001335096.1
OG0006864	XP_006100471.1	NP_663571.2, NP_001106817.1, NP_001273379.1, XP_017168203.1
OG0006865	XP_014321344.1	NP_001104536.1, NP_001186560.1, XP_006509619.1, NP_034353.2
OG0006866	XP_023619756.1	NP_076116.1
OG0006867	XP_014304431.1	NP_001350337.1, NP_001350336.1, NP_115773.2, XP_006509871.1
OG0006868	XP_006107112.3	NP_034719.2, NP_001177759.1
OG0006869	XP_023604856.1	NP_852083.2, XP_006509719.1
OG0006870	XP_006099716.1	XP_006509607.1, NP_031970.2, NP_001276788.1, NP_001116304.1
OG0006871	XP_006099709.1	NP_001001491.1
OG0006872	XP_023619705.1	NP_598879.1
OG0006873	XP_006100375.1	NP_001007572.1, XP_017167984.1
OG0006874	XP_006105095.1	NP_001038209.2, XP_036009971.1, NP_032123.3
OG0006875	XP_014302731.1	NP_001161718.1
OG0006876	XP_023601888.1	NP_001034603.1
OG0006877	XP_006105083.3	NP_081036.2, XP_030099607.1
OG0006878	XP_023601559.1	NP_001280579.1, XP_006510159.1
OG0006880	XP_014301936.1	NP_001344564.1, NP_001344568.1
OG0006881	XP_014306761.1, XP_006107698.1	XP_006508927.1, NP_080432.1
OG0006883	XP_023620410.1	XP_006525007.1
OG0006884	XP_014304353.1	NP_038690.1, XP_006523993.1, NP_001123928.1
OG0006885	XP_006105976.1	NP_001369747.1, NP_663340.1
OG0006886	XP_014322656.1	NP_906271.1
OG0006887	XP_023599051.1, XP_014311511.1	NP_001032830.2
OG0006888	XP_006093344.1, XP_023599072.1	NP_033898.1
OG0006889	XP_006094701.3	NP_666491.1
OG0006890	XP_006109994.1	NP_001342510.1, NP_001342511.1, NP_080889.3, XP_011238056.1
OG0006891	XP_006094582.1	NP_667315.2, XP_006507941.1
OG0006892	XP_006094611.1	NP_667283.1
OG0006893	XP_006094847.1	NP_683733.2, NP_001139485.1, XP_006540608.1
OG0006894	XP_023613058.1	NP_062355.2
OG0006895	XP_006092929.1	NP_080120.1
OG0006896	XP_023613133.1	XP_030098876.1, NP_001347674.1, NP_001347675.1, NP_082619.3
OG0006898	XP_014312986.1, XP_014308998.1	NP_083354.3
OG0006899	XP_006091129.1	NP_950200.2
OG0006900	XP_006091127.1	NP_001012436.1, NP_001010826.2, NP_001129707.1, XP_006507670.2
OG0006901	XP_023611692.1	NP_808364.2, XP_006507674.1
OG0006902	XP_023613185.1	NP_082686.1
OG0006903	XP_006094576.1	XP_036008748.1, NP_001387486.1
OG0006904	XP_023613899.1	NP_001035785.1
OG0006907	XP_006092858.1	XP_017168990.1, NP_075026.1
OG0006908	XP_023616617.1	XP_006496189.1, NP_001013821.1
OG0006909	XP_023604874.1	XP_006518445.1, NP_598844.3, NP_001164165.1
OG0006910	XP_006096430.1	NP_001398638.1, XP_011243270.1, NP_034766.2
OG0006911	XP_014309001.2	NP_083837.2, NP_001177918.1
OG0006912	XP_006086102.1	NP_780708.1, XP_006519072.1
OG0006913	XP_023619956.1	XP_006518407.1
OG0006914	XP_006101519.1	NP_001412521.1, NP_659093.2
OG0006915	XP_023606101.1	NP_001392444.1
OG0006916	XP_023608233.1	NP_081271.2
OG0006917	XP_014309692.1	NP_083602.1, XP_006508981.1
OG0006918	XP_023599262.1, XP_014306292.2, XP_023604534.1	NP_001229297.1, NP_031998.3
OG0006919	XP_006102103.1	XP_017168146.1
OG0006920	XP_014311299.1	XP_036010740.1, NP_033599.2, NP_001363870.1
OG0006921	XP_023618673.1, XP_014320269.1	NP_115776.2
OG0006922	XP_006100676.1	NP_001346863.1
OG0006923	XP_006097161.1	NP_780475.1
OG0006924	XP_006099818.1	NP_001397520.1, NP_766044.1
OG0006925	XP_023619169.1	NP_036017.3, XP_017168851.1
OG0006926	XP_006099815.1	XP_030100108.2, NP_035854.4, NP_001393333.1
OG0006927	XP_014323142.2	XP_006512131.1, NP_035833.2
OG0006929	XP_006083737.1, XP_014306129.1	NP_079571.1, NP_001361146.1
OG0006930	XP_006083763.1	NP_997551.1
OG0006931	XP_023605335.1	NP_001407217.1
OG0006932	XP_014306895.1	XP_006511284.1, NP_808443.2
OG0006933	XP_006088724.1	NP_780304.2
OG0006934	XP_006090385.1	NP_080431.1
OG0006935	XP_014312058.1	NP_001366402.1, NP_919338.2
OG0006936	XP_006091406.1, XP_023611948.1	NP_001007582.1, NP_076304.2, XP_006500434.1
OG0006937	XP_023608983.1	NP_033881.2, NP_001277990.1, NP_001403837.1, XP_011237563.1
OG0006938	XP_006096485.1	XP_006499350.1, NP_001171304.1
OG0006939	XP_006096484.1	NP_848722.1
OG0006941	XP_006096467.1	NP_080198.2
OG0006942	XP_006096465.1	NP_001405795.1, NP_001405794.1, NP_001405796.1, NP_084108.1
OG0006943	XP_006096451.1	NP_033006.2, XP_036015592.1
OG0006944	XP_023616056.1	NP_077155.2, XP_006500125.1
OG0006945	XP_023610107.1	XP_030107027.1, NP_937857.1, NP_001278006.1, NP_001278005.1
OG0006946	XP_006089452.1	NP_444321.1
OG0006947	XP_006089459.1	NP_598608.2, XP_006500539.1
OG0006948	XP_023610133.1	NP_001411976.1, XP_006498745.1
OG0006949	XP_006089630.1	NP_001030047.2, XP_006499887.1
OG0006950	XP_006089491.1	XP_006499396.1, NP_001004721.1
OG0006951	XP_006089508.1	XP_006498844.1, NP_032206.1
OG0006952	XP_006089530.1	NP_001157688.1
OG0006953	XP_006089541.1	XP_017173316.1, NP_766262.2
OG0006954	XP_023610262.1	NP_001343424.1, XP_011238147.1, NP_084259.1
OG0006955	XP_006089572.1	NP_080400.1
OG0006956	XP_006089579.1	NP_080129.2
OG0006957	XP_023610264.1	NP_061339.4
OG0006958	XP_006089586.1	XP_006499087.1, NP_001342092.1
OG0006959	XP_023599237.1	NP_081710.1, NP_001278063.1, XP_006500225.1, NP_001278064.1
OG0006960	XP_023599241.1, XP_014306677.2	NP_808518.1, XP_017174544.1
OG0006961	XP_006085230.1	NP_001278067.1, NP_001278066.1, NP_001349935.1, XP_006499420.1
OG0006962	XP_006085241.1	NP_067255.2
OG0006963	XP_023606573.1, XP_023612037.1	XP_006498936.1, NP_032678.1
OG0006964	XP_023612036.1	XP_006498850.1, NP_032287.2
OG0006965	XP_023612021.1, XP_006091481.1	NP_001399373.1, NP_036162.3
OG0006966	XP_006091478.1	NP_001258981.1
OG0006967	XP_023611995.1	NP_032461.2, XP_036014685.1
OG0006968	XP_006091409.1	NP_997589.1
OG0006969	XP_023611949.1	NP_473396.1
OG0006970	XP_023617493.1	NP_076054.1
OG0006971	XP_023617523.1	NP_032446.2, XP_017171221.1
OG0006972	XP_023617516.1	NP_001291471.1, NP_001291469.1, XP_036018592.1, NP_683731.1
OG0006973	XP_006099158.1	NP_034126.1
OG0006974	XP_014320133.1	NP_001103622.1
OG0006975	XP_006095480.1	NP_001408530.1, NP_001408528.1, NP_001408529.1, NP_062420.2
OG0006976	XP_023615191.1, XP_023615192.1	NP_001365722.1
OG0006977	XP_023601283.1	XP_006500664.1, NP_898985.2
OG0006978	XP_023612027.1, XP_023604912.1	NP_808450.2
OG0006980	XP_023608881.1	XP_006518498.1, NP_659052.1, NP_001412497.1
OG0006981	XP_006100785.1	NP_035489.2
OG0006982	XP_014308503.1	NP_766450.2
OG0006983	XP_006085619.1	NP_062356.3, XP_036019060.1
OG0006985	XP_006092171.1	NP_733479.1
OG0006986	XP_023606884.1	NP_001258552.1, NP_058671.2, XP_011243261.1
OG0006987	XP_006081952.1	XP_006509573.1
OG0006988	XP_006081957.1, XP_023609266.1	NP_033162.1, NP_001411804.1
OG0006989	XP_023608826.1	XP_017171322.1, NP_031824.1
OG0006990	XP_006082007.1	NP_666056.1
OG0006991	XP_023614871.1	NP_001103632.1, NP_780593.3, XP_006518483.1
OG0006992	XP_023614887.1	XP_006518577.1, NP_034212.1, NP_001041640.1
OG0006993	XP_014321654.1	NP_001139484.2, NP_001288581.1, NP_001288580.1
OG0006994	XP_006100794.1	NP_666167.3, XP_006518959.1
OG0006995	XP_014323788.1	XP_011243245.1
OG0006996	XP_006082712.1	NP_001103697.1
OG0006997	XP_014322434.1, XP_006083049.1	NP_031881.1
OG0006998	XP_023599933.1	NP_777363.1
OG0006999	XP_023599157.1	NP_058058.1
OG0007001	XP_014301637.2	XP_006514008.1, NP_075708.2, NP_573447.2
OG0007002	XP_006103895.1	NP_032303.1
OG0007003	XP_023601847.1, XP_006094945.1	XP_011246510.1
OG0007004	XP_006099081.1	NP_062798.1
OG0007005	XP_006099094.1	NP_082313.2, XP_006530521.1
OG0007006	XP_014319374.1, XP_006109239.1	NP_766586.2
OG0007007	XP_006096623.2	NP_848737.3, XP_036021397.1, NP_001116138.1
OG0007008	XP_023616180.1	XP_036021467.1, NP_598521.1, NP_001161163.1
OG0007009	XP_023616175.1	NP_084268.2, XP_006530571.1
OG0007010	XP_006098376.1	XP_006530184.1, NP_683737.2
OG0007012	XP_006106906.1	NP_001403704.1
OG0007013	XP_006107520.1	NP_035369.2
OG0007015	XP_014320507.2	NP_083329.2
OG0007016	XP_006099584.1	NP_081185.1, XP_006522574.1
OG0007017	XP_023618989.1	NP_001317976.1, NP_032249.3
OG0007018	XP_014301230.1	NP_035290.1, NP_001398110.1, NP_001013855.1
OG0007019	XP_023600761.1	NP_061300.1
OG0007020	XP_006096691.1	XP_006527396.1, NP_081616.1
OG0007021	XP_006095789.1	NP_598861.1
OG0007022	XP_023612503.1	NP_001335221.1
OG0007023	XP_023615723.1	XP_006506404.1
OG0007024	XP_014317527.1	NP_033039.2
OG0007025	XP_023615717.1	NP_033780.2
OG0007026	XP_023605734.1	NP_620086.2, XP_030110957.1
OG0007027	XP_006084240.1	NP_031907.2
OG0007028	XP_006084297.2	XP_006506388.1, NP_001074655.1
OG0007029	XP_006084337.1	NP_001120790.1, NP_659504.2
OG0007030	XP_006090738.1	XP_006506968.1
OG0007031	XP_023611296.1	NP_001398551.1, NP_001398550.1, NP_898988.2
OG0007032	XP_023600118.1	XP_030111427.1, NP_080557.2
OG0007033	XP_023605262.1, XP_014309560.1	NP_080006.3, XP_036015439.1
OG0007034	XP_006086793.1	NP_080301.1
OG0007035	XP_014309557.2	NP_803180.3, XP_006520926.1, NP_001158257.1
OG0007036	XP_006086783.1	NP_848904.1
OG0007037	XP_014313635.1	NP_001240742.1
OG0007038	XP_006091604.1	NP_114030.2
OG0007039	XP_006091612.1	XP_006521308.1, NP_075550.2, NP_001107017.1
OG0007040	XP_014317214.1	NP_067505.2
OG0007041	XP_006095816.1	NP_001403264.1
OG0007043	XP_023607064.1	XP_030111165.1, NP_659064.1
OG0007044	XP_006092206.1	NP_001334356.2, NP_001028554.3
OG0007045	XP_023620473.1	NP_084441.3, XP_006506840.1, NP_001349078.1
OG0007046	XP_006090060.1	XP_030106916.1, NP_080536.2
OG0007047	XP_014312412.1	NP_001291650.1
OG0007048	XP_006090031.1	NP_064417.2, XP_017173753.1
OG0007050	XP_014312372.2, XP_006109186.1	NP_444333.3
OG0007051	XP_014322597.1	XP_006526599.1, NP_001182194.1
OG0007052	XP_023615583.1	NP_001334383.1
OG0007053	XP_006095996.1	NP_080895.2, XP_030106922.1, NP_084327.1
OG0007054	XP_014317410.1	NP_034492.1
OG0007055	XP_006088192.1	NP_001028745.1
OG0007056	XP_023609138.1	XP_006526915.1, NP_739563.1
OG0007057	XP_023609100.1	NP_081201.2
OG0007058	XP_023609165.1	NP_001107784.1
OG0007059	XP_006107346.2	NP_001156327.1
OG0007060	XP_023618433.1	XP_006536252.1, NP_001121618.1
OG0007061	XP_006096020.1	NP_001289894.1
OG0007062	XP_023606670.1	XP_017175719.1
OG0007063	XP_006085370.1	XP_030109711.1, NP_001342112.1, NP_083216.1
OG0007064	XP_023611247.1, XP_006090683.1	NP_083116.1
OG0007066	XP_006109125.3, XP_006086421.1	NP_033378.1
OG0007067	XP_006102196.1, XP_023599331.1	NP_001385989.1
OG0007068	XP_014315182.1	NP_666059.2, XP_006537785.1
OG0007069	XP_006102254.3, XP_014303015.2	XP_006538104.1, NP_001074670.1
OG0007071	XP_006109909.2, XP_023602026.1, XP_014306734.1, XP_014308856.1	NP_080668.1
OG0007072	XP_006087545.1, XP_006087543.1	NP_035954.1
OG0007073	XP_023613368.1	NP_001394746.1, NP_766445.1, XP_006499555.1
OG0007074	XP_006109705.1	NP_666238.1
OG0007075	XP_023602309.1	XP_006499173.1, NP_001349684.1
OG0007076	XP_006086034.1	NP_001239509.1
OG0007077	XP_006086022.1	NP_001028707.1
OG0007078	XP_006085994.1	NP_941011.1
OG0007079	XP_006085985.1	NP_080590.3
OG0007080	XP_006085978.1	XP_006511286.1, NP_001028708.1
OG0007081	XP_006085964.1, XP_023611649.1	NP_071309.1, NP_001258772.1
OG0007082	XP_006104743.1	XP_006511613.1, NP_084060.1
OG0007083	XP_006104734.1	NP_001361679.1, NP_001008239.1, XP_006510854.2, NP_058067.2
OG0007084	XP_014318762.1	NP_038674.1
OG0007085	XP_014315275.1	NP_062701.2
OG0007086	XP_006093461.1	NP_766124.2
OG0007087	XP_006093453.1	NP_001351456.1, NP_775561.1
OG0007088	XP_006087896.1	NP_001397353.1, NP_034551.2
OG0007089	XP_006087923.1	NP_062753.3, NP_001333716.1
OG0007090	XP_006087924.2	XP_006510951.1, NP_035482.1
OG0007091	XP_023608905.1	NP_083096.1, XP_006511579.1
OG0007092	XP_006087965.1	NP_598737.1
OG0007094	XP_006093772.1	NP_001239442.1, XP_011244435.1
OG0007095	XP_006090612.1	XP_011244430.1, NP_001334176.1
OG0007096	XP_014318342.1	NP_034118.1, NP_001263192.1, NP_001020363.1, XP_006522946.1
OG0007097	XP_006097072.1	NP_001284676.1, NP_033900.1
OG0007098	XP_023604810.1	NP_001106877.1
OG0007099	XP_014302135.1	NP_068366.1, XP_006523132.1
OG0007100	XP_023601372.1	XP_006522994.1
OG0007102	XP_006101916.1	NP_001406107.1
OG0007103	XP_014322432.1, XP_023600966.1	NP_056640.1
OG0007104	XP_014303069.1	XP_006525098.1, NP_083178.1
OG0007105	XP_006105474.1	NP_742146.1
OG0007106	XP_023619343.1	NP_613067.1
OG0007107	XP_023619298.1	XP_006513125.1
OG0007108	XP_023601736.1	NP_666119.1
OG0007109	XP_014317414.1, XP_023611120.1	XP_036015863.1
OG0007110	XP_023601750.1, XP_023620615.1	NP_001274153.1
OG0007111	XP_014322181.1	NP_001396602.1, NP_001316481.1
OG0007112	XP_006101443.1	NP_904359.1
OG0007113	XP_006096655.1	NP_031952.2
OG0007114	XP_014321206.1	NP_780433.1
OG0007115	XP_014307572.1	NP_081889.1, NP_001156979.1
OG0007116	XP_006084676.1	NP_001074614.1
OG0007117	XP_023606060.1	NP_058059.2, NP_001345942.1
OG0007118	XP_006084631.1	NP_775546.2, XP_006535326.1
OG0007119	XP_006084627.1	XP_036016772.1, NP_081102.1
OG0007120	XP_023606071.1	NP_775580.1, NP_001297606.1
OG0007121	XP_023603144.1	NP_056571.2
OG0007122	XP_006103563.1	NP_058608.1
OG0007123	XP_023613073.1	NP_536705.4
OG0007124	XP_023611123.1	NP_034270.1
OG0007125	XP_023617867.1	XP_006521850.1
OG0007126	XP_006094752.1	XP_036015919.1
OG0007127	XP_023617859.1, XP_023604619.1	XP_036015888.1, NP_001014423.1
OG0007128	XP_006098422.2	XP_036015861.1, NP_766614.2
OG0007129	XP_014316135.1	XP_017172657.1, NP_115854.2
OG0007130	XP_006096893.1	XP_006521733.1
OG0007131	XP_023616422.1	NP_031903.1, XP_006521840.1
OG0007132	XP_006090965.1	NP_849255.2, XP_017172432.1
OG0007133	XP_006090971.1	NP_077235.2, XP_006522776.1
OG0007134	XP_006091004.1	NP_067276.3
OG0007135	XP_023613124.1, XP_006107721.1, XP_023613072.1	NP_001034619.2, XP_006522455.1
OG0007136	XP_014314723.1	NP_001186967.1, NP_001361705.1, NP_766203.1, XP_006521715.1
OG0007137	XP_023613065.1	NP_001139346.1, NP_666183.2
OG0007138	XP_006084836.1	NP_444471.1
OG0007139	XP_006095450.1	XP_006520106.1, NP_033180.2
OG0007140	XP_006084958.1	NP_001334991.1
OG0007141	XP_023606394.1	NP_001139402.1
OG0007142	XP_023606382.1	NP_808809.1, NP_808810.1
OG0007143	XP_023606271.1, XP_006109404.1	XP_006522751.1
OG0007144	XP_006084876.1	NP_080676.3, NP_001177734.1, NP_001177733.1
OG0007145	XP_023599769.1	XP_006502029.1, NP_080917.1
OG0007146	XP_014304848.1	NP_080793.1
OG0007147	XP_023609653.1, XP_014306157.2	NP_001355596.1
OG0007148	XP_023607132.1, XP_006085780.1	NP_001334437.1, NP_038702.1
OG0007149	XP_023607151.1	NP_001369774.1
OG0007150	XP_023618798.1	NP_077236.1
OG0007151	XP_014314822.1	NP_780626.1
OG0007152	XP_023602431.1, XP_014306189.2, XP_014303284.2, XP_023602432.1	NP_001025106.1, XP_006516700.1
OG0007155	XP_014323594.1	NP_001403914.1, NP_034183.1, NP_001403915.1, XP_006498735.1, NP_001403916.1
OG0007156	XP_006083285.1, XP_006109165.2	NP_032893.1, XP_006498991.1
OG0007157	XP_006083276.1	NP_067501.2
OG0007158	XP_006083271.1	NP_082111.2
OG0007159	XP_023599353.1	XP_006500326.1, NP_001277598.1, NP_001041069.1
OG0007160	XP_023599255.1	NP_080130.2
OG0007161	XP_023599196.1	NP_035782.3, NP_001372637.1
OG0007162	XP_006083092.1	NP_001342340.1, NP_058661.1, NP_001342339.1, NP_001277674.1
OG0007163	XP_014322418.1	NP_001357195.1
OG0007164	XP_023618849.1, XP_014305752.1	NP_001136119.1
OG0007165	XP_023618867.1	XP_030111510.1, NP_062764.1
OG0007167	XP_014317151.1	NP_001348342.1
OG0007168	XP_006082515.1	XP_006496045.1, NP_001034582.1
OG0007169	XP_006082636.1	XP_030111230.1, NP_001004173.1
OG0007170	XP_023600374.1	NP_001302428.1
OG0007171	XP_006109003.1, XP_014318248.2	NP_067330.1
OG0007172	XP_006094895.2	NP_001108134.1, XP_006529407.1, NP_766098.2
OG0007173	XP_006094905.1	NP_796217.2, XP_006529763.1
OG0007174	XP_023614744.1	XP_036016118.1, NP_001074480.2
OG0007175	XP_006094367.1, XP_023600854.1	NP_001157226.1, XP_006497279.1
OG0007176	XP_023600367.1	NP_036179.1
OG0007178	XP_006094371.1	NP_001028458.1
OG0007179	XP_006097290.3	NP_853526.1
OG0007180	XP_006096211.1	NP_001131019.1, XP_017174083.1
OG0007181	XP_006082262.1	NP_031455.1
OG0007184	XP_023600775.1	NP_001274459.1, NP_848869.1, NP_033837.2, XP_006528757.1
OG0007185	XP_014311215.1	NP_001139553.1
OG0007186	XP_006085684.1	NP_073727.2, NP_062710.2
OG0007187	XP_006085694.1	XP_006528028.1
OG0007188	XP_006090618.1	NP_062608.2, XP_036017797.1
OG0007189	XP_006090620.1, XP_014312904.1	XP_006527761.1, NP_780350.1
OG0007190	XP_014312908.2	NP_083192.2, XP_006527769.1
OG0007191	XP_006097193.1	NP_001393168.1
OG0007192	XP_006097231.1	NP_033541.1
OG0007193	XP_006097250.1	XP_036017720.1, NP_032449.1
OG0007194	XP_014318501.1	NP_001035549.1
OG0007196	XP_014317614.1, XP_023615771.1	XP_006528762.1
OG0007197	XP_023620380.1	NP_950183.1, XP_006528061.1
OG0007198	XP_014321330.1	NP_076097.1, NP_001345436.1, NP_001292870.1, XP_036017993.1
OG0007199	XP_023605505.1, XP_023605503.1, XP_006090743.1, XP_023620827.1	XP_017174001.1
OG0007200	XP_006084746.1	NP_899142.2
OG0007201	XP_023606207.1	NP_001398797.1
OG0007202	XP_006084737.1	NP_038491.2
OG0007204	XP_014315405.1	NP_001103704.1, NP_033880.1, NP_001103703.1
OG0007205	XP_006082337.1	XP_006528609.1, NP_001074968.1
OG0007206	XP_023614363.1	NP_031629.3
OG0007207	XP_006087764.1	NP_036037.1
OG0007208	XP_006087761.1	NP_932106.1
OG0007209	XP_014310362.2	NP_075621.3
OG0007210	XP_006087734.1	NP_032250.2, XP_006527898.1
OG0007211	XP_006087837.1	XP_017174027.1, NP_001119960.1
OG0007213	XP_023606025.1, XP_023606026.1, XP_023606027.1, XP_014307401.1, XP_023606024.1, XP_006109400.1	NP_444435.1
OG0007214	XP_006106268.1	NP_068365.1
OG0007216	XP_014316177.2, XP_014306260.1	NP_667302.2
OG0007217	XP_006101363.1, XP_006101382.1	NP_666881.1, NP_997042.1
OG0007218	XP_023614468.1	XP_006522890.1, XP_011244156.1, NP_001005854.2
OG0007223	XP_023603980.1	NP_201581.2, XP_006522858.1
OG0007229	XP_023604627.1	XP_017171396.1, NP_065622.1
OG0007232	XP_006099525.1	XP_036009728.1, NP_598553.1
OG0007233	XP_023600741.1	NP_031929.1
OG0007234	XP_014309920.1	NP_033871.2
OG0007235	XP_006091147.1	XP_036019857.1, NP_067272.1
OG0007238	XP_023618985.1	XP_006496201.1, NP_059508.2
OG0007239	XP_023612029.1	XP_006499217.1, NP_035741.2
OG0007240	XP_006102759.1	XP_030109534.1, NP_057887.2
OG0007241	XP_023605748.1, XP_014307114.1	NP_038558.1
OG0007242	XP_006088703.1	XP_036019285.1, NP_083982.1
OG0007243	XP_023615078.1	XP_036018808.1
OG0007244	XP_006083274.1	NP_032126.1
OG0007245	XP_006090208.1	NP_032991.1
OG0007246	XP_006090548.1	NP_032519.1
OG0007247	XP_006094927.1	NP_034678.1, XP_036017987.1
OG0007248	XP_014318288.1	NP_038758.2, XP_006496935.1
OG0007249	XP_023601492.1	XP_017173338.1, NP_032746.2
OG0007250	XP_023613688.1	NP_034207.2
OG0007251	XP_006091554.1	NP_034809.1, XP_006520580.1
OG0007253	XP_023600738.1	NP_001070982.1
OG0007254	XP_006088271.1	NP_034498.1, NP_001343954.1
OG0007255	XP_006096694.1	XP_006526832.1, NP_032986.1
OG0007257	XP_006096067.1	NP_653134.2, NP_001409773.1
OG0007260	XP_006099325.1	NP_032917.2
OG0007261	XP_014313586.1, XP_006091459.1	NP_080599.1
OG0007262	XP_006085882.1	NP_001390509.1
OG0007263	XP_006097878.1	NP_001343245.1
OG0007264	XP_006097783.1, XP_006105269.1	NP_001347771.1
OG0007265	XP_006087033.1	NP_035778.3
OG0007266	XP_023610943.1	NP_001152896.2, NP_001397347.1
OG0007267	XP_006103701.1	NP_035823.3
OG0007268	XP_023620598.1	NP_035905.1, XP_006507653.1
OG0007269	XP_006089268.1	NP_001135399.1
OG0007270	XP_023613880.1	NP_001396988.1, NP_001106669.1
OG0007271	XP_006082133.1	NP_038584.2
OG0007272	XP_006098160.1	XP_017174928.1, NP_031404.1
OG0007273	XP_006108528.3, XP_023604287.1	XP_011240358.1
OG0007274	XP_023607591.1	NP_038490.2, XP_030099106.1
OG0007275	XP_006105710.1	NP_035187.2, NP_001398548.1
OG0007276	XP_006100236.1	NP_032381.1
OG0007277	XP_006091886.1	XP_006526751.1, NP_032144.2
OG0007278	XP_023604729.1	NP_766400.1
OG0007279	XP_006085550.1	NP_001074470.1, XP_036020650.1, NP_033895.2
OG0007280	XP_023619371.1, XP_006109534.1	NP_066388.1
OG0007281	XP_023619567.1	NP_058596.1
OG0007283	XP_014319415.1	NP_031565.1
OG0007284	XP_014322089.1	NP_031549.2
OG0007285	XP_014319123.1	XP_006529209.1, NP_032337.2
OG0007286	XP_014312238.1	NP_666258.2, XP_036019643.1
OG0007287	XP_006093801.1	NP_038963.3
OG0007288	XP_014311180.1	NP_034462.1
OG0007290	XP_023612158.1	NP_031667.1
OG0007291	XP_006092332.1	NP_035533.1
OG0007292	XP_023613541.1	NP_033401.2, XP_006520808.2
OG0007293	XP_023612300.1	NP_032679.3, XP_011237643.1
OG0007294	XP_014313421.1, XP_006109774.2	NP_001297539.1
OG0007295	XP_006108082.1	NP_001139298.1, XP_011241891.1, NP_700455.3
OG0007296	XP_006087806.1	NP_001388855.1, XP_017173882.1
OG0007297	XP_006102335.1	NP_001033027.2
OG0007298	XP_006099238.1	NP_035470.3
OG0007299	XP_006084878.3	NP_034097.1, XP_006521818.1
OG0007300	XP_023610076.1	NP_001344324.1
OG0007301	XP_006083015.1	NP_031833.3, XP_006527628.1
OG0007302	XP_023614978.1	XP_030101296.1, NP_001229937.1
OG0007303	XP_023613714.1	NP_068682.2, XP_036011605.1
OG0007305	XP_006106870.1	NP_071855.2
OG0007306	XP_006110092.1, XP_023608305.1	NP_080076.1
OG0007307	XP_023604800.1	XP_006536234.2, NP_742114.3
OG0007308	XP_014309740.1	NP_034180.2
OG0007309	XP_023607707.1, XP_006081523.1	NP_034150.1, XP_006517146.1
OG0007310	XP_006091175.1	NP_038543.1
OG0007311	XP_023603435.1	NP_034124.1
OG0007312	XP_006091942.1	NP_001028338.1, NP_001032356.1
OG0007313	XP_023619423.1, XP_014308497.1	NP_666261.1
OG0007314	XP_023609187.1	NP_032924.1
OG0007315	XP_014305981.1	NP_001350200.1, XP_011239273.1
OG0007316	XP_023607551.1	NP_001074767.1, XP_036019331.1
OG0007317	XP_023612996.1, XP_023612995.1, XP_023612994.1	NP_034572.1
OG0007318	XP_006086314.1	NP_001257925.1, XP_006509049.1
OG0007319	XP_006102778.1, XP_023599804.1	NP_001013395.2, XP_030109277.1
OG0007320	XP_023614888.1	NP_001258689.1
OG0007321	XP_006087726.1	NP_032132.1
OG0007322	XP_006098701.1	NP_035792.1
OG0007323	XP_023615190.1	NP_035174.1
OG0007324	XP_023608593.1	XP_006503151.1
OG0007324	XP_023608550.1	NP_666367.3
OG0007325	XP_023604588.1	XP_006500616.1, NP_001365706.1
OG0007326	XP_006100013.1	NP_035203.3, XP_006513433.1
OG0007327	XP_023611149.1	XP_006527657.1
OG0007328	XP_006088079.1	NP_077217.2
OG0007329	XP_006086239.1, XP_023605102.1	NP_001398667.1, NP_001119786.1
OG0007330	XP_006102463.1	NP_032521.1
OG0007331	XP_006087487.1, XP_006094918.1	XP_006529228.1
OG0007332	XP_006093122.1	NP_663353.3
OG0007333	XP_023601827.1	XP_011244930.1, NP_076119.2
OG0007334	XP_023609046.1	XP_006538338.1
OG0007335	XP_014321319.1	NP_001038949.1, NP_001296984.1
OG0007336	XP_023618954.1	NP_001293113.1, NP_032632.1
OG0007337	XP_006102474.1	NP_660121.2
OG0007338	XP_006082367.1	XP_036021474.1
OG0007339	XP_006085572.1	NP_001135913.1, NP_033145.2
OG0007340	XP_006107379.2	NP_075863.2, NP_001342444.1
OG0007341	XP_014320158.1	NP_062634.2
OG0007344	XP_023619033.1	NP_766617.2
OG0007345	XP_006092934.1	NP_058050.3
OG0007346	XP_006105406.1	NP_848478.2
OG0007347	XP_023604122.1	NP_032707.2
OG0007348	XP_014321703.1	XP_006533612.1, NP_001028709.2
OG0007349	XP_006082165.3	NP_001159922.1, NP_001277634.1
OG0007350	XP_023600789.1	NP_001122077.1
OG0007351	XP_014323230.1	NP_079898.2
OG0007352	XP_014302702.2	XP_017172900.1, NP_766207.2
OG0007353	XP_006086829.1	NP_663548.2
OG0007354	XP_014304343.1	XP_006520540.1, NP_032394.1
OG0007355	XP_023601811.1	NP_001177937.1, NP_035555.1
OG0007356	XP_023600755.1	NP_001098087.1
OG0007358	XP_023600632.1	XP_030098003.1, NP_001389776.1
OG0007359	XP_023611518.1	XP_006518986.1, NP_033550.2
OG0007360	XP_006086058.1	XP_006498810.1, NP_032019.2
OG0007361	XP_006087137.3	NP_035931.1
OG0007362	XP_006089841.1	NP_666257.2
OG0007363	XP_014320592.1	NP_035477.1
OG0007364	XP_006085211.1	XP_030106284.1, NP_852079.2
OG0007365	XP_014310563.1	XP_006500839.1, NP_036120.1
OG0007366	XP_023616467.1	NP_083888.3
OG0007367	XP_006108062.1	NP_031736.1
OG0007370	XP_006096971.1	NP_067620.3, XP_006497015.1
OG0007371	XP_006091737.1	NP_001278733.1, NP_038532.3
OG0007372	XP_023612735.1, XP_023612778.1, XP_023612736.1	NP_032944.1
OG0007373	XP_006085327.1	NP_001305664.1, NP_001191300.1
OG0007374	XP_006108132.3	NP_033803.1
OG0007375	XP_006095025.1, XP_006100895.1	NP_598491.1
OG0007376	XP_006095021.1	NP_001034755.1
OG0007378	XP_023614572.1	NP_667304.1, XP_006507940.1
OG0007380	XP_006092093.1	NP_001011832.1
OG0007381	XP_006094612.1, XP_014306553.1	NP_666441.1
OG0007382	XP_023603372.1, XP_023603374.1	NP_666529.1
OG0007383	XP_006094675.1	NP_667293.2
OG0007384	XP_006091889.1	XP_006527166.1, NP_666889.2
OG0007385	XP_006092135.1	NP_666858.2, NP_666856.2, NP_666860.2
OG0007386	XP_023609945.1	NP_848790.2
OG0007387	XP_014322427.1	NP_001001321.2, XP_006517435.1
OG0007388	XP_006093194.1	NP_038957.2
OG0007389	XP_006108514.1	XP_006540424.1, NP_001007570.1
OG0007390	XP_023608364.1	XP_006525950.1, NP_778177.1
OG0007391	XP_006104350.1, XP_014305646.2	NP_796334.2, XP_006527129.1
OG0007393	XP_014305395.1	XP_017177801.1, NP_001036077.1, NP_001041684.1, XP_006540001.1, NP_918947.2
OG0007396	XP_006097459.1	XP_036017231.1, NP_444347.3
OG0007397	XP_006090855.1	XP_011245381.1, NP_001028513.2
OG0007398	XP_006096416.1, XP_006090850.1	NP_080073.1
OG0007399	XP_006090849.1	NP_080245.1, XP_011245396.1
OG0007400	XP_006087238.1	XP_006529660.1
OG0007401	XP_006087193.2	XP_030106301.1, NP_919244.2
OG0007402	XP_006087186.1	NP_058072.2
OG0007403	XP_023605868.1	NP_067484.2
OG0007404	XP_006084523.1	NP_035675.1
OG0007405	XP_006084521.1	XP_036011763.1, NP_849265.2
OG0007406	XP_006084487.1	NP_034641.1
OG0007407	XP_006084471.1	NP_619534.2
OG0007408	XP_006084440.1	NP_780364.3, XP_030101115.1
OG0007409	XP_006089218.1	NP_663752.2
OG0007410	XP_023600753.1	NP_001390679.1, XP_006523413.1
OG0007411	XP_006103821.1	NP_038714.2
OG0007412	XP_023600757.1	XP_006523388.1, NP_001030038.1
OG0007414	XP_023602636.1	NP_036078.2
OG0007415	XP_014315366.1	NP_081308.1
OG0007416	XP_023604151.1	NP_001183975.1
OG0007418	XP_006089270.1	NP_082106.3
OG0007419	XP_006089284.3	XP_006512627.1, NP_032323.3
OG0007420	XP_006089287.1	NP_067247.1
OG0007421	XP_014316586.1	NP_032507.2, XP_011241436.1
OG0007422	XP_014322420.1	NP_064370.2
OG0007423	XP_023607501.1, XP_023599316.1	NP_001360893.1
OG0007424	XP_006086903.1	XP_017175593.1, NP_001272458.1, NP_035729.3
OG0007425	XP_006086875.1	NP_700466.1, XP_006527014.1
OG0007426	XP_006086878.1	NP_059071.1
OG0007427	XP_006086867.1	NP_079699.1, XP_036019387.1
OG0007428	XP_014315824.1	NP_001392062.1
OG0007429	XP_006094178.1	NP_001391053.1
OG0007430	XP_023599394.1	NP_001012324.1, XP_036013975.1
OG0007432	XP_014323063.1	XP_011242852.1, NP_001077370.1, NP_598441.3
OG0007433	XP_006103447.1	NP_848847.3
OG0007434	XP_023617071.1	NP_058593.2
OG0007435	XP_023600470.1	NP_001404155.1, NP_033121.2, XP_036008703.1
OG0007436	XP_023604317.1	NP_001399283.1
OG0007437	XP_023602224.1	NP_001406157.1
OG0007438	XP_023603753.1	NP_084210.2, XP_006540495.1
OG0007439	XP_006105455.1	XP_036008457.1, NP_780581.1
OG0007440	XP_006109590.1, XP_006109474.2	NP_001347351.1, NP_001347350.1
OG0007444	XP_023604435.1, XP_023604434.1	XP_006541153.1, NP_080156.2
OG0007446	XP_023603783.1	NP_001164495.1, NP_034345.2
OG0007447	XP_006107852.1	NP_666066.1, XP_036009317.1
OG0007448	XP_023604017.1	XP_006541031.1, NP_958762.2
OG0007449	XP_006108095.1	NP_033250.3
OG0007450	XP_006108139.1	NP_032680.1
OG0007451	XP_023604486.1	XP_006541221.1, NP_683729.2, NP_001368778.1
OG0007452	XP_023603537.1	NP_032077.2
OG0007453	XP_023603529.1	XP_006541295.1, NP_766006.2
OG0007454	XP_023603330.1, XP_006109247.1	XP_011248862.1
OG0007455	XP_006106070.2, XP_023604870.1	NP_001414239.1
OG0007456	XP_023604267.1	NP_001028486.1
OG0007457	XP_006109466.1	XP_030098779.1, NP_001318110.1, NP_080236.2
OG0007458	XP_006103661.1	XP_006539633.2
OG0007459	XP_006103648.1	NP_001399347.1, NP_001399346.1, NP_001399344.1, NP_034285.3
OG0007460	XP_014323467.2	NP_598531.2, XP_006540484.1
OG0007461	XP_006109361.1	XP_006539730.2, NP_619617.2
OG0007462	XP_023604245.1	NP_115999.2, XP_006540500.1
OG0007463	XP_006096783.1	NP_001277457.1, XP_017177776.1
OG0007464	XP_006096768.1	XP_006539499.1, NP_620091.2, NP_001277471.1, NP_001077381.1
OG0007465	XP_006096762.1	NP_062331.2, XP_036009151.1
OG0007466	XP_006096750.1	XP_006540438.1, NP_076126.2
OG0007467	XP_006096729.1	NP_082935.1
OG0007468	XP_023616333.1	NP_874353.2
OG0007469	XP_006096721.1	NP_084163.2
OG0007470	XP_023616331.1	XP_006540460.1, NP_001074497.1
OG0007471	XP_023618104.1	NP_081535.1
OG0007472	XP_023618120.1	NP_001347836.1, NP_001347835.1, NP_001408441.1, NP_742154.1
OG0007473	XP_006098734.1	NP_082275.1
OG0007474	XP_014319757.1	NP_757342.2, XP_030098510.1
OG0007475	XP_006098749.1	NP_653139.2, XP_036008989.1
OG0007476	XP_006096032.1	NP_032181.2
OG0007477	XP_014317466.1	NP_082396.1, XP_036009347.1
OG0007478	XP_023608365.1	XP_006529444.1, NP_033425.3
OG0007479	XP_023609337.1	NP_032384.1, XP_006497422.1
OG0007480	XP_006081473.1	NP_080351.2
OG0007481	XP_006097512.1	NP_033284.1
OG0007482	XP_006103123.1, XP_014305549.1	NP_071873.2
OG0007483	XP_023600734.1, XP_006109318.3	XP_006539233.1, NP_081702.2
OG0007485	XP_006102056.2	NP_001004761.1
OG0007486	XP_006094336.1	NP_081991.1
OG0007487	XP_023607250.1	NP_001001334.2
OG0007488	XP_006086706.1	XP_030106445.1, NP_080781.1
OG0007489	XP_023613847.1	NP_001396581.1, NP_001396590.1
OG0007490	XP_023618296.1	XP_006497499.1
OG0007491	XP_006094164.1	NP_852064.2, XP_006497631.1, NP_001074017.1
OG0007492	XP_006088469.1	NP_766059.1
OG0007493	XP_014311013.1	NP_001185737.1
OG0007494	XP_006088485.1	NP_598824.3
OG0007495	XP_023609351.1	XP_006516548.1, NP_061347.2
OG0007496	XP_023609357.1, XP_006109503.3	NP_001347035.1, NP_660113.1
OG0007497	XP_006086571.1	NP_083761.1
OG0007498	XP_023607935.1	NP_082983.3, XP_036017188.1
OG0007499	XP_006086675.1	NP_001405635.1
OG0007500	XP_006086495.1	XP_006525549.1
OG0007501	XP_014309266.1	NP_001390724.1, XP_006526383.1
OG0007502	XP_023607772.1	NP_001139771.1
OG0007503	XP_023603852.1	NP_036075.2, XP_036013944.1
OG0007504	XP_006081474.1	XP_006517785.1, NP_084155.2
OG0007505	XP_006081468.1	NP_766395.2
OG0007506	XP_006081625.1	NP_001347448.1, NP_032559.2
OG0007507	XP_006081407.1	XP_006517665.1, NP_776118.2
OG0007508	XP_014307300.2	NP_848831.2
OG0007509	XP_006109334.2	NP_034455.1
OG0007510	XP_023618635.1	XP_030099571.1
OG0007511	XP_006099273.2	XP_006531063.1, NP_766502.1
OG0007512	XP_023618640.1	NP_001297468.1, XP_006531428.1
OG0007513	XP_023602046.1	XP_017168373.1, NP_001139444.1
OG0007514	XP_023602851.1	XP_006531225.1, NP_001028379.2
OG0007515	XP_023602857.1, XP_023602858.1, XP_023605042.1	NP_071726.1
OG0007516	XP_006106791.1	NP_080392.1, XP_030099595.1
OG0007517	XP_006103120.1	NP_766602.1, NP_001344303.1
OG0007518	XP_023604684.1	NP_766345.3
OG0007519	XP_006107538.1	NP_083350.2, XP_011246722.1
OG0007521	XP_023602246.1	XP_030099678.1, NP_001344217.1
OG0007522	XP_006094267.1, XP_006094266.1	NP_001357685.1
OG0007523	XP_006094284.1	NP_001272795.1, NP_001272796.1, NP_001272794.1, NP_001028361.1
OG0007524	XP_006094289.1, XP_023608210.1	XP_017175850.1, NP_080246.1
OG0007525	XP_006094312.1	NP_032494.3, XP_006502877.1
OG0007526	XP_023614243.1	NP_001277644.1, XP_011238809.1
OG0007527	XP_014315997.1	XP_006502703.1, NP_001391281.1
OG0007528	XP_014306197.1	NP_001161805.1, NP_075965.2
OG0007529	XP_006086935.1, NP_001273948.1	NP_034304.1
OG0007530	XP_023616780.1	XP_011248512.1, NP_001076588.1
OG0007531	XP_006097303.1	NP_064669.2, XP_006539141.1, NP_001116464.1
OG0007532	XP_014318546.1	NP_659156.1
OG0007533	XP_014318573.1	NP_001074625.1, XP_006539218.1
OG0007534	XP_014318574.1	NP_001017968.2, XP_006539081.1
OG0007535	XP_014322838.1	NP_001349889.1
OG0007536	XP_006102020.3	XP_006538811.1, NP_001156442.1
OG0007537	XP_014322840.1	NP_076154.3
OG0007538	XP_023614097.1	NP_001008233.1
OG0007539	XP_023614092.1	XP_036019550.1, NP_031965.2
OG0007540	XP_006094075.1	NP_001356106.1, NP_001356108.1, NP_955011.1, NP_001356107.1
OG0007541	XP_006094068.1	NP_034753.1
OG0007542	XP_006094064.1	NP_080965.2
OG0007543	XP_023614088.1	NP_083677.1, XP_006539304.1
OG0007544	XP_006094056.1	NP_001364018.1
OG0007545	XP_023602453.1	XP_006538757.1
OG0007546	XP_014302323.1	NP_033427.1, XP_036019859.1
OG0007548	XP_014305116.2, XP_006103789.1	NP_036059.1
OG0007549	XP_023602145.1	NP_001344421.1, XP_030106482.1
OG0007550	XP_006088550.1	NP_001074573.1, NP_001390610.1, NP_001390611.1
OG0007551	XP_023618339.1, XP_023618338.1	NP_598768.1
OG0007552	XP_014309153.2	NP_001359188.1, NP_001359185.1
OG0007553	XP_006081236.1	NP_997537.1
OG0007554	XP_023612320.1	NP_766246.1
OG0007555	XP_006081263.1	NP_001413214.1, XP_006517217.1, NP_001413216.1, NP_038656.1
OG0007556	XP_023612623.1	NP_620403.2
OG0007557	XP_014305450.1	NP_079611.2
OG0007558	XP_023606174.1	NP_035712.1
OG0007559	XP_023606214.1, XP_023606211.1	NP_083048.1
OG0007560	XP_023606262.1, XP_023606266.1, XP_006081362.1	NP_001360932.1
OG0007561	XP_006081373.1	XP_036014095.1, NP_083486.1
OG0007562	XP_006081382.1	NP_001347095.1
OG0007564	XP_014304292.2	NP_001033790.1, NP_032097.1
OG0007565	XP_023602990.1	NP_031416.3
OG0007566	XP_014303522.1	XP_006541260.1, NP_898910.2
OG0007567	XP_023604308.1	NP_666303.3, XP_006540901.1
OG0007568	XP_023604392.1	NP_001033016.1
OG0007569	XP_006106746.1	NP_001408902.1
OG0007570	XP_006108945.3, XP_006106743.1	NP_001361553.1
OG0007572	XP_006108825.1	XP_006511020.1, NP_705729.1
OG0007574	XP_006110085.1, XP_014306658.1	XP_030100613.1, NP_444408.1
OG0007577	XP_014301944.1	XP_006503807.1, NP_034544.1
OG0007578	XP_023604574.1	NP_001074571.2
OG0007579	XP_006108205.3	XP_011239017.1
OG0007581	XP_014317998.2	NP_001355734.1
OG0007583	XP_006088560.1	XP_006503925.1, NP_033492.1
OG0007584	XP_006088592.1	XP_011239014.1, NP_848494.2
OG0007585	XP_014315143.1	NP_080227.2
OG0007586	XP_014301838.1, XP_023614862.1, XP_023614856.1	XP_006503881.1
OG0007587	XP_014316540.2	NP_062311.1
OG0007588	XP_006107543.1	NP_001297618.1
OG0007590	XP_023613521.1, XP_006108941.1	NP_084461.1
OG0007591	XP_006090333.1	NP_076019.2, XP_006514124.1
OG0007592	XP_006103300.3, XP_014305906.1	XP_006516868.1, NP_114388.2
OG0007593	XP_023601536.1	NP_034878.2, XP_006516624.1
OG0007594	XP_006106579.1	NP_031454.4, NP_001403241.1
OG0007595	XP_023603104.1	NP_644678.2
OG0007596	XP_006098959.1	XP_017169407.1, NP_033386.1
OG0007597	XP_023600138.1, XP_023605048.1	NP_113574.1
OG0007598	XP_006089770.1	XP_006513831.1, NP_808462.2
OG0007599	XP_014312177.1	NP_848794.1
OG0007600	XP_006089785.1	NP_001157848.1
OG0007601	XP_023610394.1	NP_084390.1
OG0007602	XP_014312192.1	NP_892037.2
OG0007603	XP_006106818.1	NP_001106826.1, NP_598433.1
OG0007604	XP_014312866.1, XP_006100034.2	NP_034254.1
OG0007605	XP_006090337.1	NP_001028431.2, XP_006513531.1
OG0007606	XP_006090320.1	NP_598842.1
OG0007607	XP_014312595.1	XP_006518876.1
OG0007609	XP_006090283.1	NP_080559.1
OG0007610	XP_006090237.2	XP_017171686.1
OG0007611	XP_006101036.1	NP_079587.1
OG0007612	XP_023619498.1	XP_006518628.1
OG0007615	XP_006081691.1	NP_598820.2
OG0007616	XP_006109655.3	NP_038767.1, XP_017171013.1
OG0007617	XP_014321688.1, XP_006081674.1	NP_079872.4
OG0007618	XP_014310098.1	XP_006517228.1
OG0007620	XP_006097726.1	NP_080528.2
OG0007621	XP_023617201.1	NP_742161.4
OG0007622	XP_023604230.1	XP_036016643.1
OG0007623	XP_023601226.1	XP_006514775.1, NP_796338.2
OG0007624	XP_006104188.1	NP_776145.2
OG0007625	XP_006110164.1	XP_006534585.1, NP_077795.2
OG0007626	XP_006089138.1	NP_775560.1
OG0007627	XP_006089140.1	NP_033746.1, NP_001278819.1
OG0007628	XP_023609912.1	XP_006533542.1, NP_848874.3
OG0007629	XP_006089160.1	XP_030102322.1, NP_001365168.1
OG0007630	XP_006089169.1	NP_001106796.1, NP_001239332.1
OG0007631	XP_023609878.1	NP_033268.1, NP_001277746.1
OG0007632	XP_006097492.1	NP_001405355.1, NP_001405368.1
OG0007633	XP_006097521.1, XP_006108525.1, XP_023616982.1, XP_023616986.1	XP_017173429.1, NP_001001803.2
OG0007634	XP_006106703.1	XP_030103010.1, NP_001288302.1
OG0007635	XP_006090220.1, XP_014306409.1	NP_666042.2
OG0007636	XP_023610818.1	NP_001276425.1
OG0007637	XP_023610785.1	NP_034405.1, NP_001288286.1
OG0007639	XP_023612823.1	NP_001123621.1, NP_081075.3, XP_006520084.1
OG0007640	XP_006081562.1	NP_065065.3
OG0007641	XP_014322645.1	NP_001397136.1
OG0007642	XP_006102659.1	NP_082281.2
OG0007643	XP_023619130.1	XP_006534624.1, NP_783612.2
OG0007644	XP_014306690.2	XP_006538787.3, NP_035789.1
OG0007645	XP_014319430.1	XP_006510360.1, NP_001297697.1
OG0007646	XP_006098365.1	XP_030100369.1, NP_080138.2
OG0007647	XP_023620111.1	NP_065643.1
OG0007648	XP_006109477.3, XP_006098299.1	XP_030099808.1, NP_083150.1
OG0007650	XP_014303983.1	NP_001273533.1
OG0007651	XP_023599029.1	NP_001074898.2, XP_006510400.1
OG0007652	XP_023599028.1	NP_001296319.2, XP_006510707.1
OG0007655	XP_023603515.1	NP_001347273.1
OG0007656	XP_006106413.1	XP_006510535.1, NP_958760.2
OG0007658	XP_014302160.1	XP_006510734.1, NP_076320.2
OG0007659	XP_006093558.1	NP_663589.3
OG0007660	XP_006098893.2	XP_006509904.1
OG0007661	XP_006094727.1	XP_036011198.1, NP_598500.1
OG0007662	XP_023614585.1	XP_006509915.1
OG0007663	XP_014323587.1, XP_023599841.1, XP_006102832.1	NP_001013625.1
OG0007664	XP_023604393.1	NP_001357604.1, XP_036012178.1
OG0007665	XP_006105579.1	XP_006531945.1, NP_001182639.1
OG0007667	XP_006102673.1	XP_006532223.1
OG0007668	XP_014323425.1, XP_014323424.1	NP_666131.3
OG0007669	XP_006108766.3	XP_006534128.1
OG0007670	XP_023616892.1	NP_001278370.1
OG0007671	XP_006107243.1	NP_082093.1, XP_036012885.1
OG0007672	XP_006103909.1	NP_001152877.1
OG0007673	XP_006089872.1	NP_653131.3
OG0007674	XP_023610455.1	XP_006503142.1
OG0007675	XP_014312253.1	NP_001361635.1
OG0007676	XP_023610438.1	NP_082408.3
OG0007677	XP_006096178.1	NP_001074753.1, XP_006503325.1
OG0007678	XP_023615736.1	NP_001355978.1
OG0007679	XP_023619418.1	NP_899048.2, XP_006503239.1
OG0007680	XP_014306332.2, XP_023619422.1	NP_001119959.1, XP_006503264.1
OG0007681	XP_014310121.1	XP_006503009.1
OG0007682	XP_006096922.1	NP_001406923.1
OG0007683	XP_014304983.1	NP_001153109.1
OG0007684	XP_023604624.1	NP_001035866.1
OG0007687	XP_014302502.1	XP_006539199.1, NP_001078961.1
OG0007688	XP_023604945.1	NP_796340.2, XP_036020055.1
OG0007689	XP_023602121.1	XP_006539156.1, NP_075538.1
OG0007690	XP_023602745.1	NP_058621.2, XP_006530724.1
OG0007691	XP_006109750.2	NP_065243.2, XP_006531290.1
OG0007692	XP_023616872.1	NP_001344278.1
OG0007693	XP_006087098.1	NP_077181.1
OG0007694	XP_006087099.1	NP_062681.2, XP_006530691.2
OG0007695	XP_006087105.1	NP_001156734.1
OG0007696	XP_014313463.1	NP_666330.2
OG0007697	XP_023611869.1	XP_030099366.1, NP_666326.1
OG0007698	XP_006091237.1	NP_082294.1
OG0007699	XP_006091236.1	NP_064430.1, XP_036010093.1
OG0007700	XP_006091219.1	NP_079834.2
OG0007701	XP_023618869.1	XP_006531555.1, NP_789808.1
OG0007702	XP_014320453.1	NP_079794.1
OG0007703	XP_014320441.1	XP_006531167.1, NP_796124.1
OG0007704	XP_014320427.1	XP_006530709.1
OG0007705	XP_023618896.1	NP_001012656.1
OG0007706	XP_023618911.1	XP_006531157.1, NP_851289.2
OG0007708	XP_023599862.1	NP_666132.1
OG0007709	XP_023619131.1	NP_776115.2
OG0007709	XP_006109977.2	XP_006508359.1
OG0007712	XP_006088357.1	NP_780518.1
OG0007713	XP_014310911.1	XP_006504558.2, NP_081434.1
OG0007715	XP_006108638.2	XP_011240201.1, NP_081639.1
OG0007716	XP_006105279.1	XP_017172476.1, NP_036117.1
OG0007717	XP_006096407.1	NP_034026.1, NP_001258532.1
OG0007718	XP_023600146.1, XP_006109768.2	NP_068565.1
OG0007719	XP_006086216.1	NP_001159536.1, XP_006501355.3
OG0007720	XP_014310846.1	XP_006504553.1, NP_075737.1
OG0007721	XP_014310860.1	NP_001034251.1, NP_034120.2, XP_036021051.1
OG0007722	XP_023609233.1	XP_006504585.1
OG0007723	XP_014310868.1	NP_660250.1
OG0007724	XP_023609170.1	NP_001333674.1
OG0007725	XP_006088317.1	NP_032643.2
OG0007726	XP_023609188.1	NP_067378.2, NP_001390150.1, XP_006504535.1
OG0007727	XP_006088330.1	NP_077794.2, XP_006504425.1
OG0007729	XP_006081070.1	NP_001153043.1, NP_034274.4
OG0007730	XP_006081099.1	NP_808546.1
OG0007731	XP_014307629.1, XP_014318871.2	NP_061242.3
OG0007732	XP_023617207.1	XP_006504888.1, NP_001074578.1
OG0007733	XP_023604167.1	XP_036020996.1, NP_001028484.2
OG0007734	XP_023604955.1	NP_780571.2
OG0007735	XP_006108682.3	XP_006504735.1, NP_758481.1
OG0007736	XP_006103529.1	NP_666314.1
OG0007737	XP_014301196.1	NP_062648.1, NP_001347393.1, XP_006508112.1
OG0007738	XP_023602211.1	XP_036009367.1
OG0007739	XP_023604797.1	XP_030098485.1, NP_001094958.1
OG0007740	XP_023603448.1	XP_017177696.1
OG0007741	XP_006106632.1	NP_001074798.1, XP_036008761.1
OG0007742	XP_023607325.1	NP_001028490.2, XP_006507762.2
OG0007743	XP_023600147.1	NP_848501.1
OG0007744	XP_006109870.2	NP_663560.1
OG0007745	XP_023620007.1	NP_001026984.1, XP_006507740.1
OG0007746	XP_006101719.1	NP_653101.1, XP_036015989.1
OG0007747	XP_014301839.2	XP_036016033.1
OG0007748	XP_023601037.1, XP_014315220.1	NP_001404625.1
OG0007749	XP_023610987.1	XP_006522279.1, NP_038824.2
OG0007750	XP_006090450.1	NP_001121197.1
OG0007751	XP_014312736.1	XP_036015690.1
OG0007752	XP_023611081.1	XP_011244347.1, NP_084468.1
OG0007753	XP_023611020.1	NP_780556.2, XP_030104775.1
OG0007754	XP_006109255.2, XP_014312791.1	XP_006522412.1
OG0007759	XP_006090524.1	XP_030105482.1, NP_722479.1
OG0007760	XP_014312836.1	NP_064689.2
OG0007761	XP_023611086.1	XP_017173235.1
OG0007762	XP_023603370.1	NP_001355616.1
OG0007763	XP_023620255.1	XP_011244934.1, NP_082332.1
OG0007764	XP_006100952.1	NP_077246.2, NP_001396515.1
OG0007765	XP_023620245.1	NP_001351825.1, NP_001351824.1
OG0007766	XP_006100932.1	NP_945175.1
OG0007767	XP_023620243.1	NP_065633.2, NP_001390494.1, XP_006524762.1
OG0007769	XP_023603599.1, XP_023603600.1, XP_014304555.1, XP_023603598.1	NP_001183953.1
OG0007770	XP_023601813.1	NP_663384.2, XP_006524080.1
OG0007771	XP_006103706.1	NP_001366323.1
OG0007772	XP_014304681.1	NP_034952.2
OG0007773	XP_006092602.1, XP_014321113.1	NP_033855.2
OG0007774	XP_023612840.1	NP_082386.2
OG0007775	XP_014314495.1, XP_023612845.1	NP_031677.1
OG0007776	XP_006110199.1	XP_006502538.1
OG0007777	XP_006092652.1	XP_006501286.3, NP_001258528.1
OG0007778	XP_023612859.1	NP_081107.1
OG0007779	XP_006100603.1	NP_849222.3
OG0007780	XP_023619877.1	NP_031755.2, XP_006501032.1
OG0007781	XP_006103692.1	NP_001273679.1
OG0007782	XP_006103696.1	XP_036019120.1, NP_075703.1
OG0007783	XP_023601949.1	XP_006501946.1
OG0007785	XP_006107951.1	XP_006501962.1, NP_077140.1
OG0007786	XP_006109644.3	NP_082320.1
OG0007787	XP_006098155.1	NP_033017.2
OG0007788	XP_023614016.1	XP_006502160.1, NP_082046.2
OG0007789	XP_006093980.1	NP_001074563.1
OG0007790	XP_006086211.1	NP_075359.1
OG0007791	XP_006086175.1	NP_001343292.1
OG0007792	XP_023607507.1	XP_011238456.1, NP_796040.3
OG0007793	XP_023618643.1	NP_001013828.1
OG0007794	XP_006099286.1	NP_001343278.1, NP_001343279.1
OG0007795	XP_023608529.1	NP_032009.2
OG0007797	XP_014312355.1	NP_663390.2
OG0007798	XP_006089998.1, XP_006108724.1	NP_076216.3
OG0007799	XP_023609775.1	NP_032235.1, NP_001341991.1
OG0007800	XP_006105027.1	NP_112441.2, XP_006529195.1
OG0007801	XP_006098966.1	NP_080203.1, XP_017170202.1
OG0007802	XP_023605167.1, XP_023619037.1	NP_001077366.1, NP_001001880.1
OG0007803	XP_023604201.1	NP_001274108.1, XP_006529793.2
OG0007804	XP_014312329.1, XP_023610534.1, XP_023610535.1	NP_001074728.1
OG0007805	XP_023610581.1	XP_006497209.1, NP_081072.1
OG0007806	XP_014311546.1	XP_006529963.1, NP_001034273.1
OG0007807	XP_023609771.1	NP_075757.1, NP_001020116.1
OG0007808	XP_006089032.1	NP_034842.2
OG0007809	XP_006089049.1	NP_035397.2
OG0007810	XP_023610497.1	NP_079953.2
OG0007811	XP_023610500.1	XP_006529858.1, NP_001034733.2
OG0007812	XP_014312306.1	NP_001344508.1, NP_663486.2
OG0007813	XP_006099253.1	NP_033562.3
OG0007814	XP_006089003.1	NP_001192133.1, XP_011237041.1
OG0007815	XP_023609696.1	NP_808507.2, XP_006496967.1
OG0007816	XP_014311510.1	NP_001034571.1
OG0007817	XP_006088969.1	XP_006496824.1, NP_766233.2
OG0007818	XP_023619035.1	XP_030108191.1, NP_035476.1
OG0007819	XP_006099665.1	NP_032536.1
OG0007820	XP_023619036.1	NP_848708.2, XP_006496844.1, NP_001033935.1
OG0007821	XP_006106638.1	NP_067623.1, NP_001347854.1
OG0007822	XP_006106637.1	NP_001136420.2
OG0007823	XP_006102845.1	NP_034339.2
OG0007824	XP_014323630.1	XP_006497000.1
OG0007825	XP_023601537.1	NP_081353.1, XP_006497039.1
OG0007826	XP_006104179.1	NP_032275.2
OG0007827	XP_023617293.1	XP_006502270.1, NP_083247.1
OG0007828	XP_023617294.1	XP_006501187.1, NP_001028296.1
OG0007829	XP_006097847.1	NP_031785.1
OG0007830	XP_006097863.1	NP_839977.2, XP_006501406.1
OG0007831	XP_023617300.1	NP_001014995.1
OG0007832	XP_014316618.1, XP_014316617.1	NP_065263.1
OG0007833	XP_023615060.1	NP_536714.2
OG0007834	XP_023615006.1	NP_081591.3, XP_036019192.1
OG0007835	XP_023614934.1	NP_034689.2
OG0007836	XP_006095161.1	NP_035956.1
OG0007837	XP_014316669.1	XP_006502373.5
OG0007838	XP_006095196.1	NP_996807.1
OG0007839	XP_006095206.1	NP_080650.1, XP_036019146.1
OG0007840	XP_014308036.1	NP_001182562.1, XP_006526508.1
OG0007841	XP_006085220.1	NP_001347736.1, NP_659110.1, XP_006525888.1
OG0007842	XP_023612169.1	NP_001161249.1, XP_006525803.1
OG0007843	XP_006091725.1	XP_006525886.1, NP_001074872.1
OG0007844	XP_006097255.1	NP_062729.1
OG0007845	XP_006097450.1	XP_006525788.1, NP_033097.1
OG0007846	XP_006097446.1	NP_067497.2
OG0007847	XP_006089316.1	NP_075783.2
OG0007848	XP_006089320.1	NP_034997.2
OG0007849	XP_023610005.1	NP_033010.2, NP_001344554.1
OG0007850	XP_006089343.1	XP_006523456.1, NP_001020743.1
OG0007851	XP_006089372.1	NP_598899.1
OG0007852	XP_006089373.1	NP_033003.1, XP_011245160.1, NP_001120649.1
OG0007853	XP_006089376.1	NP_082388.1, NP_001034177.1
OG0007854	XP_023610041.1	XP_006526304.1, NP_081832.1
OG0007855	XP_023602624.1	NP_082273.1, NP_001348839.1, NP_001348841.1
OG0007856	XP_023607240.1	NP_598815.2, XP_036013603.1
OG0007857	XP_014301022.2	XP_006515992.1, NP_766611.2
OG0007858	XP_023604088.1, XP_006100562.1	NP_742164.2, NP_001349274.1
OG0007859	XP_006100136.1	NP_038796.2
OG0007860	XP_014320964.1	NP_955764.1
OG0007861	XP_023619474.1	NP_001357828.1, XP_006519928.1
OG0007862	XP_006100104.1	NP_034242.2
OG0007863	XP_023619466.1	NP_796023.2
OG0007864	XP_006102323.1	NP_001185938.1, NP_598495.1, XP_006519144.1
OG0007865	XP_006102314.1	NP_001152889.1
OG0007866	XP_023607303.1, XP_023607301.1, XP_023607302.1	NP_083821.1
OG0007867	XP_023607295.1	NP_001395650.1
OG0007868	XP_006085902.1	NP_081274.2
OG0007869	XP_006085942.1	NP_082803.1, NP_001093586.1
OG0007871	XP_006085877.1, XP_023607261.1	NP_001409421.1
OG0007872	XP_006099328.1	NP_079932.2
OG0007873	XP_014313081.1	NP_766166.2
OG0007874	XP_006107417.1	NP_031507.1
OG0007875	XP_023616538.1	XP_006519583.1, NP_001297463.1
OG0007876	XP_014320732.2	NP_081768.2, XP_006519605.1
OG0007877	XP_006099648.2	XP_011243458.1, NP_080232.3
OG0007878	XP_006099632.1	NP_077167.1
OG0007879	XP_023615694.1	XP_006516438.1
OG0007880	XP_006096097.1	NP_001032806.2, XP_011242456.1
OG0007881	XP_006091057.1	XP_006515997.1, NP_038766.1
OG0007882	XP_006091064.2	NP_067532.2, NP_001349198.1
OG0007883	XP_006091099.2	NP_058080.2
OG0007884	XP_023611636.1	NP_001170974.1, XP_011242361.1
OG0007885	XP_006091085.1	NP_001334344.1
OG0007886	XP_014313319.1	NP_001139689.1, XP_006516198.1
OG0007887	XP_006091093.1	XP_036013058.1, NP_536688.2
OG0007888	XP_023617098.1	NP_001346095.1
OG0007889	XP_023617166.1	NP_001351344.1
OG0007890	XP_023617094.1	XP_036013030.1, NP_001363868.1
OG0007891	XP_023617947.1	XP_006516455.1, NP_084501.1
OG0007892	XP_006098492.1	NP_780546.1, NP_001291404.1, XP_006515766.1
OG0007893	XP_023608303.1	NP_001182696.1, XP_006516189.1, NP_001405192.1
OG0007894	XP_006087036.1	NP_035474.1, NP_001034178.1
OG0007895	XP_006101738.1	XP_011242395.1, NP_001364312.1, NP_001277232.1, NP_898978.2
OG0007896	XP_006100576.1	NP_075536.1
OG0007897	XP_023602618.1	NP_031644.1
OG0007898	XP_006106224.1	NP_001035772.1, NP_444385.2
OG0007899	XP_014305515.1	NP_001239437.1
OG0007900	XP_023617787.1	NP_001073352.1, NP_001273272.1, NP_067374.2, XP_011242454.1
OG0007901	XP_023603646.1	NP_001351195.1
OG0007902	XP_006103176.1	XP_030102395.1
OG0007903	XP_023600204.1	NP_033563.2
OG0007904	XP_023601749.1	NP_001074526.1
OG0007905	XP_014303792.2	XP_006515859.1, NP_035755.1
OG0007906	XP_006107777.1	NP_083332.1, XP_006516379.1
OG0007908	XP_006096827.1	NP_031664.3
OG0007909	XP_006100872.3	NP_001182473.1
OG0007910	XP_006098996.1	XP_006532287.1, NP_032145.2
OG0007912	XP_006092371.1	NP_079680.1
OG0007913	XP_006107715.1	NP_031893.3, XP_030101379.1
OG0007915	XP_006109795.1	NP_694696.2
OG0007916	XP_006109215.1	XP_006534045.1, NP_690020.1
OG0007917	XP_023604517.1	XP_006534347.1
OG0007919	XP_014307151.1	NP_001136206.1, XP_036008337.1
OG0007920	XP_023604367.1	XP_006532166.1, NP_031649.2
OG0007921	XP_006110202.3	NP_598518.1
OG0007922	XP_023604516.1	NP_033413.2
OG0007924	XP_014301296.1	NP_058548.1
OG0007925	XP_023600537.1	NP_001392056.1, XP_017169838.1
OG0007926	XP_023600543.1	NP_001028947.1
OG0007927	XP_006103469.1	NP_001334574.1, NP_081005.1
OG0007929	XP_023605213.1	NP_034480.2, XP_017169765.1
OG0007930	XP_006094973.1	NP_001349680.1
OG0007931	XP_023612705.1	NP_666052.1
OG0007932	XP_023612768.1	XP_006533206.1, NP_938034.2
OG0007933	XP_014314165.1	NP_032365.1
OG0007934	XP_014322413.1, XP_006092228.1	NP_081622.1, XP_036012867.1
OG0007935	XP_006092229.1	NP_082222.1
OG0007936	XP_014305846.1, XP_023612574.1	NP_062624.2
OG0007937	XP_023602060.1	NP_690026.2
OG0007938	XP_006092344.1	NP_766535.1, XP_006533477.1
OG0007939	XP_023612738.1	XP_036012857.1, NP_659078.1
OG0007940	XP_023612656.1	NP_062530.2
OG0007941	XP_014316528.1	XP_011247070.1, NP_034790.2
OG0007942	XP_006100851.1	NP_035901.1, XP_006533267.1
OG0007943	XP_006100840.1	NP_659077.1
OG0007945	XP_006098976.1	NP_084496.2
OG0007946	XP_006098980.1	NP_084524.1
OG0007947	XP_014319945.1	NP_001123922.1
OG0007948	XP_006105319.1	NP_001366617.1
OG0007949	XP_006105320.1	NP_444391.1, XP_006534630.1
OG0007950	XP_006102929.1	NP_659076.2
OG0007951	XP_014323690.1	NP_080589.1
OG0007952	XP_023599977.1	XP_006533560.1, NP_861540.2
OG0007953	XP_023599965.1	XP_006531947.1
OG0007954	XP_006095646.1	NP_032822.2
OG0007955	XP_023615386.1	XP_036012659.1, NP_796141.2
OG0007956	XP_006092298.1	NP_001025105.1, XP_011247292.1
OG0007957	XP_023612520.1	NP_031633.1, XP_006532158.1
OG0007958	XP_006092306.3	XP_030101559.1, NP_808232.2
OG0007959	XP_006092312.1	NP_663408.2
OG0007960	XP_023612608.1	NP_579938.2, XP_030101321.1
OG0007961	XP_006101974.1	XP_030102161.1, NP_081703.1
OG0007962	XP_006099936.1	NP_848731.2
OG0007963	XP_014322919.1, XP_023605125.1	NP_001025027.1, XP_006533295.1
OG0007964	XP_014317026.1	NP_001028883.1, NP_034291.1
OG0007965	XP_006095567.1	XP_036012300.1, NP_032728.3
OG0007966	XP_006095591.2	NP_258436.2, NP_001152954.1
OG0007967	XP_023615318.1	XP_006532700.1, NP_067261.2
OG0007968	XP_023618578.1	NP_899086.2
OG0007969	XP_006099249.1	XP_006532570.1, NP_032942.1
OG0007970	XP_014320192.1	NP_001096081.1, XP_006533598.1
OG0007971	XP_023618599.1	XP_006532465.1, NP_034943.3
OG0007972	XP_006108754.1	NP_080297.1
OG0007978	XP_014306250.1	NP_038705.2
OG0007979	XP_006108429.1	NP_084138.1
OG0007980	XP_023605074.1	NP_062371.2, NP_001033702.1
OG0007981	XP_006104469.1	NP_683730.1, NP_001277413.1, XP_011237479.1
OG0007982	XP_006104462.1	NP_766565.2
OG0007983	XP_023600226.1	NP_758471.1
OG0007984	XP_006103212.1	XP_030107922.1
OG0007985	XP_006103195.1	NP_080891.1
OG0007986	XP_023600228.1	NP_848808.1, XP_017172776.1
OG0007987	XP_006102139.1	XP_017172887.1
OG0007988	XP_006102146.1	NP_031958.2
OG0007989	XP_006102152.1	NP_001399463.1, NP_001356151.1
OG0007990	XP_006096351.1	NP_001277571.1, NP_001094061.1, XP_006498187.1
OG0007991	XP_023605248.1	NP_828874.3
OG0007992	XP_006102859.1	NP_444416.2
OG0007993	XP_006095521.1	NP_034325.2
OG0007994	XP_014315482.1	NP_001317089.1, XP_030100775.1
OG0007995	XP_006093737.1	NP_001157669.1, NP_067387.1
OG0007996	XP_014315449.1	NP_034283.1
OG0007997	XP_006093686.1	NP_001028436.2
OG0007998	XP_023613706.1	XP_006513621.1
OG0007999	XP_023613739.1	NP_080258.1
OG0008000	XP_006096914.1	NP_062760.3
OG0008001	XP_006096916.1	NP_036045.1
OG0008002	XP_006096920.1	NP_080893.1
OG0008003	XP_023616431.1	NP_536694.2
OG0008004	XP_014316959.1	NP_666353.2
OG0008005	XP_006099221.1	XP_006514280.1, NP_082884.1
OG0008006	XP_023602983.1	NP_001264174.1, NP_038483.1
OG0008007	XP_023602981.1	XP_030104587.1, NP_081093.2
OG0008008	XP_006106441.3	NP_064361.2
OG0008009	XP_006108101.1	XP_006521156.1, NP_001156791.1
OG0008010	XP_014305471.2	NP_112550.2, XP_006521619.1
OG0008011	XP_023601557.1, XP_023605027.1	NP_034310.2
OG0008012	XP_023601558.1	XP_036015444.1
OG0008013	XP_023603392.1	XP_006521594.2
OG0008014	XP_006098565.1	NP_081190.1, XP_036015460.1
OG0008015	XP_006098581.2	NP_598856.1
OG0008016	XP_023618024.1	XP_017172009.1, NP_001074485.1
OG0008017	XP_006098622.1	NP_001156661.1, XP_006521197.1
OG0008018	XP_023602391.1	NP_034925.2, XP_006520616.1
OG0008019	XP_014304598.1	NP_001192274.1
OG0008020	XP_023599545.1	XP_006520347.1
OG0008021	XP_006105784.1	NP_061219.2, NP_001398855.1
OG0008022	XP_014305114.1, XP_014314653.1	NP_705771.2
OG0008023	XP_006107672.1	NP_080855.1
OG0008024	XP_006085794.1	NP_001365992.1
OG0008025	XP_023607134.1	XP_006513267.1, NP_034230.1
OG0008026	XP_006100753.1	NP_001074667.1
OG0008027	XP_023599759.1	NP_034683.1, XP_006495773.1
OG0008028	XP_006100911.1	NP_081126.2
OG0008029	XP_014318961.1	XP_011236763.1
OG0008030	XP_023614742.1	NP_081189.1, XP_036009296.1, NP_001343191.1
OG0008031	XP_023617236.1	NP_061360.2, XP_006496213.1
OG0008032	XP_023599891.1	NP_001297442.1
OG0008033	XP_006083455.1	XP_017172817.1, NP_035234.1
OG0008034	XP_023602883.1	XP_030105331.1, NP_034267.3
OG0008035	XP_014303064.1	NP_064320.1
OG0008036	XP_006083384.1	XP_011242053.1, NP_082145.1
OG0008037	XP_023602153.1	NP_620692.3
OG0008039	XP_023613225.1	NP_080852.2
OG0008040	XP_006093038.1	XP_036021735.1, NP_038556.1
OG0008041	XP_006093033.1	XP_006506119.1, NP_035948.3
OG0008042	XP_006109275.3	XP_036015253.1, NP_663450.3
OG0008044	XP_006108152.1	NP_035235.2
OG0008045	XP_006101965.1	NP_783574.1
OG0008047	XP_014305910.1, XP_006106845.1	NP_766381.1
OG0008048	XP_023599657.1	NP_666038.3
OG0008050	XP_006081195.1	NP_080493.2
OG0008051	XP_006081190.1	NP_001405720.1
OG0008052	XP_006081186.1	NP_061214.2, XP_006525789.1
OG0008053	XP_006081172.1	NP_032318.2
OG0008054	XP_023599366.1	NP_083670.1, NP_001357690.1
OG0008055	XP_023610590.1	NP_001001979.1
OG0008056	XP_006081129.1	NP_001074541.1
OG0008057	XP_006081649.1	XP_036017012.1, NP_001161397.2, NP_776120.3
OG0008058	XP_006081646.1	NP_083603.4
OG0008059	XP_006100231.1	NP_080755.2
OG0008060	XP_006100239.1	XP_006533602.1
OG0008061	XP_014309361.1	NP_058623.2, NP_001156476.1, XP_017173433.1
OG0008062	XP_014309362.1	NP_001028793.1, XP_006526194.1
OG0008063	XP_023601080.1	XP_006527132.1, NP_766424.2
OG0008064	XP_006090759.1	NP_081097.2
OG0008065	XP_023611325.1	NP_808531.2, XP_006538076.1
OG0008066	XP_006108796.2, XP_014316364.1	XP_006538438.1, NP_001355550.1
OG0008067	XP_006094873.1	NP_001074565.1, XP_017175923.1
OG0008068	XP_023614683.1	NP_001390640.1
OG0008069	XP_006094860.1	XP_006537940.1
OG0008070	XP_023620518.1	XP_006503396.1, NP_081365.2
OG0008071	XP_006098853.1	NP_598858.2
OG0008072	XP_023618218.1	NP_796149.2, NP_001159481.1
OG0008074	XP_006109298.2, XP_023618232.1	NP_058586.3
OG0008075	XP_023610277.1	NP_036095.1
OG0008076	XP_006102763.2	NP_001355769.1
OG0008077	XP_023616111.1	XP_017175776.1, NP_941062.2
OG0008078	XP_023616120.1	NP_849224.2
OG0008079	XP_006096568.1	XP_006537901.1, NP_001343201.1
OG0008080	XP_006088170.1	NP_001414109.1, XP_017175915.1
OG0008081	XP_014310704.1	XP_006537594.1
OG0008082	XP_023608989.1	NP_033343.1
OG0008083	XP_006088105.1	NP_061231.3
OG0008084	XP_023608993.1	NP_001371044.1, NP_035337.2, XP_006538160.1
OG0008085	XP_006088081.1	NP_001391362.1
OG0008086	XP_006088078.1	NP_001013595.1
OG0008087	XP_006088061.1, XP_023605110.1	NP_001277450.1
OG0008088	XP_006088057.2	XP_006537799.1
OG0008090	XP_006091167.1	XP_017171158.1, NP_034536.3
OG0008091	XP_006088159.1	NP_001156760.2, XP_006538204.1
OG0008092	XP_014303448.1	NP_031891.2, NP_001365971.1, XP_011244569.1
OG0008093	XP_006093313.1	XP_006495586.1, NP_665855.2
OG0008094	XP_006095348.1	NP_084392.1
OG0008095	XP_006103978.1	XP_006524936.1, NP_081263.2
OG0008096	XP_023600920.1	NP_038882.1
OG0008097	XP_006103979.1	XP_006524938.1, NP_001028802.1
OG0008098	XP_014302415.1	XP_006524949.1, NP_081642.1, NP_001392084.1, NP_001392085.1, NP_001392086.1
OG0008099	XP_023604238.1, XP_006109248.1	NP_038512.2
OG0008100	XP_006104428.2	NP_059102.2
OG0008101	XP_006107848.2	NP_001157242.1
OG0008102	XP_014302210.2	XP_011244772.1
OG0008105	XP_023604150.1	NP_542120.2, XP_006523775.1
OG0008106	XP_023620540.1	XP_006524386.1
OG0008107	XP_006101301.1	NP_001344924.1
OG0008108	XP_023620552.1	NP_080566.2
OG0008109	XP_006104452.3	NP_067394.1
OG0008110	XP_023601089.1	XP_006525104.1, NP_001355352.1
OG0008111	XP_006104183.1	XP_017171655.1, NP_080485.1
OG0008112	XP_023600273.1	NP_081728.2
OG0008113	XP_014304941.2	XP_036016563.1, NP_001277266.1
OG0008114	XP_023619881.1	NP_082341.1
OG0008115	XP_023619889.1	XP_006523552.1
OG0008116	XP_006100640.1	NP_733780.1, NP_660122.1, NP_001334325.1
OG0008117	XP_006098632.1	NP_001400551.1
OG0008118	XP_006098640.1	XP_011244703.1, NP_941010.2
OG0008119	XP_023618060.1	NP_001139510.1
OG0008120	XP_006098649.1	NP_001273582.1
OG0008121	XP_006108155.1, XP_014315129.1	NP_034425.1, XP_006510875.1
OG0008122	XP_023610074.1	XP_006495705.1, NP_031759.2
OG0008123	XP_023610082.1	XP_036013205.1, NP_031766.3
OG0008124	XP_023610077.1	NP_001366011.1
OG0008125	XP_014311841.1	NP_080934.2
OG0008126	XP_006089415.1	XP_006511191.1, NP_001263381.1, NP_766361.1
OG0008127	XP_006089395.1	NP_694738.1
OG0008128	XP_014311872.1, XP_006108861.1	NP_001395181.1
OG0008129	XP_023610963.1	NP_001074685.1, XP_006511627.1
OG0008131	XP_014316875.1	NP_001333991.1
OG0008132	XP_006095429.1	NP_036014.1
OG0008133	XP_006091849.1	NP_001028397.2, XP_036019461.1
OG0008134	XP_006091878.1	NP_001406369.1
OG0008135	XP_006091867.1	NP_780573.1
OG0008136	XP_023612276.1	NP_001103131.1, XP_006537629.1
OG0008137	XP_006091873.1	NP_034271.3, XP_036019542.1
OG0008138	XP_006095900.1	NP_766275.1
OG0008139	XP_023620370.1	XP_011241482.1, NP_001026942.1
OG0008140	XP_006098072.1	NP_001074523.1
OG0008141	XP_006098080.1	NP_082048.2
OG0008142	XP_006098084.1	XP_036011658.1, NP_689415.1
OG0008143	XP_006101759.1	NP_665686.2
OG0008144	XP_006104093.1	XP_006512828.1, NP_808461.1
OG0008145	XP_014307261.1	NP_033795.1, NP_031470.3
OG0008146	XP_006110054.2	NP_075812.3
OG0008147	XP_006084432.1	NP_082282.1, XP_036011922.1
OG0008148	XP_014307443.2	XP_030100987.1, NP_001120848.1
OG0008149	XP_023601255.1	NP_705796.1, XP_006504015.1
OG0008151	XP_006104217.1, XP_014310031.1	NP_277056.1
OG0008152	XP_006104215.1	NP_001345709.1
OG0008153	XP_014315216.2	NP_955770.1
OG0008154	XP_023613560.1	NP_083698.1
OG0008155	XP_023613561.1	XP_011243909.1, NP_001344886.1
OG0008156	XP_023606678.1	NP_619615.2
OG0008157	XP_023606662.1	NP_080476.2, XP_006521360.1
OG0008158	XP_006085299.1	NP_775598.2
OG0008159	XP_023606705.1	NP_056559.2, XP_036015136.1
OG0008160	XP_014308160.1	NP_001074757.1, XP_011243959.1
OG0008161	XP_023606723.1	NP_001033026.1, NP_663445.2
OG0008162	XP_023606725.1	NP_598853.3
OG0008163	XP_023606726.1	NP_057876.1, NP_001398698.1
OG0008164	XP_006086389.1	NP_081711.2
OG0008165	XP_006086373.1	NP_780435.1, XP_017172276.1
OG0008166	XP_006086363.1	NP_033296.1
OG0008167	XP_023604883.1, XP_006093352.1	NP_690887.2
OG0008168	XP_023605193.1	NP_001074535.1, XP_006520315.1
OG0008169	XP_006101270.3, XP_023604778.1	NP_742119.1
OG0008170	XP_006108091.2	XP_006521315.1, NP_079688.2
OG0008172	XP_023604068.1	NP_001403226.1, NP_001345838.1
OG0008174	XP_006104566.1, XP_023605178.1	NP_073146.2
OG0008175	XP_023609434.1	NP_001158278.1, XP_030110626.1
OG0008176	XP_006101345.2	NP_001343540.1, NP_848714.1
OG0008177	XP_023620568.1	XP_006504200.1, NP_082470.2
OG0008178	XP_023601254.1	XP_006504218.1, NP_848474.2
OG0008179	XP_023614073.1	NP_062388.1
OG0008180	XP_014315665.2	NP_776126.1, XP_006534916.1, NP_001363933.1
OG0008181	XP_006094003.1	NP_742158.1
OG0008182	XP_014316079.1	XP_011247763.1
OG0008183	XP_023614409.1, XP_023614410.1	XP_006535239.1, NP_081064.1
OG0008184	XP_023611092.1	XP_006505075.1, NP_001074775.1
OG0008185	XP_006100278.1	NP_848774.1
OG0008186	XP_023609313.1	XP_036021648.1, NP_473414.1
OG0008187	XP_006088415.1	NP_082202.1, XP_017177239.1
OG0008188	XP_006088417.1	NP_001019869.1, XP_011239359.1
OG0008189	XP_006088418.1	XP_006505257.1, NP_081349.1, NP_083649.1
OG0008190	XP_006109356.2, XP_006088421.1	NP_001298015.1
OG0008191	XP_023609317.1	XP_036008175.1
OG0008192	XP_023609318.1, XP_023603204.1	NP_001276592.1
OG0008193	XP_006106721.1	XP_011239362.1
OG0008194	XP_006090552.1	NP_083176.3, NP_001414050.1
OG0008195	XP_014306570.2, XP_014320099.1	XP_006503615.1, NP_032856.2
OG0008196	XP_006099131.1	NP_038754.1
OG0008197	XP_006099145.2	NP_473439.2
OG0008198	XP_006085017.1	NP_077222.4
OG0008199	XP_023606435.1	NP_849230.1, XP_006505020.1
OG0008200	XP_006085020.1	NP_033390.1, NP_001368837.1
OG0008201	XP_023606437.1	NP_001396540.1
OG0008202	XP_014307921.1	NP_080908.1, XP_036011131.1
OG0008203	XP_014307930.1	NP_032777.3
OG0008204	XP_006085101.1	XP_011242177.1, NP_848882.2
OG0008205	XP_023606530.1	XP_011242209.2
OG0008206	XP_006088862.1	NP_001393046.1
OG0008207	XP_006088835.1	NP_001361674.1
OG0008208	XP_006088818.1	NP_001342525.1
OG0008209	XP_023609628.1	XP_006506009.1
OG0008210	XP_023606772.1	NP_001159679.1, XP_006510490.1
OG0008211	XP_023606771.1	XP_006510769.1, NP_065611.1
OG0008212	XP_023606800.1	XP_011242611.1, NP_036184.1
OG0008213	XP_023603220.1, XP_014304108.1, XP_006106741.2	NP_038590.2
OG0008214	XP_014309975.2	NP_001103600.1
OG0008216	XP_014319280.1	XP_006503082.1, NP_766288.1
OG0008217	XP_006098202.1	NP_001333589.1, XP_006502720.1
OG0008218	XP_006098195.1	XP_006503540.1, NP_083938.2
OG0008219	XP_006098193.1	XP_036020248.1, NP_080149.2
OG0008220	XP_006098196.1	NP_001290050.1
OG0008221	XP_006099188.1	NP_898986.2
OG0008222	XP_006099196.1	NP_032662.3
OG0008223	XP_023618536.1	XP_017175641.1, NP_001243361.1
OG0008224	XP_023608591.1	XP_036019916.1
OG0008225	XP_006110149.1	XP_006502801.2
OG0008226	XP_006108221.1	NP_079923.3
OG0008227	XP_006087337.1	NP_780517.1, XP_011238683.1
OG0008228	XP_023617701.1	XP_030109301.1, NP_705741.3
OG0008229	XP_023617658.1	NP_001408233.1
OG0008230	XP_006098266.1, XP_006106056.2, XP_006099151.1	NP_083692.2
OG0008231	XP_023608451.1	NP_001155295.1
OG0008232	XP_023608580.1	NP_075712.2
OG0008233	XP_014310134.2, XP_023601266.1, XP_014306331.1	NP_081208.1
OG0008234	XP_006087514.1	NP_038660.1, XP_011243453.2, NP_001116843.1
OG0008235	XP_023608598.1	NP_001011687.1, XP_006519281.1
OG0008236	XP_023602027.1	NP_848725.2
OG0008237	XP_023605540.1, XP_023605180.1	NP_001387926.1
OG0008238	XP_006084054.1	XP_006514018.1, NP_001074715.1
OG0008239	XP_014306968.2	NP_082016.1, XP_036011774.1
OG0008240	XP_006084083.1	NP_001001932.1, XP_006513585.1
OG0008241	XP_006096153.1	XP_030101040.1, NP_061267.1
OG0008242	XP_023605646.1	XP_017169617.1, NP_083442.2
OG0008243	XP_006084154.1	NP_001157172.1
OG0008244	XP_023608606.1	XP_006531463.1, NP_898919.3
OG0008245	XP_014311262.1	NP_001071156.1, NP_109620.2, XP_006502410.1
OG0008246	XP_006081861.1	XP_011238598.1
OG0008247	XP_023609057.1	NP_084073.2
OG0008248	XP_023610968.1	NP_766269.3, XP_006501386.1
OG0008249	XP_023609085.1	NP_001104518.1, NP_034326.1
OG0008250	XP_006081875.1	NP_001304034.1
OG0008251	XP_006081928.1	NP_001344675.1, NP_064355.1
OG0008252	XP_014302051.1	NP_083758.1
OG0008253	XP_006081900.1	XP_036009809.1, NP_001157036.1
OG0008254	XP_023611088.1	NP_079741.1
OG0008256	XP_023614661.1	XP_006506389.1, NP_958758.2
OG0008257	XP_023614655.1	XP_011239436.1, NP_647455.3
OG0008258	XP_006094775.1	NP_080888.1, NP_001345726.1
OG0008259	XP_006094771.1	XP_006506488.1, NP_849204.1
OG0008260	XP_006101409.1	NP_035669.3
OG0008261	XP_023617423.1	XP_006506774.1, NP_001028343.2
OG0008262	XP_023601075.1	NP_659542.3
OG0008263	XP_006106767.1	NP_001239216.1, NP_001239211.1
OG0008264	XP_014304220.2	NP_001278786.1, XP_036012137.1
OG0008265	XP_023620319.1	NP_001002897.2
OG0008266	XP_023620316.1	XP_006535700.1
OG0008267	XP_014321856.2	XP_006535781.1, NP_001074910.1
OG0008268	XP_014320848.1, XP_023620320.1	NP_444305.2
OG0008269	XP_006103265.1	XP_011242321.1, NP_035345.2
OG0008270	XP_014318368.2	NP_084160.2
OG0008271	XP_006097109.1	NP_035260.1
OG0008272	XP_014318383.1, XP_006109075.1	NP_001153246.1
OG0008273	XP_006086316.1	XP_006509109.1, NP_666061.3
OG0008274	XP_023607663.1	NP_001389770.1, NP_796063.3
OG0008275	XP_006086306.1	XP_006509186.1, NP_001350998.1
OG0008276	XP_006086332.1	XP_006509274.1, NP_083950.1
OG0008277	XP_006086288.1	XP_006509044.1, NP_473398.1, NP_001350408.1
OG0008278	XP_006086248.1	XP_006509043.1, NP_848763.2
OG0008279	XP_006086228.1	XP_036010143.1, NP_080343.4
OG0008280	XP_006086227.1	NP_001074748.1
OG0008281	XP_023616958.1	XP_030099531.1, NP_291038.2
OG0008282	XP_014314559.1	NP_001074755.2, XP_006509330.1
OG0008283	XP_023612931.1, XP_014314568.1	XP_011240486.1, NP_705763.1
OG0008284	XP_006099424.2	NP_765995.1
OG0008285	XP_014320366.1	XP_036010161.1
OG0008286	XP_006109529.1, XP_006106474.1	NP_598552.2, XP_036010056.1
OG0008287	XP_006108929.1, XP_006109218.2	NP_081068.1
OG0008288	XP_023604802.1	NP_766339.2, XP_017168158.1, NP_001032825.1
OG0008289	XP_023602850.1	NP_082104.2
OG0008290	XP_014304505.1	XP_011240607.1, NP_766601.2
OG0008291	XP_014306088.1	XP_006515268.1, NP_852060.2
OG0008293	XP_006109439.3	NP_444386.2, NP_001351288.1
OG0008294	XP_023602931.1	NP_001076810.1, XP_006515230.1, NP_080313.2
OG0008295	XP_006102397.1	XP_036014168.1, NP_035869.1
OG0008296	XP_006102410.1	XP_006515210.1, NP_150373.2
OG0008297	XP_006091783.2	NP_035649.1, XP_006515108.1
OG0008298	XP_023601581.1	NP_032471.2
OG0008299	XP_014320757.1	XP_006535799.1, NP_001014416.2
OG0008300	XP_023619219.1	NP_001028632.1, XP_017176442.1
OG0008301	XP_006099868.1	NP_001297453.1
OG0008302	XP_023619253.1	NP_444315.1, XP_006504158.1
OG0008303	XP_023619246.1	XP_036020682.1, NP_032063.2
OG0008304	XP_023603194.1	NP_001074876.1, XP_006504110.1
OG0008305	XP_023614400.1	NP_083530.1
OG0008306	XP_023614395.1	NP_031465.2
OG0008307	XP_023614374.1	XP_006525172.1, NP_598532.1
OG0008309	XP_014303419.2, XP_023603221.1, XP_023603218.1	NP_080792.2
OG0008310	XP_006100916.1	NP_084239.1
OG0008311	XP_023602436.1	NP_077199.2, XP_006500220.1
OG0008312	XP_023601723.1	NP_848491.2, XP_011238152.1
OG0008313	XP_006104850.1	NP_081468.1
OG0008314	XP_006103086.1	NP_001405875.1
OG0008315	XP_006085787.1	NP_033101.2
OG0008316	XP_006085788.2	NP_034251.2, XP_011239504.1
OG0008317	XP_023601055.1	XP_006506637.1, NP_081551.2
OG0008318	XP_006104060.1	NP_079706.1
OG0008319	XP_006106301.1	NP_001318100.1
OG0008320	XP_006099957.1	NP_080435.3
OG0008321	XP_006102991.1	NP_080766.1
OG0008322	XP_023600043.1	NP_038848.1, XP_017176890.1
OG0008323	XP_023616367.1	NP_038614.2
OG0008324	XP_006109088.2, XP_023616405.1	NP_149070.2, XP_006505431.1
OG0008325	XP_006096825.1	NP_001003955.1
OG0008326	XP_006096824.1	XP_006506879.1, NP_848754.1
OG0008327	XP_006104605.1	NP_035597.2
OG0008328	XP_014314418.2	NP_444400.2
OG0008329	XP_023612799.1	XP_006501463.2, NP_001028475.2
OG0008330	XP_006099680.1	NP_062774.2
OG0008331	XP_023616459.1	NP_061237.3, NP_001156968.1, NP_001156969.1
OG0008332	XP_006096940.1	NP_001156642.1
OG0008333	XP_006096938.1	NP_080151.2
OG0008334	XP_014316731.1	NP_852074.2
OG0008336	XP_006095295.1	NP_775482.1, XP_036018950.1
OG0008337	XP_023615079.1	XP_006501255.1, NP_001258953.1
OG0008338	XP_023614924.1	NP_599014.2
OG0008339	XP_014316797.1	NP_694761.1
OG0008340	XP_023604794.1, XP_023615033.1	NP_062287.1, NP_033176.2
OG0008341	XP_014316835.1	NP_035411.2
OG0008342	XP_023615081.1	NP_001129589.1
OG0008343	XP_006092571.1	NP_001020238.1, XP_036019020.1
OG0008345	XP_014306615.1	NP_001277448.1, XP_006514658.1, NP_001277449.1, NP_808244.1
OG0008346	XP_023606846.1	NP_067499.2
OG0008347	XP_006090203.1, XP_023606871.1	NP_082707.1
OG0008348	XP_006085513.3	NP_001186561.1, NP_796050.2, XP_011248071.1
OG0008349	XP_014308326.1	XP_036021353.1, NP_766580.3
OG0008350	XP_006108265.1	NP_038810.2, XP_006536259.1
OG0008351	XP_006097977.1	NP_062631.1
OG0008352	XP_006098138.1	NP_780303.1
OG0008353	XP_006098134.1	XP_006498758.1, NP_031940.1
OG0008354	XP_006091670.1	NP_081268.1
OG0008355	XP_023612297.1	XP_006499054.1, NP_033008.4
OG0008356	XP_014319608.1	NP_079852.1
OG0008357	XP_023612396.1, XP_023612397.1	NP_082395.2
OG0008359	XP_014305581.1	NP_031829.2
OG0008360	XP_006107153.1	XP_036017390.1, NP_033238.2
OG0008361	XP_006102553.1	NP_080649.1
OG0008362	XP_006101672.1	NP_081752.2, NP_001161988.1, NP_001161989.1
OG0008363	XP_006101711.2	XP_006531851.1, NP_001028300.1
OG0008364	XP_014322493.1	XP_030106598.1, NP_031880.2
OG0008365	XP_023620847.1	XP_006531771.1, NP_647462.1
OG0008366	XP_023620833.1	XP_006531731.1, NP_032546.2
OG0008367	XP_014302203.1	NP_001028514.1, XP_036017481.1
OG0008368	XP_006106601.1	NP_001159842.1, NP_080582.3
OG0008369	XP_006106610.1	NP_035827.1
OG0008370	XP_023603122.1	NP_080022.2
OG0008371	XP_006106621.1, XP_006097546.1	NP_001365848.1
OG0008372	XP_006109045.3	NP_001158106.1
OG0008373	XP_023602556.1, XP_006105928.3	XP_006526617.1, NP_598900.1
OG0008374	XP_014303438.1	NP_001129536.1
OG0008375	XP_023604632.1	NP_775091.2, NP_061271.1, NP_775090.1
OG0008376	XP_023604510.1	NP_033982.3, XP_006526685.1
OG0008377	XP_014304531.1	NP_062372.2, NP_001342553.1
OG0008379	XP_006102903.2	NP_942602.2, XP_006496125.1
OG0008380	XP_006104088.1	XP_030108858.1, NP_035780.1
OG0008381	XP_014319869.1	NP_001074594.1, XP_036016415.1
OG0008382	XP_023618285.1	XP_017175371.1, NP_001108546.1
OG0008383	XP_023618268.1	NP_001012322.2, XP_006529747.1
OG0008384	XP_006100495.1	NP_034041.2
OG0008385	XP_006101528.3	NP_766073.2, XP_011246266.1
OG0008386	XP_006106054.1	XP_006497733.1, NP_536710.1
OG0008387	XP_006086937.1	NP_722542.2
OG0008388	XP_006086923.1	NP_766251.3
OG0008389	XP_006091331.1	NP_075365.3
OG0008390	XP_006098023.1	XP_006500131.1, NP_080362.1
OG0008391	XP_006085362.1	NP_001091697.1
OG0008392	XP_023619764.1	NP_892036.1
OG0008393	XP_006098024.1, XP_014321934.1	NP_079814.1
OG0008394	XP_014322003.1	XP_036011921.1, NP_082277.2
OG0008395	XP_023599503.1	XP_011239640.1, NP_776136.2
OG0008396	XP_006091355.1	NP_032590.2
OG0008397	XP_023607146.1	NP_061285.2, XP_006506463.1
OG0008398	XP_023607148.1	NP_033553.2, XP_036021920.1
OG0008399	XP_006083849.1	NP_080585.1
OG0008400	XP_006083858.1	NP_001334271.1
OG0008401	XP_023605196.1	XP_006505388.1, NP_001107025.1, NP_751893.3
OG0008402	XP_014306824.1	NP_849273.1, XP_006505728.1
OG0008403	XP_014306836.1	NP_080828.1
OG0008404	XP_023602172.1	XP_006506507.1, NP_666049.2
OG0008405	XP_006100559.1	XP_017176895.1, NP_032396.1
OG0008406	XP_006103900.2	XP_006506731.1, NP_853621.2
OG0008407	XP_006093819.1	NP_877960.1
OG0008408	XP_014315517.2	NP_035637.2, NP_001313487.1
OG0008409	XP_023609804.1	NP_001096140.1
OG0008410	XP_023609816.1	NP_780523.3, XP_036021606.1
OG0008411	XP_006089101.1	NP_001156504.1, NP_082328.3
OG0008412	XP_023609830.1	XP_006518019.1, NP_033007.2
OG0008413	XP_014322368.1	XP_030103844.1, NP_077183.1
OG0008414	XP_006101562.3	NP_001074896.1, XP_006518113.1, NP_598841.1
OG0008415	XP_006090936.1	NP_666081.1, NP_001127937.1
OG0008416	XP_006090930.1	XP_006519671.1, NP_660256.1
OG0008417	XP_006090921.1	XP_006518993.1
OG0008418	XP_006090911.1	NP_083115.3, XP_030103852.1
OG0008419	XP_023611412.1	XP_036014414.1, NP_619613.2
OG0008420	XP_014313126.1	NP_081364.1, XP_036014231.1
OG0008421	XP_006106219.1	NP_080723.3
OG0008422	XP_023602736.1	NP_084172.1, XP_030100575.1
OG0008423	XP_023611512.1	NP_001028840.1, XP_006518489.1
OG0008424	XP_006108969.1, XP_014303919.1	NP_065584.2, NP_001278764.1
OG0008425	XP_023601762.1	XP_011241171.1, NP_700462.2
OG0008426	XP_006109499.2	NP_001391952.1, XP_017168718.1
OG0008427	XP_023603010.1	NP_001346454.1
OG0008429	XP_006107031.1	XP_006511759.1
OG0008430	XP_023603522.1	NP_001128670.1
OG0008431	XP_023603523.1	NP_444446.2, XP_006511691.1
OG0008432	XP_023602716.1	XP_006511895.1
OG0008434	XP_023601237.1	NP_038912.3, NP_001159745.1
OG0008435	XP_023606350.1	NP_033212.1
OG0008436	XP_006097186.1	NP_038888.2
OG0008437	XP_006100680.1	NP_079695.2
OG0008438	XP_023619772.1	NP_109605.2, XP_006509667.1, NP_001116301.1
OG0008439	XP_023619761.1	XP_006509620.1, NP_032379.2
OG0008440	XP_006099725.1	NP_001156514.1
OG0008441	XP_023619099.1	XP_006509824.1, NP_082776.2
OG0008442	XP_023619057.1	XP_006509601.1, NP_031482.1
OG0008443	XP_023619072.1	XP_017172782.1, NP_032742.1
OG0008444	XP_006099690.1	XP_006513223.1, NP_033939.1
OG0008445	XP_023619720.1	NP_038669.1, XP_006530834.1
OG0008446	XP_023619728.1	NP_851382.2, XP_030099484.1
OG0008447	XP_006100383.1, XP_014321238.1	NP_775276.1
OG0008448	XP_023619716.1	NP_001013402.2, XP_011246679.1
OG0008449	XP_006100374.1	NP_080699.3
OG0008450	XP_023601900.1	NP_001158031.1
OG0008451	XP_006105090.1	NP_035693.3, NP_001304314.1
OG0008452	XP_023602604.1	NP_034830.2, NP_001239588.1
OG0008453	XP_006105797.1	XP_036011059.1, NP_068688.2
OG0008454	XP_023602445.1	NP_001311439.1
OG0008455	XP_014301934.1	NP_001344828.1
OG0008456	XP_006104131.1	XP_006510468.1, NP_783618.1
OG0008457	XP_014301938.1	NP_058615.1
OG0008458	XP_006104133.1	NP_001028940.1, XP_006499551.1, NP_075860.1
OG0008459	XP_006107696.1	NP_001182173.1
OG0008461	XP_014304803.1, XP_006101943.1	XP_006508746.1, NP_598729.1
OG0008462	XP_014322773.2	XP_036009587.1, NP_001182187.1
OG0008463	XP_014302714.2	NP_065606.2
OG0008464	XP_006101175.1	NP_001365996.1
OG0008465	XP_014321974.1	NP_001406388.1
OG0008466	XP_006101174.1	NP_780542.1
OG0008467	XP_006101167.2	NP_082063.1
OG0008468	XP_023620414.1	XP_006523491.1, NP_780559.2
OG0008469	XP_006101152.1	NP_694792.1
OG0008470	XP_006104893.1	NP_080112.1
OG0008471	XP_023602587.1	XP_006524662.1, NP_056581.1
OG0008472	XP_006109537.1, XP_014303469.1	NP_001269025.1
OG0008473	XP_006105998.1	NP_061228.1, XP_006513968.1
OG0008474	XP_006105988.1	NP_062731.1
OG0008475	XP_006105991.1	NP_082933.2, XP_006514282.1
OG0008476	XP_023620444.1	NP_081032.2, NP_032714.1, XP_006513398.1
OG0008477	XP_006101214.1	NP_780404.2, XP_006514272.1
OG0008478	XP_014305109.1	XP_030100710.1, NP_031486.1
OG0008479	XP_014322024.2	NP_001094076.1
OG0008480	XP_014322027.1	XP_011241832.1, NP_080128.2
OG0008481	XP_023620450.1, XP_023608619.1, XP_023605140.1	NP_080370.2, XP_006514047.1
OG0008482	XP_023599046.1	NP_075617.3
OG0008483	XP_006101869.1	NP_001394721.1, XP_030100878.1
OG0008484	XP_014304738.1	NP_056632.2
OG0008485	XP_023613928.1	NP_038652.2, XP_017177514.1
OG0008486	XP_023599981.1	NP_803231.1, XP_011240039.1
OG0008487	XP_006098147.1	NP_001013835.2
OG0008489	XP_006092819.1	NP_001400400.1, XP_011240845.1
OG0008490	XP_014314782.1	NP_660133.2, XP_006507669.1
OG0008491	XP_023611694.1	NP_034378.2
OG0008492	XP_006091131.1	XP_017177741.1, NP_705819.3
OG0008493	XP_023611680.1, XP_023611681.1, XP_006091128.1	NP_033407.1
OG0008494	XP_023611693.1	NP_077182.1
OG0008495	XP_006100507.1	NP_001278249.1, NP_598470.3
OG0008496	XP_014306265.1, XP_014321375.1	NP_001017985.2, XP_006507971.1
OG0008497	XP_023619813.1	XP_006508007.1, NP_796135.3
OG0008498	XP_006100514.1	NP_082568.1
OG0008499	XP_006094540.1	NP_950177.2
OG0008500	XP_023614525.1	NP_001394732.1
OG0008501	XP_023614493.1	NP_001074893.1, XP_006508071.1
OG0008502	XP_006105628.1	NP_001156415.1, XP_006507718.1
OG0008503	XP_006089734.1	XP_011240240.1, NP_001002894.2
OG0008504	XP_006089722.1	NP_079620.2
OG0008505	XP_023610336.1	NP_068685.1
OG0008507	XP_023610280.1	NP_001272760.1
OG0008508	XP_006093875.1	NP_001347004.1
OG0008509	XP_006108419.2, XP_006107683.3	NP_001003915.1
OG0008510	XP_014323717.1	NP_080660.1
OG0008511	XP_023610473.1	XP_006519439.1, NP_001074721.2
OG0008512	XP_023602311.1, XP_023604479.1	NP_080277.1
OG0008513	XP_006083612.1	NP_032492.1
OG0008514	XP_006083597.1	XP_006519178.2, NP_997519.2
OG0008515	XP_023604953.1	XP_006519217.3
OG0008516	XP_006083651.1	NP_062749.2
OG0008517	XP_014304996.1	XP_036014719.1
OG0008518	XP_006083569.1	NP_001333713.1
OG0008519	XP_006083557.1	NP_061235.2
OG0008520	XP_006090591.1	XP_006518968.1, NP_001013775.2
OG0008521	XP_006096427.1	NP_083596.2, XP_036014644.1
OG0008522	XP_006108595.2	NP_780474.1, XP_006519751.1
OG0008523	XP_006096424.1, XP_023604829.1	XP_030103954.1
OG0008524	XP_006086121.1	NP_080323.3, XP_036014750.1
OG0008525	XP_023610475.1	NP_780709.1, XP_036014229.1
OG0008526	XP_006089892.1	NP_056635.2
OG0008527	XP_006101522.1	NP_083832.2, XP_036014733.1
OG0008528	XP_023605129.1, XP_023605130.1	NP_033060.3
OG0008529	XP_006096373.1	NP_700433.1
OG0008530	XP_006090396.2	XP_036019101.1, NP_001074764.1
OG0008531	XP_006098010.1	NP_077785.2
OG0008532	XP_023608707.1	NP_001186931.1
OG0008533	XP_023619188.1	XP_006512215.1
OG0008534	XP_006102389.1, XP_023603500.1	XP_006512086.1, NP_808257.2
OG0008535	XP_006102365.1	NP_081070.1
OG0008536	XP_006109254.3, XP_023599468.1	NP_001395604.1, XP_006512195.1
OG0008537	XP_006087678.1	NP_001412823.1
OG0008538	XP_006083739.1	XP_006519256.1, NP_034067.2
OG0008539	XP_023605281.1	NP_036024.2
OG0008540	XP_014306540.1	NP_056642.1
OG0008541	XP_006083819.3	NP_035384.1
OG0008542	XP_014308672.1	NP_036046.2
OG0008543	XP_023609518.1	XP_006535492.1, NP_001342026.1, NP_033236.2
OG0008544	XP_014311260.1	NP_001342190.1
OG0008545	XP_023609521.1	NP_001396807.1
OG0008546	XP_006096376.1	NP_083084.2
OG0008547	XP_006090374.1	XP_006502205.1, NP_665819.2
OG0008548	XP_006090371.1	NP_034931.2, NP_001034632.1
OG0008549	XP_023608727.1	XP_011241298.1, NP_080718.1
OG0008550	XP_014312057.1	XP_017174674.1, NP_079907.2
OG0008551	XP_006089628.1	NP_955007.2, XP_017173296.1
OG0008552	XP_006097590.1	NP_080096.1
OG0008553	XP_014310640.1, XP_006088056.2, XP_014310638.1	NP_081200.2
OG0008554	XP_023608979.1	NP_077243.2, XP_006500503.1
OG0008555	XP_006088028.1	XP_017173260.2, NP_001028468.1
OG0008556	XP_006088024.1	NP_780676.1, NP_001343436.1
OG0008557	XP_006106853.2, XP_006088051.3	NP_001139302.1
OG0008558	XP_006096495.1	NP_035175.1
OG0008559	XP_023616068.1	NP_001104545.1, NP_075606.1
OG0008560	XP_023610087.1	NP_001153835.1, XP_036013317.1
OG0008561	XP_023610253.1	NP_033771.1
OG0008562	XP_006089632.1	NP_001278008.1, NP_082804.1, XP_006500322.1
OG0008563	XP_006089472.1	NP_766448.1
OG0008564	XP_014312053.1	NP_001278034.1, NP_031917.1
OG0008565	XP_006089475.1	NP_067509.1
OG0008566	XP_014311974.1	NP_001078847.1, XP_017174700.1
OG0008567	XP_023610201.1	NP_035041.2
OG0008568	XP_006101511.1, XP_023599245.1	NP_079956.3
OG0008569	XP_023606653.1	XP_017174747.1, NP_775544.2
OG0008570	XP_023612025.1, XP_006091486.1	NP_775573.1
OG0008571	XP_023612035.1	NP_898844.1
OG0008572	XP_023611988.1	NP_001239492.1, NP_038620.2
OG0008573	XP_006091468.1	XP_036016111.1, NP_035651.1
OG0008574	XP_006091455.1, XP_023611980.1	NP_598524.1
OG0008575	XP_023611965.1	NP_950192.2, XP_030107665.1
OG0008576	XP_006091416.1	NP_778153.2, XP_036013049.1
OG0008577	XP_006091386.1	NP_032705.2
OG0008578	XP_006098034.1	NP_001274668.1, NP_001274667.1, NP_034013.1
OG0008579	XP_023615187.1	XP_006500122.1, NP_080188.3
OG0008581	XP_006095475.1	NP_079818.1
OG0008582	XP_006103802.1	XP_006500009.1, NP_065605.3
OG0008583	XP_014301715.2	NP_001171262.1
OG0008584	XP_023600893.1	XP_017174509.1, NP_796165.2
OG0008585	XP_023601334.1	XP_006500651.2, NP_001074561.1
OG0008586	XP_014302122.2	NP_001396380.1
OG0008587	XP_006106723.2	NP_898984.3, XP_006500652.1
OG0008589	XP_023600584.1	NP_766301.1
OG0008590	XP_023609315.1	NP_001192004.1
OG0008591	XP_014316556.1	NP_001403443.1, NP_032171.1
OG0008592	XP_014308453.1	NP_001355607.1
OG0008593	XP_023606892.1	XP_006504979.1
OG0008594	XP_006085521.1	NP_036038.1, NP_001346128.1, XP_006504895.1
OG0008595	XP_014306637.1, XP_023606947.1	NP_065252.1
OG0008596	XP_023606933.1	NP_001028215.1, XP_006519171.1
OG0008597	XP_023607061.1	NP_081435.1
OG0008598	XP_006081946.1	XP_036010097.1, NP_067481.2
OG0008599	XP_014312276.1	NP_536686.3
OG0008600	XP_014312286.1	NP_001347140.1, XP_017171333.1, NP_034321.2
OG0008601	XP_023608841.1	NP_031575.2
OG0008602	XP_014312489.1	NP_056610.1
OG0008603	XP_023608866.1	XP_006518365.2, NP_001182603.2
OG0008604	XP_006095078.1	NP_034225.1, NP_001347131.1, NP_001263316.1
OG0008605	XP_023614872.1	NP_598834.2, NP_001104498.1
OG0008606	XP_006109064.3, XP_023614878.1	NP_808448.2, XP_011243472.1
OG0008607	XP_014321672.1	XP_006519807.1, NP_201582.2
OG0008608	XP_006100802.2	NP_705734.4, XP_036014493.1
OG0008609	XP_023620101.1	NP_082802.1, NP_082836.2
OG0008610	XP_023600049.1	XP_036014351.1, NP_032030.1
OG0008612	XP_014321340.1	NP_032535.2
OG0008613	XP_006082773.1	XP_006529765.1, NP_001028580.1
OG0008614	XP_006082778.1	NP_057926.2, XP_006529807.1
OG0008615	XP_023603169.1	NP_081827.1
OG0008616	XP_006106786.1, XP_014304054.2	XP_036009757.1, NP_082994.1
OG0008617	XP_006083051.1	NP_077159.1, XP_030098181.1
OG0008618	XP_014322480.1	NP_035926.2
OG0008619	XP_006083060.1	NP_057911.2, NP_001263639.1
OG0008620	XP_023599818.1	XP_011246359.1, NP_075689.1
OG0008624	XP_014305023.1	NP_083613.2
OG0008625	XP_014306032.1	NP_001390186.1
OG0008626	XP_023618972.1	NP_001346908.1, XP_006530381.1, NP_001346907.1, NP_001074672.1
OG0008627	XP_014301677.1	NP_001128239.1, XP_006530318.1
OG0008628	XP_006103883.1	XP_030110190.1, NP_001035886.1
OG0008629	XP_006103887.1	NP_081770.3, XP_006530520.1
OG0008630	XP_023601849.1	NP_083388.1
OG0008631	XP_006099104.1	NP_766310.2, XP_011246500.1
OG0008632	XP_023617765.1	NP_001334374.1
OG0008633	XP_023616184.1	NP_081162.1, NP_001390326.1
OG0008634	XP_006096607.1, XP_014312293.2	NP_031774.2
OG0008635	XP_006096599.1	NP_080674.1
OG0008636	XP_023616163.1	XP_017176612.1
OG0008638	XP_023605053.1, XP_023599217.1	XP_006535325.1, NP_083177.2
OG0008639	XP_023618700.1	XP_006514975.1, NP_115772.2
OG0008640	XP_023618738.1	NP_001357929.1, XP_036012218.1
OG0008641	XP_014304428.1	XP_006514638.1, NP_032724.1
OG0008642	XP_006104936.2	XP_006514752.1, NP_766379.2
OG0008645	XP_006108269.2	NP_598756.1
OG0008646	XP_006099560.1	NP_035548.1
OG0008647	XP_006099604.1	NP_001345135.1
OG0008649	XP_006099589.1	NP_083630.1, NP_001345932.1
OG0008650	XP_006099580.1, XP_006109020.2	NP_001360884.1
OG0008651	XP_014320541.1	NP_001360877.1
OG0008652	XP_006096698.2	NP_034929.1
OG0008653	XP_006096685.1	NP_001347645.1
OG0008654	XP_006110097.2	NP_291045.1
OG0008655	XP_006086799.1	NP_001028613.1
OG0008656	XP_023607071.1	XP_036021853.1, NP_001257404.1
OG0008657	XP_014308509.1	XP_006505681.1, NP_032385.1
OG0008658	XP_023612483.1	NP_444434.2
OG0008659	XP_006084200.1	NP_035739.2
OG0008660	XP_014307091.1	NP_034866.1, XP_036021790.1
OG0008661	XP_014307125.1	NP_064332.1, XP_017177177.1
OG0008662	XP_006084268.1	NP_068699.1
OG0008663	XP_014306774.2, XP_014307250.1	XP_011239768.1, NP_001191152.1, NP_081985.1
OG0008664	XP_006084324.1	NP_001349039.1, NP_001349040.1
OG0008665	XP_023605834.1	XP_006506617.1, NP_081259.1
OG0008666	XP_023605603.1, XP_006108267.2	NP_035346.3
OG0008667	XP_023605583.1	NP_473407.2, XP_006506962.1
OG0008668	XP_023608080.1	NP_001074582.1
OG0008670	XP_014309485.1	NP_001403151.1
OG0008671	XP_014313643.1	NP_001389839.1
OG0008672	XP_014313658.1	NP_780330.2
OG0008673	XP_006091553.1	NP_776130.1
OG0008674	XP_006091581.1	NP_084435.1, XP_036015531.1, NP_001155978.1
OG0008675	XP_014313628.2	XP_006521235.1, NP_001074723.1
OG0008676	XP_006091602.1	NP_780296.1, XP_006520413.1
OG0008677	XP_006091647.1	NP_898932.2, NP_001405710.1
OG0008678	XP_023615464.1	XP_006520671.1
OG0008679	XP_014317264.1	NP_700465.2
OG0008680	XP_006095799.1	NP_038700.2, XP_017172012.1
OG0008681	XP_006095827.1	NP_001296995.1
OG0008682	XP_006095836.1	XP_036015443.1, NP_080468.1
OG0008683	XP_006095874.1	NP_705725.1, XP_006520318.2
OG0008684	XP_006095872.3	NP_034707.5
OG0008685	XP_006109799.2	NP_033527.1, XP_006526979.1
OG0008686	XP_023620490.1	XP_006527120.1, NP_963909.2
OG0008687	XP_006109006.2, XP_023617057.1	XP_006519340.1, NP_001139494.1
OG0008688	XP_023617064.1	NP_001074690.1, XP_006519183.1
OG0008689	XP_006097605.1	NP_001388597.1
OG0008690	XP_023610687.1	NP_001355619.1
OG0008691	XP_006090091.1	XP_006527471.1, NP_001157107.1
OG0008692	XP_023610605.1	NP_001074175.1, XP_036017266.1
OG0008693	XP_006090083.1	XP_006527057.1
OG0008694	XP_023610599.1	XP_006527535.1, NP_113553.1
OG0008695	XP_006090042.1	NP_075907.2
OG0008696	XP_006090014.1	XP_036017606.1, NP_083287.2
OG0008697	XP_006101782.3	NP_082883.1, XP_011245671.1
OG0008698	XP_006095932.1	NP_001390278.1
OG0008699	XP_006095923.1, XP_014317351.1	NP_032749.1
OG0008700	XP_006095936.1	NP_001333730.1
OG0008701	XP_023615614.1	NP_062692.1
OG0008702	XP_006095965.1	NP_291047.2, XP_006527553.1, NP_001095941.1
OG0008703	XP_014317401.1	NP_001277754.1
OG0008704	XP_014317404.1, XP_014306754.2	NP_081835.2, XP_011245405.1
OG0008705	XP_023609109.1	XP_011245673.1, NP_001164318.1
OG0008706	XP_006088217.1	XP_006527485.1
OG0008707	XP_023609114.1	NP_848804.2, XP_006527117.1
OG0008708	XP_023620492.1	NP_061357.3, XP_006526760.1
OG0008709	XP_006101273.1, XP_006099064.1	NP_001405809.1
OG0008710	XP_023604474.1	NP_001074507.2
OG0008711	XP_023604807.1	XP_006508096.1, NP_061355.3
OG0008712	XP_023604964.1	NP_083885.1, XP_006508360.1
OG0008713	XP_006104042.2	NP_001349127.1
OG0008714	XP_023604107.1	NP_031426.2
OG0008715	XP_006099043.1	XP_006536266.1, NP_803420.2
OG0008716	XP_014320041.1	NP_031429.1, XP_017177421.1
OG0008717	XP_023617082.1	NP_034021.1
OG0008718	XP_014317314.2	XP_006526731.1, NP_001390029.1
OG0008719	XP_006108485.3, XP_014309201.1	XP_011236640.1, NP_033956.2
OG0008720	XP_006085335.1, XP_006109056.1	NP_032892.1
OG0008721	XP_006085338.1	NP_001171129.1
OG0008722	XP_006085356.1	NP_001335138.1, NP_001002927.1
OG0008723	XP_023606752.1, XP_023606753.1, XP_023606754.1	NP_031850.2
OG0008724	XP_014312971.1	NP_001116231.1
OG0008725	XP_006109310.1, XP_023611268.1	NP_001074750.1, XP_006535552.1
OG0008726	XP_006086408.1	NP_058619.1
OG0008727	XP_006086403.1	NP_001408078.1, NP_113579.2, NP_001343480.1, XP_006495657.1
OG0008729	XP_023599332.1, XP_006109034.1	XP_006530118.2, NP_573481.1
OG0008730	XP_023601925.1	NP_001157051.1
OG0008731	XP_006103605.1	XP_036020258.1, NP_080448.1
OG0008732	XP_006105954.1	NP_808529.3, XP_006538070.3
OG0008733	XP_006102250.1	NP_835213.3, NP_001153067.1
OG0008734	XP_006102248.1	NP_001032211.1
OG0008735	XP_014301431.1	NP_061225.2, NP_788262.1
OG0008736	XP_006087968.1	NP_001361610.1
OG0008737	XP_014310567.2	XP_006511212.1, NP_038736.1
OG0008738	XP_014310253.2	NP_083120.2
OG0008739	XP_006087554.1	NP_033832.2, NP_001403810.1, NP_001403811.1, NP_001277717.1
OG0008740	XP_023613379.1	NP_808236.2, XP_017171846.1, NP_001277719.1
OG0008741	XP_006093077.2	XP_006499170.1, NP_733481.1
OG0008742	XP_014314929.1	XP_036017236.1, NP_758473.3
OG0008743	XP_023613246.1	XP_036018407.1, NP_080850.2
OG0008744	XP_006093100.3	NP_001036118.1
OG0008745	XP_023613256.1	NP_001277729.1, NP_062265.2
OG0008746	XP_023613279.1	NP_766260.2
OG0008747	XP_006093126.1	NP_671495.1
OG0008748	XP_023613302.1	XP_036018388.1, NP_001357869.1
OG0008749	XP_006093149.1	NP_001277753.1, NP_700436.1
OG0008750	XP_023613355.1	XP_006499144.1, NP_694715.2
OG0008751	XP_023607451.1	NP_001155889.1
OG0008752	XP_006086056.1	XP_006499718.3, NP_950187.1
OG0008753	XP_023607442.1	NP_083731.2, XP_006500411.1
OG0008754	XP_006109862.1	NP_034069.2
OG0008755	XP_023607441.1	NP_001074413.2, NP_001346904.1, XP_006499558.1
OG0008756	XP_006086030.1	NP_075709.2, XP_036018348.1
OG0008757	XP_006086015.1	NP_058659.1
OG0008758	XP_023607403.1	NP_034443.1
OG0008759	XP_023607361.1	NP_001028672.2
OG0008760	XP_023607356.1	NP_001074622.1, XP_006510991.1
OG0008761	XP_014308907.1	XP_036011033.1, NP_061377.2, NP_001397577.1
OG0008762	XP_023613597.1	NP_663592.3, XP_006511166.1
OG0008763	XP_023613590.1	NP_081410.2
OG0008764	XP_023613585.1	XP_006511369.1, NP_001277244.1
OG0008765	XP_006093443.1	XP_006511580.1, NP_083182.2, NP_001388065.1
OG0008766	XP_023613583.1	XP_006510885.1, NP_032568.3
OG0008767	XP_006104748.1	NP_083024.1
OG0008768	XP_023608856.1	NP_001035516.2, XP_006510969.1
OG0008769	XP_023608935.1	XP_006511271.1, NP_766606.2
OG0008770	XP_023608858.1	XP_006511333.1
OG0008772	XP_023608937.1	NP_032710.2, XP_030099967.1
OG0008773	XP_014310504.1	NP_001366282.1, NP_062663.1, XP_006511355.1
OG0008774	XP_023604687.1	NP_663590.3, XP_036010456.1
OG0008775	XP_006087589.1	NP_666475.2
OG0008776	XP_023613628.1	XP_006511164.1, NP_665834.1
OG0008777	XP_006097067.1	NP_032967.1
OG0008778	XP_014315489.1	XP_017172382.1, NP_001401939.1
OG0008779	XP_006097068.1	NP_624360.2
OG0008781	XP_014306355.2	NP_032375.2, NP_001391987.1
OG0008782	XP_014302140.1	NP_034638.2
OG0008783	XP_006104336.1	NP_613063.1
OG0008784	XP_014302042.1	NP_001404050.1
OG0008785	XP_023599099.1	XP_006523029.1, NP_035507.2
OG0008786	XP_006101601.2	NP_035939.3
OG0008787	XP_006101597.1	NP_997184.1
OG0008788	XP_006108865.2, XP_023602030.1	NP_777272.2, XP_011244411.1
OG0008789	XP_006103959.1	NP_084363.2
OG0008790	XP_023619349.1, XP_006099967.1	XP_006513401.1, NP_035055.2
OG0008791	XP_023619306.1	NP_032852.2
OG0008792	XP_006099978.3	XP_006513793.1, NP_001398829.1, NP_612174.2
OG0008793	XP_023619319.1	XP_006514071.1, NP_080707.2
OG0008794	XP_023619318.1	NP_001274003.1, XP_006513716.1
OG0008795	XP_014302545.1	XP_017169327.1, NP_001269921.1, NP_032813.3
OG0008797	XP_023602144.1	XP_006501922.1
OG0008798	XP_023603620.1	NP_932114.2, XP_017175214.1
OG0008799	XP_023616231.1	NP_001257359.1, NP_001359069.1, NP_001359070.1
OG0008800	XP_023619649.1	NP_776123.3
OG0008801	XP_014315804.1	NP_001156994.1, XP_006501905.1
OG0008802	XP_006100357.1	XP_006501799.1, NP_062517.1
OG0008803	XP_006084724.1	XP_036021750.1, NP_032193.1
OG0008804	XP_006109414.1, XP_006084682.1	XP_006506017.1, NP_001157788.1, NP_899133.2
OG0008805	XP_006084674.1	XP_006506759.1, NP_001348895.1, NP_082981.3
OG0008806	XP_006084651.1	NP_083691.1, XP_006535341.1
OG0008807	XP_023606149.1	NP_766470.2, XP_006535283.1
OG0008808	XP_006084618.1	XP_006534946.1
OG0008809	XP_006084587.1	NP_598499.1
OG0008810	XP_023602138.1	NP_796204.1, NP_001346947.1, XP_006535051.1
OG0008811	XP_006082469.1	NP_766244.4
OG0008812	XP_023600580.1	NP_035278.1, XP_030110066.1
OG0008813	XP_006090600.2	XP_011244145.1, NP_035303.1
OG0008814	XP_006094754.1	NP_001156427.1
OG0008815	XP_006094753.1	NP_082799.2, XP_036016041.1
OG0008816	XP_006094747.1	NP_001035487.2
OG0008817	XP_006094748.1	NP_079875.2, XP_006522522.1
OG0008818	XP_006098444.3, XP_006094744.1	NP_075664.1
OG0008819	XP_023617873.1, XP_006098432.1	XP_030104759.1, NP_001333971.1
OG0008820	XP_023614432.1	XP_006521983.1
OG0008821	XP_023614476.1	XP_017172523.1, NP_001152891.1
OG0008822	XP_006090979.1	NP_001074494.1, XP_006522308.1
OG0008823	XP_014306645.1, XP_023611572.1	NP_084253.1
OG0008824	XP_006091006.1	NP_001272717.1, XP_006521737.1
OG0008825	XP_006091014.1	NP_081618.1
OG0008826	XP_006091018.1	NP_001403647.1
OG0008827	XP_023613068.1	XP_011244253.1
OG0008828	XP_006092922.1	NP_034710.2
OG0008829	XP_014314700.2	NP_034869.1, NP_001369763.1, XP_006521878.1
OG0008830	XP_014314698.1	NP_001153874.1, XP_006522280.1
OG0008831	XP_006092868.1	NP_001334110.1, XP_006522137.1
OG0008832	XP_023606261.1	NP_038928.1, XP_006522295.1
OG0008833	XP_023606263.1	NP_084414.1
OG0008834	XP_006094514.1	XP_006522561.1, NP_080715.2
OG0008835	XP_023608046.1	XP_006520113.1, NP_001074771.1
OG0008836	XP_023608054.1	XP_006520077.1, NP_579943.3
OG0008837	XP_014316898.1	NP_001157913.1
OG0008838	XP_006095456.1	NP_031663.1
OG0008839	XP_023611726.1	NP_659086.2, XP_030103089.1
OG0008840	XP_006081526.2	NP_444393.1
OG0008841	XP_006081525.1	NP_663351.3
OG0008842	XP_006081508.1	XP_011242878.1, NP_083235.3
OG0008843	XP_006084954.1	NP_083293.1
OG0008844	XP_006084935.1	NP_083846.2
OG0008845	XP_023606276.1	XP_006522801.1, NP_598539.1
OG0008846	XP_023606275.1	XP_017172418.1, NP_001166976.1
OG0008847	XP_006084900.1	NP_663607.1
OG0008848	XP_023606274.1	XP_011244116.1, NP_001264970.1
OG0008849	XP_006084891.2	NP_076226.2, XP_006522721.1
OG0008850	XP_006084884.1	NP_001077363.1, NP_001276510.1
OG0008851	XP_023606270.1, XP_006084866.1	NP_444406.2
OG0008852	XP_023606325.1	XP_036015684.1, NP_001152790.1, NP_001152789.1
OG0008853	XP_006084977.1	NP_783581.2
OG0008854	XP_023599767.1	NP_598547.1
OG0008855	XP_006102737.2	NP_848841.2, XP_006501533.1
OG0008856	XP_006088924.1	NP_082217.1
OG0008857	XP_023609679.1	NP_083765.2, XP_017175280.1
OG0008858	XP_006081632.1	NP_742050.2, XP_006517329.1
OG0008860	XP_006085782.1	NP_001033044.1
OG0008861	XP_014308603.1	NP_001413102.1, NP_001156713.1
OG0008862	XP_006085763.1	NP_080788.1, NP_001405669.1
OG0008863	XP_006099397.2	XP_006516845.1, NP_082243.1
OG0008864	XP_023618773.1	NP_034011.1
OG0008865	XP_006099401.1	NP_666050.3
OG0008866	XP_006105265.1	XP_017171095.1, NP_077204.2
OG0008867	XP_023600862.1	NP_001276528.1, NP_663342.3
OG0008868	XP_023613168.1	XP_030103084.1
OG0008869	XP_006091833.1	NP_001028571.1, XP_006516995.1
OG0008870	XP_014315513.1	XP_011242577.1, NP_034223.1
OG0008871	XP_023617620.1	NP_001413534.1
OG0008872	XP_006106532.1	NP_032182.2, XP_030103017.1
OG0008876	XP_023617888.1	NP_032428.2
OG0008877	XP_006091307.1	XP_006498148.1
OG0008878	XP_006091311.1	XP_006498075.1, NP_631939.1
OG0008879	XP_023601516.1	NP_001277588.1, XP_006500097.1, NP_938036.2
OG0008880	XP_014301601.1	NP_038853.2
OG0008881	XP_023601364.1	XP_006500003.1
OG0008882	XP_014301237.1	NP_001277603.1, XP_006499096.1, NP_001277604.1
OG0008883	XP_023599501.1	XP_006500090.1, NP_080020.2
OG0008884	XP_023600732.1	NP_001159453.1, XP_006500402.1, NP_001159452.1, NP_932122.2
OG0008886	XP_014323701.1	NP_001405450.1, XP_011238040.1
OG0008887	XP_014301868.2	NP_001277659.1, NP_032302.2, XP_030104201.1, NP_001277660.1
OG0008888	XP_023600045.1	NP_081367.1
OG0008890	XP_014316399.2	NP_001074550.1
OG0008891	XP_006082789.1	NP_780648.1
OG0008892	XP_014316719.1	NP_001182616.1, NP_950172.1
OG0008893	XP_006082459.1	NP_001297528.1, NP_766101.3, NP_001297527.1, XP_006495895.1
OG0008894	XP_014316890.1	NP_001276633.1
OG0008896	XP_014317247.1	NP_031587.1, XP_006495696.1
OG0008897	XP_006082496.1	NP_061266.2
OG0008898	XP_023619009.1	NP_001272865.1
OG0008899	XP_023617310.1	NP_739561.2, NP_001292161.1
OG0008900	XP_006082600.1	NP_001153378.1, NP_081122.2, NP_001153377.1
OG0008901	XP_006082614.3	NP_033011.2, NP_001391996.1
OG0008902	XP_023617428.1	NP_082162.3, XP_036009582.1
OG0008903	XP_023617583.1	NP_067317.1
OG0008904	XP_023600364.1	NP_001153687.1, XP_006497135.1
OG0008905	XP_006096953.1	NP_081001.1
OG0008906	XP_014316388.1	NP_001092746.2, XP_006529594.1
OG0008907	XP_023614761.1	XP_006529697.2, NP_874385.1
OG0008908	XP_006094904.1	NP_835180.2, NP_001344407.1, XP_011246269.1
OG0008909	XP_006094908.1	NP_036054.1
OG0008910	XP_006094373.1	NP_001316036.1
OG0008911	XP_006094375.1	NP_080317.3
OG0008912	XP_006103840.1	NP_001407165.1
OG0008913	XP_023604446.1	NP_001391240.1, NP_001391230.1
OG0008914	XP_023600363.1	NP_001397621.1
OG0008916	XP_023616493.1	XP_006497072.1, NP_083360.2
OG0008917	XP_014318232.1	NP_001164456.1, XP_011238330.1
OG0008918	XP_023603065.1	NP_067383.3, XP_017175358.1
OG0008919	XP_023617615.1	XP_006527676.1, NP_775591.1
OG0008920	XP_023605225.1, XP_006097275.3	NP_033887.1
OG0008921	XP_023612600.1	XP_011246109.1, NP_001035524.2
OG0008922	XP_023612512.1, XP_006082275.1	XP_006528863.1, NP_848135.1
OG0008923	XP_006087711.1	NP_001265200.1, NP_001265201.1, NP_663380.1
OG0008928	XP_023601203.1	XP_006528809.1, NP_035081.3
OG0008929	XP_023609486.1	XP_006528902.1
OG0008930	XP_006088646.1, XP_014311208.1	XP_017173917.1, NP_035211.2
OG0008931	XP_014311163.2	XP_011246120.1, NP_035277.1
OG0008932	XP_023609454.1	NP_848827.1, XP_006528869.1
OG0008933	XP_006103244.1	XP_011246146.1
OG0008933	XP_014308522.1	NP_001300640.1
OG0008934	XP_006085702.1	NP_663605.1, XP_036017817.1
OG0008935	XP_006085709.1	XP_006527968.1, NP_032918.1
OG0008936	XP_023598987.1	NP_075989.1
OG0008937	XP_023611171.1	NP_001398604.1, NP_032795.1
OG0008938	XP_023611177.1	NP_796327.1, XP_006527679.1
OG0008939	XP_023616696.1	NP_001398634.1
OG0008940	XP_006097293.2	NP_061302.2
OG0008941	XP_006097270.1	NP_001036007.1, NP_033781.2
OG0008942	XP_023615780.1	NP_067498.4, XP_006528996.1
OG0008943	XP_023615810.1	NP_001258607.1
OG0008944	XP_006082982.1	NP_001277484.1
OG0008945	XP_006082936.1	NP_038740.1
OG0008946	XP_023620004.1	NP_001265463.1, XP_006528164.1
OG0008947	XP_006082893.2	NP_001363931.1
OG0008948	XP_006082876.1	XP_006528177.1, NP_001074946.1
OG0008949	XP_006082869.1	NP_001300662.1, NP_080841.1
OG0008950	XP_006084772.1	NP_444344.1
OG0008951	XP_023606221.1	XP_006528546.1, NP_038510.2
OG0008952	XP_023612628.1	NP_080379.1, NP_001346072.1
OG0008953	XP_023614264.1	XP_006527763.1, NP_780389.2, NP_001292604.1
OG0008954	XP_006082251.1	NP_001009947.2, XP_006541469.1
OG0008956	XP_006082187.1	XP_006541495.1, NP_001276658.1
OG0008957	XP_023613618.1	NP_082947.1, XP_006541611.1
OG0008958	XP_023613408.1	XP_006528151.1, NP_796267.2
OG0008959	XP_023608748.1	XP_006528236.1, NP_065234.1, NP_001277364.1
OG0008960	XP_023608753.1	NP_113682.2
OG0008962	XP_006096227.1	NP_035645.1
OG0008963	XP_006096215.1	NP_776141.1, NP_001344112.1, XP_006528923.2
OG0008965	XP_023600708.1	NP_778165.1, NP_001029153.1
OG0008966	XP_014315706.1, XP_006110144.1	NP_001400255.1
OG0008968	XP_006103233.2	NP_001394213.1
OG0008969	XP_023599618.1	NP_001289408.1
OG0008970	XP_014322140.1	NP_001357809.1, NP_666381.2, NP_001159416.1
OG0008971	XP_006094613.1	NP_667332.1, NP_667288.1
OG0008973	XP_014303083.1	NP_444410.1, XP_030102968.1
OG0008977	XP_023605018.1	XP_030104935.1
OG0008979	XP_023614542.1, XP_023614543.1, XP_023604954.1	NP_064299.2, XP_017177440.1
OG0008980	XP_023618866.1, XP_023618835.1	NP_001355337.1
OG0008981	XP_006103614.1	NP_079816.1
OG0008984	XP_006092372.1, XP_006109508.2	NP_001278167.1, NP_941004.2, NP_001392015.1, NP_001278169.1, NP_001278168.1, NP_001392014.1
OG0008986	XP_023604430.1	NP_796311.2, XP_011243330.1
OG0008987	XP_014321547.1	NP_780749.3, NP_001154904.1, NP_001154905.1
OG0008988	XP_023604411.1, XP_014306481.1, XP_014305469.1, XP_006092105.2	NP_001075133.1
OG0008994	XP_006090791.1	NP_945200.1
OG0008995	XP_014316762.1	NP_001254624.2, XP_006501038.2
OG0008996	XP_014313822.1	NP_859010.1, NP_034209.2, NP_859008.1
OG0008997	XP_023613153.1, XP_006108801.3	NP_035791.1
OG0008998	XP_023620622.1	NP_031439.2
OG0008999	XP_006088747.1	XP_036020713.1, NP_001276387.1
OG0009000	XP_006081354.1	XP_006517586.1, NP_033810.2
OG0009001	XP_006095227.2	NP_034316.1
OG0009002	XP_006097880.1	XP_006501121.1
OG0009003	XP_006088075.1	NP_066395.3
OG0009004	XP_014314158.1	NP_035666.2, NP_766386.1
OG0009005	XP_006091193.3	NP_032995.1, XP_006497853.1
OG0009006	XP_014316090.1	NP_031449.3
OG0009007	XP_006094394.2	NP_766295.2
OG0009008	XP_006100697.1	NP_444309.2
OG0009009	XP_006098605.2	NP_660114.1
OG0009010	XP_023610594.1	XP_006526688.1, NP_038834.2
OG0009011	XP_023599854.1	NP_034456.2, XP_006532295.1
OG0009012	XP_006109695.1	XP_036016337.1, NP_033335.1
OG0009013	XP_006103072.1	NP_001153034.1, NP_001034790.1
OG0009014	XP_006094813.1	NP_038519.1, XP_036021689.1
OG0009015	XP_006093795.1	NP_001074553.1
OG0009016	XP_006101087.1	XP_006535702.1, NP_032739.3
OG0009017	XP_006108542.2	XP_006541262.1, NP_082179.1
OG0009018	XP_006092243.1	XP_006532375.1, NP_058060.2
OG0009019	XP_023612726.1	NP_034705.2
OG0009020	XP_006103331.2	NP_034315.1
OG0009021	XP_006099290.3	XP_006501228.1, NP_084263.2
OG0009022	XP_014315680.1	NP_001116205.1
OG0009023	XP_006104762.1, XP_014305765.1	NP_700471.2
OG0009024	XP_014316950.1	NP_077756.2
OG0009025	XP_023609364.1	NP_032393.3
OG0009026	XP_023615755.1	NP_032003.2, XP_006527852.1
OG0009027	XP_006098506.1	NP_075898.1
OG0009029	XP_006104644.1	NP_057885.1
OG0009030	XP_006101310.1	NP_001303994.1, NP_079745.1
OG0009031	XP_006107977.1	NP_031887.2
OG0009032	XP_006088874.1	NP_112445.1
OG0009033	XP_006096608.2	NP_035237.1
OG0009034	XP_006084129.1	NP_035761.1
OG0009035	XP_014316481.1	NP_598415.1
OG0009036	XP_006097988.1, XP_006108168.1	NP_033819.1
OG0009037	XP_023616792.1	XP_006538970.1
OG0009038	XP_014300965.1	XP_006508184.1, NP_080265.3
OG0009040	XP_006105136.1	NP_001391626.1
OG0009041	XP_006109352.3, XP_014302876.1	XP_006531384.1, NP_001368779.1
OG0009042	XP_014318897.1	NP_058656.1
OG0009043	XP_006093384.1	NP_033770.2
OG0009044	XP_023603846.1	NP_114394.1, XP_006497106.1
OG0009045	XP_006084194.1	NP_666095.1
OG0009046	XP_023607679.1	NP_035289.2, XP_006521924.1
OG0009047	XP_006090428.1	NP_034612.1, NP_001397166.1
OG0009048	XP_023619559.1	NP_034688.1
OG0009049	XP_006091542.1	NP_112440.2, NP_001106987.2
OG0009050	XP_006108899.3, XP_023619073.1	NP_062748.2
OG0009051	XP_023610160.1	NP_056585.2
OG0009052	XP_014306812.1	NP_033533.1
OG0009053	XP_014309010.2	NP_001028414.1
OG0009054	XP_014306892.1	NP_201571.2
OG0009055	XP_006102989.1	NP_033339.2, XP_006505926.1
OG0009057	XP_014305189.1	XP_036014490.1, NP_036022.1
OG0009058	XP_023620587.1	NP_034563.2
OG0009059	XP_006082974.1	NP_034229.1
OG0009060	XP_023608749.1	NP_059497.1
OG0009061	XP_014319247.1	NP_034301.3
OG0009062	XP_006094889.1	XP_036019313.1, NP_766104.2
OG0009063	XP_014308422.1	NP_033380.1
OG0009064	XP_006098367.1	NP_001297695.1
OG0009065	XP_023601614.1	NP_032544.1
OG0009066	XP_023620309.1	NP_075718.2, XP_017176555.1
OG0009068	XP_006102039.1	NP_035400.3
OG0009069	XP_014304490.1	NP_034854.2
OG0009070	XP_006105529.1	NP_001366339.1
OG0009071	XP_006105515.1	NP_001020484.1
OG0009072	XP_014321242.1	NP_001401225.1
OG0009073	XP_006104622.1	NP_001398749.1, NP_034279.3
OG0009074	XP_006081270.1	NP_001391828.1, NP_084123.3
OG0009075	XP_006089623.1	NP_536711.3
OG0009076	XP_006102060.1	XP_006534812.1
OG0009077	XP_006095023.1	XP_006533476.1, NP_034791.2
OG0009078	XP_023604295.1	NP_036043.2
OG0009079	XP_006106528.1	NP_033207.2
OG0009080	XP_023600088.1	NP_081404.2, XP_006535272.1
OG0009081	XP_006103477.1	NP_032284.1
OG0009082	XP_006097405.1	NP_031832.2
OG0009083	XP_014318245.1	NP_034314.2, XP_006496718.1
OG0009084	XP_023613479.1	XP_006523975.1, NP_035399.1
OG0009085	XP_023615329.1	XP_006529288.1, NP_599013.1
OG0009086	XP_023619750.1	NP_056631.2
OG0009087	XP_023617889.1, XP_014303241.1	NP_081210.2
OG0009088	XP_023601101.1	NP_598760.1
OG0009089	XP_006106690.1	XP_006533337.1, NP_852085.2
OG0009090	XP_014301389.1, XP_014301402.1	NP_033292.2
OG0009091	XP_023601714.1	NP_071860.1
OG0009092	XP_006098637.1	NP_001344034.1
OG0009093	XP_014307780.1, XP_006084924.1	NP_038818.2
OG0009094	XP_023613559.1, XP_006093399.1	NP_035896.1
OG0009095	XP_023600707.1, XP_006100108.2	NP_062275.1
OG0009096	XP_023601457.1, XP_006106132.2	NP_001095884.1
OG0009097	XP_006104485.1	XP_006503926.1, NP_035845.1
OG0009098	XP_014316800.1	XP_036018829.1
OG0009099	XP_006095318.1	NP_001268946.1
OG0009100	XP_023610603.1	NP_062534.2, XP_006527457.1
OG0009101	XP_006105124.1	NP_031632.2
OG0009102	XP_006102775.1	XP_006537894.1, NP_647466.2
OG0009103	XP_014308386.1	NP_001139450.2, XP_036014573.1
OG0009104	XP_023606921.1	NP_001347001.1
OG0009105	XP_006095346.1	NP_079782.1
OG0009106	XP_014303822.1	NP_082333.1
OG0009107	XP_023608237.1	NP_296371.1
OG0009108	XP_006097756.1	NP_038585.2
OG0009109	XP_014303365.1	NP_631970.1, NP_690015.2
OG0009110	XP_014321913.1	XP_006510882.3
OG0009112	XP_014322793.2, XP_006107927.1	NP_031721.2
OG0009113	XP_014310934.2	NP_067410.1
OG0009114	XP_006090530.1	NP_001155218.1, NP_038777.2
OG0009115	XP_006109214.2, XP_006101675.1	NP_058588.1
OG0009116	XP_006094841.1	NP_001153817.1
OG0009117	XP_006094151.1	NP_032939.1
OG0009118	XP_006084533.1	NP_001009574.1
OG0009119	XP_023617709.1	NP_031767.2
OG0009120	XP_006093882.1	NP_001129556.1
OG0009121	XP_023600109.1	NP_080494.1
OG0009122	XP_014300913.1	NP_001349035.1
OG0009123	XP_006109262.2	NP_666173.4
OG0009124	XP_006104128.1	NP_663585.2
OG0009125	XP_006097604.1	NP_033792.1, XP_036021653.1
OG0009126	XP_006105562.3	NP_035744.1
OG0009127	XP_006092708.1	NP_032481.2
OG0009128	XP_023613089.1	NP_081502.2
OG0009129	XP_023602248.1	NP_079998.1
OG0009130	XP_006107718.1	NP_081175.2
OG0009131	XP_023611660.1	NP_079568.1
OG0009132	XP_006084740.1	NP_038926.1
OG0009133	XP_006089143.1	NP_599011.2
OG0009134	XP_006101274.1	NP_031478.1
OG0009135	XP_006090082.1	NP_861413.1
OG0009136	XP_006085961.1, XP_006084672.1	NP_001076001.1
OG0009137	XP_006107093.1	NP_034517.2, NP_034518.1
OG0009138	XP_006099765.1	XP_017173167.1
OG0009139	XP_023610489.1	NP_034154.2
OG0009141	XP_023616309.1	NP_034836.1
OG0009142	XP_006101181.1	NP_062291.1
OG0009144	XP_006095114.1	XP_006512948.1, NP_789807.1
OG0009145	XP_014309593.1	NP_034860.2
OG0009146	XP_014306085.1	NP_033558.3
OG0009147	XP_023609924.1	XP_006512895.1, NP_080417.2
OG0009148	XP_023613840.1	NP_665837.1
OG0009149	XP_014303493.1	NP_665856.2, XP_006531091.1
OG0009150	XP_006101193.1	XP_017169251.1, NP_598770.1
OG0009151	XP_006086079.1	NP_080237.1
OG0009152	XP_006087952.1, XP_006093858.1	XP_030099894.1, NP_031773.2
OG0009153	XP_006081534.2	XP_006517536.1, NP_780492.2
OG0009154	XP_023618904.1	NP_653106.1
OG0009155	XP_023606642.1	NP_631882.2
OG0009156	XP_006091746.1	NP_031690.3, XP_006525616.1
OG0009157	XP_006097454.1	NP_033252.1
OG0009159	XP_006096092.1	NP_001300848.1
OG0009161	XP_023600912.1	XP_006524497.1, NP_808491.2
OG0009162	XP_023614295.1	NP_766463.1
OG0009163	XP_023613670.1	NP_001391651.1, XP_006510118.1
OG0009164	XP_023608611.1	XP_006519752.1
OG0009165	XP_006107150.2, XP_023599625.1	NP_001316596.1, NP_034383.1
OG0009167	XP_023616676.1	NP_081503.1, XP_006527762.1
OG0009168	XP_006088554.1	XP_006504178.1, NP_001074790.1
OG0009169	XP_014313744.1	NP_084443.1
OG0009170	XP_014301580.2, XP_006107675.1	NP_032751.1
OG0009171	XP_006088951.1	NP_033868.3, XP_011238302.1
OG0009172	XP_023619102.1	NP_795946.2
OG0009173	XP_006081515.1	NP_081458.1
OG0009174	XP_023604888.1	XP_006504256.1, NP_084484.2
OG0009176	XP_006083087.1	NP_032824.1
OG0009177	XP_023610681.1	XP_036017339.1, NP_112419.4
OG0009178	XP_006083891.1	NP_001343335.1, NP_542370.3
OG0009179	XP_014305048.1	NP_036160.1, XP_036012628.1
OG0009180	XP_006095770.1	NP_034794.2
OG0009182	XP_006106403.1	XP_006529622.1, NP_776132.2
OG0009185	XP_023603373.1	XP_017168878.1, NP_666425.1
OG0009187	XP_006109129.1, XP_006088091.1	NP_667131.2
OG0009189	XP_014307448.1	NP_080075.2, NP_001317127.1, XP_006512890.1
OG0009190	XP_006089306.1	NP_001366080.1, XP_036011662.1
OG0009191	XP_006089260.1	NP_001152861.1
OG0009192	XP_023609942.1	NP_035412.2, XP_011241449.1
OG0009193	XP_023609958.1	NP_001139821.1
OG0009194	XP_006108697.1	NP_001034232.1, NP_035990.1, NP_001292786.1
OG0009196	XP_023602724.1	NP_796010.1, XP_006540126.1
OG0009197	XP_023608096.1	NP_083229.1, XP_036017315.1
OG0009198	XP_006106893.1	XP_017167815.1, NP_082512.1
OG0009199	XP_006107055.2, XP_006109376.1	NP_064397.1
OG0009200	XP_023603717.1	XP_006539883.1, NP_808359.1
OG0009201	XP_014305026.2	NP_001405561.1, XP_006541095.1
OG0009202	XP_006097463.1	NP_079575.1, NP_001371102.1, NP_001371103.1
OG0009203	XP_014318661.1	XP_006526588.1, NP_080571.2
OG0009204	XP_023611391.1	NP_803233.2
OG0009205	XP_006090838.1	XP_030106323.1, NP_780751.2
OG0009206	XP_006104058.1	NP_938037.2
OG0009207	XP_006087197.1	NP_001363950.1
OG0009208	XP_006084499.1	NP_001020563.1
OG0009209	XP_023605973.1	NP_032606.4
OG0009210	XP_006084482.1	NP_001028430.1
OG0009211	XP_006084479.1, XP_006084478.1, XP_014307354.1	NP_001333680.1
OG0009212	XP_023605967.1	NP_001357920.1
OG0009213	XP_023605954.1	XP_006512846.1, NP_001028604.1
OG0009214	XP_006084457.1, XP_006093053.1	NP_780311.2
OG0009215	XP_006103667.1	NP_081667.1
OG0009216	XP_014323072.1	NP_112462.1
OG0009217	XP_023613945.1	XP_006523284.2, NP_001078824.1
OG0009218	XP_023613980.1	NP_666185.3, XP_006523277.1
OG0009219	XP_023613991.1	NP_079940.2, XP_017173101.1
OG0009220	XP_023600758.1	XP_006523407.1, NP_080586.1
OG0009221	XP_023600481.1	NP_001390399.1
OG0009223	XP_014304596.2	NP_034936.1, XP_006523815.1
OG0009224	XP_006089241.1	NP_079890.1
OG0009225	XP_023609937.1	NP_001156409.1
OG0009226	XP_023609969.1	XP_011241498.1, NP_079981.2
OG0009227	XP_006089265.1	NP_444417.2, NP_001186201.1
OG0009228	XP_006089275.1	NP_001074897.1, XP_006512952.1
OG0009229	XP_023609976.1	NP_780657.1
OG0009230	XP_023609972.1	NP_001013429.2, XP_036011781.1
OG0009231	XP_023609962.1	NP_001403988.1
OG0009232	XP_006089302.1	NP_038932.1
OG0009233	XP_006095134.1	NP_001103217.1
OG0009234	XP_023614898.1	NP_082627.3
OG0009235	XP_014316594.2	NP_080414.2
OG0009236	XP_023614895.1	XP_006512805.1
OG0009237	XP_023606040.1	XP_036011779.1
OG0009238	XP_023620792.1	XP_036013890.1
OG0009239	XP_023620788.1	NP_780703.1
OG0009240	XP_006101485.1	NP_001315443.1, NP_032983.1
OG0009241	XP_006100075.1	NP_780423.2
OG0009242	XP_006086908.1	NP_001391890.1
OG0009243	XP_023608158.1	NP_851993.3, XP_006527207.1
OG0009244	XP_006086861.1	NP_001413081.1
OG0009245	XP_023608097.1	XP_006527424.1, NP_082484.1
OG0009246	XP_023620333.1, XP_023605233.1	XP_006527498.1, NP_083061.2
OG0009247	XP_023601377.1	XP_036017453.1, NP_665830.1
OG0009248	XP_006094174.1	XP_006527130.1, NP_899002.1
OG0009249	XP_014315886.1	NP_067371.1
OG0009250	XP_023601477.1	NP_038874.3
OG0009251	XP_014302262.2	NP_001413039.1
OG0009252	XP_023600341.1	XP_036013842.1, NP_033193.3
OG0009257	XP_023604559.1	XP_030098080.1, NP_035261.3
OG0009258	XP_006107534.1	XP_006540854.1
OG0009259	XP_014306080.2	NP_062804.1
OG0009260	XP_023604019.1	NP_001311464.1, XP_036009091.1
OG0009263	XP_006107061.1	NP_001028342.2, XP_006541287.1
OG0009265	XP_006110057.1	NP_001407179.1, NP_700468.2
OG0009267	XP_023603329.1	NP_001272820.1, NP_001272821.1, NP_062722.1
OG0009268	XP_023604615.1	NP_080881.2
OG0009269	XP_023603021.1	NP_001074284.1, XP_006540205.1
OG0009270	XP_023603020.1	NP_080387.2
OG0009272	XP_014303628.1	NP_954600.1
OG0009274	XP_006102235.2	NP_035243.1, XP_036008682.1
OG0009276	XP_006108761.1	NP_001096083.1, XP_017177646.1
OG0009277	XP_006102240.1	NP_064365.1
OG0009278	XP_023600634.1	NP_705804.2
OG0009279	XP_014301468.1	NP_001390131.1, XP_006540177.1
OG0009280	XP_023600627.1	NP_997560.3, XP_030098785.1
OG0009281	XP_023600637.1	NP_001404061.1
OG0009284	XP_014323463.1	NP_035707.1
OG0009285	XP_023599729.1	NP_033491.2, XP_006540052.1
OG0009286	XP_014323460.1	NP_083051.1
OG0009288	XP_023599736.1	NP_853624.1
OG0009289	XP_014323480.1, XP_023599741.1	NP_001230817.1
OG0009290	XP_023599725.1	NP_001403961.1
OG0009291	XP_014318098.1	NP_001074584.2, XP_030098311.1
OG0009292	XP_006096757.1, XP_006096756.1	NP_080992.3
OG0009293	XP_023620899.1	NP_001139495.1, XP_006540456.1
OG0009294	XP_006096724.1	NP_080821.3
OG0009295	XP_006096723.1	NP_001028697.2
OG0009296	XP_023618108.1	XP_011248842.1
OG0009297	XP_006098700.1	NP_780687.1
OG0009298	XP_023618113.1	NP_031493.2
OG0009299	XP_014319743.1	NP_839983.1, NP_001276611.1, NP_001276599.1
OG0009300	XP_006098753.1	NP_001277502.1
OG0009301	XP_006098726.1	NP_067372.2, XP_006540308.1
OG0009302	XP_023618102.1	XP_006539604.1, NP_031985.2
OG0009303	XP_006098740.1	NP_918946.2
OG0009304	XP_014319702.1	NP_059101.1
OG0009305	XP_014317430.2	NP_997095.1
OG0009306	XP_006096030.1	NP_001405405.1
OG0009307	XP_014317461.1	NP_001019878.1
OG0009308	XP_006096064.1	NP_001357815.1, XP_036009101.1
OG0009309	XP_006096046.1	NP_080457.1
OG0009310	XP_006088480.1	NP_796242.2
OG0009311	XP_006097511.1	XP_036016835.1, NP_001276573.1
OG0009312	XP_023607054.1	XP_017171016.1, NP_780380.2
OG0009313	XP_023607396.1	NP_001004149.1
OG0009314	XP_014323724.1	NP_001411807.1, NP_035650.2
OG0009315	XP_006097330.2	XP_036019446.1, NP_598649.1
OG0009316	XP_023616750.1	NP_057902.5, XP_006539103.1
OG0009317	XP_006094124.1	NP_777276.3
OG0009318	XP_023614094.1	NP_001230191.1, XP_036020024.1
OG0009320	XP_023616784.1, XP_006097301.2	NP_038650.3, XP_006538691.1
OG0009321	XP_006097346.2	NP_032180.1
OG0009322	XP_006094134.3	NP_001334159.1, NP_035239.1
OG0009324	XP_006086766.1	NP_080760.2
OG0009325	XP_023607993.1	XP_006531583.1
OG0009326	XP_006086740.1	NP_034708.1
OG0009327	XP_006100327.1	NP_080255.3, XP_030107837.1
OG0009328	XP_006100330.1	NP_038799.1
OG0009329	XP_006094338.1	NP_083895.1, XP_017174809.1
OG0009330	XP_006086735.1	NP_032474.2
OG0009331	XP_014309420.1	NP_851415.1, NP_001265376.1
OG0009332	XP_006093791.1	NP_001074779.1, XP_011237285.1
OG0009333	XP_023618297.1	NP_001074630.1, NP_001333996.1
OG0009334	XP_006088474.1	NP_001343380.1
OG0009335	XP_023617726.1	NP_001074600.1, XP_036016106.1
OG0009336	XP_023609322.1	NP_001403975.1
OG0009337	XP_006088464.1	NP_082024.2
OG0009338	XP_023609327.1	NP_001171224.1
OG0009339	XP_006088497.1	NP_001278000.1
OG0009340	XP_023617545.1	XP_006516536.1, NP_001074895.2
OG0009341	XP_014309315.1	NP_034545.1
OG0009342	XP_006086560.1	XP_006525969.1
OG0009343	XP_014321725.2, XP_006086541.1	NP_032240.3
OG0009344	XP_006086547.1	XP_006526339.1, NP_082312.3
OG0009345	XP_006097516.1	NP_001129558.1, NP_033494.1
OG0009346	XP_006097514.1	XP_006526400.1
OG0009347	XP_014318679.1	NP_001013819.1
OG0009348	XP_023602380.1	XP_011242920.1
OG0009349	XP_014303229.1	XP_006517733.1, NP_848861.1
OG0009350	XP_023603850.1	NP_766181.2, XP_006517678.1
OG0009351	XP_006081486.1	NP_001120818.1
OG0009352	XP_023607364.1	NP_663431.3
OG0009353	XP_006081472.1	NP_001347023.1
OG0009354	XP_014307909.1	NP_001074489.1, XP_011242913.1
OG0009355	XP_006081448.1	XP_036013913.1
OG0009356	XP_023606984.1	NP_001070963.1
OG0009357	XP_014307654.1, XP_023606968.1	NP_075023.2
OG0009358	XP_014307438.1	NP_001074530.1, XP_017171034.1
OG0009359	XP_006081410.1	NP_032660.2, XP_006517611.1
OG0009360	XP_023606644.1	XP_036014046.1, NP_081149.1
OG0009361	XP_006081399.1	NP_080961.1
OG0009362	XP_014307152.1	NP_001258392.1
OG0009363	XP_014320228.1	XP_006530933.1
OG0009364	XP_023618625.1	NP_001359350.1, NP_001359356.1
OG0009365	XP_006099276.1	NP_084474.1
OG0009366	XP_006106711.1	NP_077153.1
OG0009367	XP_006106338.1	NP_001344195.1
OG0009368	XP_023603267.1	NP_808435.3
OG0009369	XP_006103121.1	NP_032636.1, XP_006530814.1
OG0009370	XP_014300982.1	NP_061296.1
OG0009371	XP_006103127.1	NP_001345863.1
OG0009372	XP_006106033.2	NP_001363944.1
OG0009373	XP_006109141.3	NP_085040.2, XP_006531579.1
OG0009374	XP_014315951.1	XP_006503194.1, NP_808426.2
OG0009375	XP_014315973.1	NP_075974.3, XP_006503437.1
OG0009376	XP_006094297.1	XP_030109549.1, NP_536690.1
OG0009377	XP_006094298.1	NP_032254.1
OG0009378	XP_006094311.1	NP_061269.1
OG0009379	XP_006094335.2	NP_001156499.1
OG0009380	XP_014323744.1	XP_006503126.1
OG0009381	XP_023600013.1	NP_034899.2
OG0009382	XP_006097306.1	NP_001075120.1, XP_006538910.1
OG0009383	XP_023616764.1	NP_001390689.1
OG0009384	XP_006097329.1	XP_006539051.1, NP_958756.1
OG0009385	XP_006097332.1	NP_001028480.1, XP_011248532.1
OG0009386	XP_006097331.1	NP_035414.3
OG0009387	XP_014318552.1	NP_598648.1
OG0009388	XP_006097339.1	NP_001413006.1
OG0009389	XP_014318565.1	NP_081428.1
OG0009390	XP_023616753.1	XP_011248567.1, NP_113570.2
OG0009391	XP_014318572.1	NP_079943.2, XP_006539099.1
OG0009393	XP_023599180.1	XP_011248627.1, NP_080533.1
OG0009394	XP_006102024.3	XP_036020300.1, NP_653110.3
OG0009395	XP_014322853.1	XP_011248519.1, NP_001074516.1
OG0009396	XP_014322865.1	NP_001034137.2
OG0009397	XP_023599192.1	NP_001074568.1
OG0009398	XP_014322831.1	XP_006538486.1, NP_663529.2
OG0009399	XP_014301970.1	NP_058079.2
OG0009400	XP_006094145.1	NP_001078978.1
OG0009401	XP_006094118.1	NP_001073856.1
OG0009402	XP_023614112.1	NP_032280.2, NP_001344458.1
OG0009403	XP_006094110.1	NP_079687.3
OG0009404	XP_006094111.1	NP_038764.2
OG0009405	XP_006094106.1	NP_808401.1
OG0009406	XP_006094103.1	XP_006538773.1, NP_035672.1
OG0009407	XP_023614091.1	NP_033549.1
OG0009408	XP_006094083.1	NP_080695.1
OG0009409	XP_023614148.1	XP_030109077.1
OG0009410	XP_014315756.1	NP_001093101.1
OG0009411	XP_006094135.1	NP_036175.2, NP_001347804.1
OG0009412	XP_006094047.1	NP_001153791.1
OG0009413	XP_006094126.1, XP_006109290.2	XP_030109240.1
OG0009414	XP_023600972.1	NP_035191.2
OG0009415	XP_023603820.1	NP_742120.2
OG0009416	XP_006105814.2	XP_036019541.1, NP_034269.2
OG0009417	XP_023601686.1	XP_006539059.1, NP_001013802.1
OG0009418	XP_006104821.1	XP_036019839.1, NP_758841.1
OG0009419	XP_006109866.1	NP_001365791.1
OG0009421	XP_023603881.1	XP_030109477.1, NP_808536.2
OG0009422	XP_023605207.1, XP_014302325.1	NP_001263431.1
OG0009423	XP_006104586.1	NP_035740.2, XP_036019858.1
OG0009424	XP_006107676.2	XP_006539342.1, NP_084117.2
OG0009425	XP_006103788.1	NP_001155270.1, NP_034970.2
OG0009426	XP_006103784.1	NP_001155323.1
OG0009427	XP_006103782.1	NP_001406366.1, NP_001406365.1, NP_789818.1
OG0009428	XP_006108351.2, XP_023600723.1	NP_064393.2
OG0009429	XP_006086768.2, XP_023608026.1	NP_694726.2, XP_006525872.1
OG0009430	XP_023614318.1	NP_081876.2
OG0009431	XP_023606291.1	NP_940800.1
OG0009432	XP_006106640.1	NP_001074575.1
OG0009433	XP_014304288.1	NP_849147.1, NP_083771.1
OG0009434	XP_023604370.1	NP_038540.2, XP_006525690.1
OG0009435	XP_006081254.1	NP_031716.2
OG0009436	XP_006081255.1	NP_080210.1
OG0009437	XP_014309568.2	NP_001357855.1, XP_017171183.1
OG0009438	XP_006081285.1	NP_031710.1, XP_006517137.1
OG0009439	XP_006081293.1	NP_001348837.1, NP_780396.2
OG0009440	XP_023608069.1	NP_663427.2
OG0009441	XP_006081301.1	XP_011242773.2, NP_001074718.1
OG0009442	XP_023606057.1	NP_083066.1
OG0009443	XP_023606078.1	NP_033053.2, XP_036013814.1
OG0009444	XP_023606256.1	NP_033347.1
OG0009445	XP_014306974.1	NP_766178.2, XP_036013908.1
OG0009446	XP_023606326.1	XP_036013984.1, NP_081987.1
OG0009447	XP_006081374.1	XP_006517814.1, NP_080449.1
OG0009448	XP_006081375.1	NP_075909.1
OG0009449	XP_006106061.1	NP_001390321.1, NP_835157.1
OG0009450	XP_006108454.1	NP_067311.4
OG0009451	XP_014305384.2	XP_006540973.1
OG0009452	XP_014301827.1	XP_036009285.1
OG0009453	XP_023604995.1, XP_023600648.1	NP_001036057.1
OG0009454	XP_023599912.1	XP_006540962.1, NP_001019874.1
OG0009455	XP_014323627.1	XP_006540965.1, NP_808408.2
OG0009456	XP_023599817.1	XP_036009413.1, NP_083608.1
OG0009457	XP_023599815.1	XP_017177740.1, NP_001186153.1
OG0009459	XP_023604390.1	NP_035198.1, XP_036008670.1
OG0009460	XP_014305518.1	NP_001405848.1
OG0009461	XP_006105822.1	NP_031576.4
OG0009462	XP_006108109.1, XP_006104796.1	XP_006541269.1, NP_082302.2
OG0009463	XP_023601657.1	XP_017177424.1, NP_473426.2
OG0009465	XP_023604578.1	NP_001361019.1
OG0009469	XP_023602175.1	XP_030110246.1, NP_001163925.1
OG0009470	XP_023602178.1	NP_077798.1
OG0009472	XP_023603421.1	XP_036020916.1
OG0009473	XP_014305369.2	XP_006504183.1
OG0009474	XP_014306739.2	NP_001015039.1, XP_006503949.1
OG0009475	XP_014301941.2	NP_034883.2
OG0009476	XP_014305700.1	NP_036044.1
OG0009478	XP_023604556.1	XP_036014836.1, NP_033219.1
OG0009479	XP_014305749.1	XP_006504104.1, NP_067475.2
OG0009480	XP_006108073.2	NP_077754.3
OG0009481	XP_014322409.1	NP_776125.2
OG0009482	XP_006096668.1	NP_081571.1
OG0009483	XP_014305380.1	NP_079756.2, NP_001343889.1
OG0009484	XP_023609401.1	XP_006504066.1, NP_001020088.1
OG0009485	XP_006088561.1	NP_077791.1
OG0009486	XP_006088579.1	NP_079976.1
OG0009487	XP_014315140.1	NP_766298.2, XP_011239032.1
OG0009488	XP_023613508.1	NP_035565.1
OG0009489	XP_006093334.1	NP_031865.2
OG0009490	XP_006108363.3	XP_036021349.1, NP_666032.1
OG0009491	XP_006088546.1	NP_001387843.1
OG0009492	XP_006087983.1	NP_062767.3
OG0009493	XP_006086816.1	NP_001106895.1
OG0009494	XP_006089164.1	NP_032239.1
OG0009495	XP_023608369.1	NP_033999.1, XP_011243639.1
OG0009496	XP_006096680.1	XP_006526768.1, NP_032358.1, NP_001342191.1
OG0009497	XP_023604744.1, XP_014301126.1	XP_006516794.1, NP_001405400.1
OG0009498	XP_006108323.1, XP_023600325.1	NP_035047.2
OG0009499	XP_014302322.1	NP_766350.2
OG0009500	XP_023605035.1, XP_023601521.1	NP_001153379.1
OG0009501	XP_014302314.1, XP_014306266.1	XP_006531034.1, NP_663583.2
OG0009502	XP_006086782.1, XP_006105835.1, XP_006109472.2	NP_058605.1
OG0009503	XP_023605123.1, XP_014303344.2	NP_034452.3
OG0009504	XP_023602469.1	NP_079891.2
OG0009505	XP_023603107.1	XP_030099239.1
OG0009506	XP_023610376.1	NP_082767.1, XP_006514279.1
OG0009507	XP_006089773.1	XP_006514192.1, NP_076087.2
OG0009508	XP_006105390.1	NP_001028432.1
OG0009510	XP_014304194.1, XP_023603789.1	NP_852088.1
OG0009511	XP_006100030.1	NP_084046.2
OG0009512	XP_023610907.1	NP_443720.1, XP_006514410.1
OG0009513	XP_023610893.1	NP_001278371.1
OG0009514	XP_006090321.1	XP_036014232.1
OG0009515	XP_014312624.1	NP_079716.1
OG0009516	XP_023620168.1	NP_899031.2
OG0009517	XP_006100906.1	NP_001094903.1
OG0009518	XP_023617879.1	XP_017171399.1
OG0009519	XP_014321009.2	NP_666357.2, XP_017171501.1
OG0009520	XP_014321001.1	XP_036014751.1
OG0009521	XP_023611768.1, XP_006109430.3	NP_001078842.1
OG0009522	XP_006081687.1	NP_001107560.1, XP_006517407.1
OG0009523	XP_023608941.1	NP_067464.2
OG0009524	XP_006081663.1	NP_001028417.1
OG0009525	XP_006081664.1	NP_001346686.1
OG0009526	XP_014309916.1	NP_001139497.1
OG0009527	XP_006097737.1	NP_082873.2
OG0009528	XP_023601225.1	NP_001075125.1
OG0009529	XP_023601233.1	NP_081307.2, XP_011242049.1
OG0009530	XP_023601228.1	NP_033314.2
OG0009531	XP_023620273.1	NP_001349804.1
OG0009532	XP_023618084.1	NP_080299.4
OG0009533	XP_006098656.1	XP_036012226.1, NP_032099.1
OG0009534	XP_006098659.1	NP_001093111.1
OG0009535	XP_014308996.2, XP_023605195.1	NP_064380.3
OG0009536	XP_023618089.1	XP_030101420.1, NP_001334243.1
OG0009537	XP_006089119.1	NP_032401.1
OG0009538	XP_006089142.1	NP_001268894.1
OG0009539	XP_006089148.1	NP_001390902.1, NP_778166.2
OG0009540	XP_006089152.1	NP_001160141.1
OG0009541	XP_023609856.1	XP_006534397.2, NP_082727.1
OG0009542	XP_006089182.1	NP_694810.2, XP_006533387.1
OG0009543	XP_006089183.1	NP_034429.1
OG0009544	XP_014311664.1	NP_803422.2, XP_011247427.1
OG0009545	XP_006089187.1	NP_001186204.1
OG0009546	XP_023616979.1	XP_006525944.1, NP_766216.2
OG0009547	XP_014306363.2	NP_076101.1
OG0009548	XP_023603984.1, XP_006108634.3	NP_032422.2
OG0009549	XP_014316900.1	NP_001289476.1
OG0009550	XP_006090211.1	XP_036014946.1
OG0009551	XP_006090198.2	NP_038513.2, NP_001355350.1
OG0009552	XP_014312530.1	NP_001074871.1
OG0009553	XP_023610782.1	XP_006520060.1, NP_001156378.1
OG0009554	XP_023610776.1	NP_081983.2, NP_957684.1, XP_006520057.1
OG0009555	XP_023610817.1, XP_014306289.2	NP_932141.1, XP_036015211.1
OG0009556	XP_023610759.1	NP_001405799.1
OG0009557	XP_006090182.1	XP_011243661.1, NP_038815.1, NP_001272909.1
OG0009558	XP_014312510.1	XP_017172290.1, NP_084322.2
OG0009559	XP_006090163.1	NP_001027021.1
OG0009560	XP_006090153.1	NP_032754.2, NP_001034270.1
OG0009561	XP_006081542.2	NP_001074533.1, XP_006520223.1
OG0009562	XP_006081554.1	NP_062345.2
OG0009563	XP_006081559.1	XP_006520169.1, NP_795933.2
OG0009564	XP_023608500.1	NP_001303639.1, NP_036144.2
OG0009565	XP_006089173.1	NP_001277750.1
OG0009566	XP_006090223.1	NP_848832.1
OG0009567	XP_006101834.1	NP_001028593.1
OG0009568	XP_006110039.2	NP_001268883.1
OG0009569	XP_006104370.1	XP_006510028.1, NP_038515.3
OG0009571	XP_023608597.1	NP_766461.1, XP_030109426.1
OG0009572	XP_023617752.1	NP_001313221.1, NP_038934.2
OG0009573	XP_023599014.1	NP_001158239.1, XP_006510170.1
OG0009574	XP_014319421.1	XP_011240777.1, NP_001313631.1
OG0009575	XP_006098303.1	NP_035306.2, XP_036010597.1
OG0009576	XP_006098304.1	XP_006510015.1, NP_001344627.1, NP_001095925.1
OG0009577	XP_014303985.1	NP_081306.1
OG0009578	XP_006106913.1	NP_079565.2
OG0009579	XP_006105484.2	XP_006510665.1, NP_598494.2
OG0009580	XP_006109371.1, XP_023602022.1	XP_006510695.1
OG0009581	XP_006105312.1	XP_011240788.1, NP_001030035.1
OG0009582	XP_006105315.2	XP_011240722.1, NP_035269.2
OG0009583	XP_023604790.1	NP_076144.2, XP_006510679.1
OG0009584	XP_023603514.1	XP_006510026.1, NP_031645.2
OG0009585	XP_006110221.1	NP_031901.2
OG0009586	XP_014306167.1	NP_067456.1, XP_006510579.1
OG0009587	XP_023601386.1	XP_011240744.1, NP_001344478.1
OG0009588	XP_023601390.1	NP_001087218.1
OG0009589	XP_023604325.1	XP_006510195.1, NP_001013391.2
OG0009590	XP_023600064.1	XP_006510196.1, NP_001074842.2
OG0009591	XP_023600070.1	NP_001276597.1, XP_006510204.1
OG0009592	XP_023600072.1	NP_081774.3, XP_006510653.1
OG0009593	XP_023600077.1	NP_033822.2
OG0009594	XP_023603476.1, XP_014323813.1, XP_023604282.1	NP_666112.1
OG0009595	XP_006093535.1	NP_036169.1
OG0009597	XP_006097903.1	NP_001296838.1
OG0009598	XP_014315357.1	NP_001298002.1
OG0009599	XP_023613661.1	NP_848825.2
OG0009600	XP_023618745.1	NP_001098086.1, NP_033067.2
OG0009601	XP_014320332.1	NP_032022.1
OG0009602	XP_014322278.1	NP_789816.2, XP_006510488.1
OG0009603	XP_023620685.1	NP_001363872.1
OG0009604	XP_023600604.1	NP_659033.1
OG0009605	XP_006103617.1	NP_082083.3
OG0009606	XP_014301447.1	XP_006511523.1, NP_082336.3
OG0009607	XP_023600605.1, XP_023600606.1	NP_001391950.1
OG0009608	XP_006098900.1	XP_011240663.1, NP_001028494.1
OG0009609	XP_023618290.1	NP_080552.3
OG0009610	XP_006094735.1, XP_014316251.1	NP_032633.1
OG0009611	XP_023602099.1	XP_006532664.1
OG0009612	XP_006105336.1	XP_036012138.1, NP_033801.4
OG0009613	XP_006105334.1	NP_001020097.2
OG0009614	XP_006100731.1	NP_080344.2
OG0009615	XP_006100727.1	NP_083239.1, NP_001348493.1
OG0009616	XP_014321575.2	NP_444475.2, XP_006532060.1
OG0009617	XP_006102812.1	NP_001239411.1
OG0009618	XP_006102815.1	NP_766149.2
OG0009619	XP_023599855.1	XP_006532069.1, NP_033733.1
OG0009620	XP_023599835.1	NP_001289404.1
OG0009621	XP_014323578.1	NP_001025100.1
OG0009622	XP_006109951.2	NP_758959.1, XP_006534176.1
OG0009623	XP_006108003.1	NP_031914.3
OG0009624	XP_006107998.1	NP_059062.1
OG0009625	XP_006105560.1	NP_001277997.1
OG0009626	XP_014303117.1	XP_006534617.1, NP_114086.3
OG0009627	XP_006105555.1	NP_033731.3, NP_001404182.1
OG0009629	XP_006105573.1	NP_036030.2
OG0009630	XP_006105575.1	NP_035944.2
OG0009631	XP_014305341.2	XP_011247139.1, NP_035497.1
OG0009632	XP_006107896.1	NP_038201.1
OG0009633	XP_006102643.1	NP_084359.1
OG0009634	XP_023599691.1	NP_076157.2
OG0009635	XP_023602914.1	NP_796294.2, XP_006533611.1
OG0009636	XP_006099794.1	XP_006533784.1, NP_001035115.1
OG0009637	XP_014320698.1	NP_796366.1, NP_001277971.1
OG0009638	XP_006099801.1	NP_848771.1
OG0009639	XP_023605014.1, XP_023604103.1	NP_001395152.1
OG0009640	XP_006097436.1	XP_006534231.1, NP_848466.1
OG0009641	XP_014318631.1	NP_079772.1
OG0009642	XP_006101450.1	NP_082636.3
OG0009643	XP_023620643.1	NP_001034625.1
OG0009644	XP_006101456.1	XP_006533877.1, NP_064305.2
OG0009645	XP_006105817.1	NP_001348288.1, NP_001334474.1
OG0009646	XP_006103914.1	XP_036012518.1, NP_033436.1
OG0009647	XP_014301684.1	NP_874357.2, NP_034992.2
OG0009648	XP_023600831.1	NP_067329.1
OG0009649	XP_014302612.1	NP_001404495.1
OG0009650	XP_014301748.1	NP_001277212.1, NP_898962.2
OG0009651	XP_006089876.2	NP_080090.2
OG0009652	XP_006096170.1	NP_796213.2, XP_017175747.1
OG0009653	XP_006096163.1	NP_598643.1, NP_001303600.1
OG0009654	XP_014317551.2	NP_835279.2
OG0009655	XP_023619421.1	NP_808335.1, XP_006503007.1
OG0009656	XP_023608552.1	NP_671754.2, XP_006503035.1
OG0009657	XP_014310145.2	XP_011238779.1, NP_035457.1
OG0009660	XP_006108375.1	XP_036020147.1
OG0009662	XP_014305139.2	NP_001094976.1, XP_036020106.1
OG0009668	XP_023605019.1	NP_001028627.1, XP_030109499.1
OG0009669	XP_006108310.1	NP_031885.3, XP_006538580.1
OG0009670	XP_023603051.1	NP_001277939.1, XP_006539381.1
OG0009671	XP_006109827.1	NP_001365785.1
OG0009672	XP_006106526.1	NP_001028524.1
OG0009673	XP_014323755.1	NP_033524.1
OG0009674	XP_023604120.1	XP_036020307.1, NP_081736.2
OG0009675	XP_006105345.1	NP_001391798.1
OG0009676	XP_023602772.1	NP_758491.1
OG0009677	XP_006097421.1	NP_694816.3, NP_001351364.1
OG0009679	XP_006097417.1	XP_030099127.1
OG0009680	XP_014318580.1	XP_006530914.1, NP_033595.1
OG0009681	XP_006097394.3	XP_011246672.1, NP_663580.2
OG0009682	XP_014318597.1	NP_543131.2
OG0009683	XP_006087071.1	NP_849187.1
OG0009684	XP_006087145.1	XP_006531407.1, NP_081198.1
OG0009685	XP_023608316.1	XP_036009620.1, NP_473436.1
OG0009686	XP_006087097.1	NP_064350.2, XP_006531281.1
OG0009687	XP_006087106.1, XP_023608349.1	NP_001074620.1
OG0009688	XP_023608350.1	NP_067461.2
OG0009689	XP_023608318.1	NP_083717.1
OG0009690	XP_006087115.1	NP_083573.1
OG0009691	XP_006087129.1	NP_080969.2
OG0009692	XP_014309837.1	XP_006531354.2, NP_080057.1
OG0009693	XP_023611829.1	XP_006531074.1
OG0009694	XP_023611865.1	XP_030099412.1, NP_766504.3
OG0009695	XP_023611774.1	NP_031522.2, XP_006530648.1
OG0009696	XP_014313403.1, XP_006109484.2	NP_569053.1
OG0009697	XP_006091209.1	NP_766625.1
OG0009698	XP_006110197.1	NP_001007568.1
OG0009699	XP_006099517.1	NP_032516.2
OG0009700	XP_006099497.2	XP_030099673.1, NP_665823.3
OG0009701	XP_006099480.1	NP_001074710.2, XP_011246833.2
OG0009702	XP_023618902.1	NP_081931.1
OG0009703	XP_023618824.1	XP_036009863.1, NP_808367.2
OG0009704	XP_023618847.1	NP_683754.1
OG0009705	XP_023618915.1	NP_001013398.2, XP_006530943.1
OG0009706	XP_023618753.1	NP_780744.2, XP_036010897.1
OG0009707	XP_023619415.1	NP_899005.2, XP_011238830.1
OG0009708	XP_023615972.1	XP_006522052.1, NP_035738.1
OG0009709	XP_014312827.1	NP_001028597.2
OG0009710	XP_006092690.1	NP_083880.2, NP_001186957.1
OG0009711	XP_023612897.1	NP_573514.1, NP_001300692.1
OG0009712	XP_006088268.1	XP_011239173.1, NP_035209.1
OG0009713	XP_006088342.1	NP_001015876.1
OG0009714	XP_023609181.1	NP_035006.3, NP_001272966.1
OG0009715	XP_006088347.1	NP_919041.1, NP_083957.1
OG0009716	XP_014310872.1	NP_001186606.1
OG0009717	XP_006109665.1	NP_034376.1
OG0009718	XP_023609189.1	NP_001153838.1, XP_006504398.1
OG0009719	XP_006088329.1	NP_080050.1
OG0009720	XP_006088331.1	NP_080349.1
OG0009721	XP_006081092.1	NP_058660.2, XP_006504659.1
OG0009722	XP_006081096.1	NP_001074577.1
OG0009723	XP_023617205.1	NP_808403.2
OG0009724	XP_023608478.1	NP_001074831.1, XP_006504844.1
OG0009725	XP_014318870.1	NP_080109.1
OG0009726	XP_006097763.3	XP_036020998.1, NP_659164.2
OG0009727	XP_006097766.2	XP_006504760.1
OG0009728	XP_006108672.3	XP_006504750.1
OG0009730	XP_023604662.1	XP_006504717.1
OG0009731	XP_006107066.1	NP_080786.1
OG0009732	XP_006108603.3	XP_006504790.1, NP_081024.4
OG0009733	XP_014304938.1	NP_001074734.1
OG0009734	XP_006107354.2	NP_085042.2
OG0009735	XP_006105006.1	NP_663565.2
OG0009736	XP_006106103.1	NP_579929.1, NP_001394890.1
OG0009737	XP_023602651.1	NP_001074737.1
OG0009738	XP_023600558.1	NP_077725.1
OG0009739	XP_006103533.3	NP_034313.2, XP_006507411.1
OG0009740	XP_006103522.1	NP_001347841.1, NP_666313.1
OG0009741	XP_006103415.1, XP_006109147.1	NP_081194.1
OG0009742	XP_023600424.1	NP_001096033.1, XP_036009306.1
OG0009743	XP_023600389.1	XP_030098390.1, NP_659175.1
OG0009744	XP_006103411.1	NP_001366189.1
OG0009745	XP_006103381.1	NP_035668.2
OG0009746	XP_014303026.1	NP_663611.1, XP_006507920.1
OG0009747	XP_006109119.1, XP_023602213.1	NP_766333.1
OG0009748	XP_006105425.1	NP_031530.2
OG0009749	XP_006105427.1	XP_030098840.1, NP_085043.2
OG0009750	XP_006105423.1	NP_035030.2
OG0009751	XP_023599514.1	NP_001239001.1
OG0009753	XP_023607337.1	NP_659174.3, XP_011240059.1
OG0009754	XP_006085926.1	NP_080416.1
OG0009755	XP_023607243.1	NP_035456.1, XP_006507540.1
OG0009756	XP_014302997.1	NP_001366217.1
OG0009757	XP_023600149.1	NP_001357735.1
OG0009758	XP_023600152.1	NP_001171448.1
OG0009759	XP_006088251.1	NP_001291687.1
OG0009760	XP_023620879.1	NP_079621.1, XP_006522513.1
OG0009761	XP_006103814.1	NP_056584.2
OG0009762	XP_023615988.1	NP_001390164.1, NP_083240.2
OG0009763	XP_006096415.1, XP_014311281.1	NP_079822.1
OG0009764	XP_023616005.1	XP_006522377.1
OG0009765	XP_006096392.1	NP_031955.2
OG0009766	XP_023615976.1	NP_001074869.1
OG0009767	XP_006090441.3	NP_079984.2
OG0009768	XP_023611079.1	XP_036015739.1, NP_663337.2
OG0009769	XP_023611080.1	NP_032935.2
OG0009770	XP_006090452.1	NP_573448.2, XP_036015975.1
OG0009772	XP_006090478.1	NP_084481.3
OG0009773	XP_006090477.1	NP_647468.2
OG0009774	XP_023611031.1	XP_011244204.1
OG0009775	XP_023611042.1	XP_006522716.1, NP_683726.2
OG0009776	XP_023611073.1	XP_006525161.1
OG0009777	XP_023620248.1	XP_006524376.1
OG0009778	XP_014321771.1	NP_001402080.1
OG0009779	XP_006100927.1	NP_081023.1, XP_006524908.1
OG0009780	XP_014304554.1	XP_017172872.1, NP_001333666.1
OG0009781	XP_006104990.1	XP_006525158.1, NP_083900.3
OG0009782	XP_014302651.1	NP_082285.1
OG0009783	XP_023600697.1	XP_006524891.1, NP_080514.3
OG0009784	XP_006103711.2	NP_062693.1
OG0009785	XP_006103727.1	NP_001334263.1
OG0009786	XP_006103742.1	XP_006524935.1, NP_001074539.1
OG0009787	XP_006107264.1	XP_036012182.1
OG0009788	XP_006110201.2	NP_032444.2
OG0009789	XP_006108325.2, XP_006109095.3, XP_006092633.2	NP_705791.2
OG0009790	XP_006092650.1	NP_036097.1
OG0009791	XP_014314526.1	XP_006501754.1, NP_059088.2
OG0009792	XP_023612863.1	NP_001028476.1, NP_001333447.1
OG0009793	XP_006092665.1	NP_035449.1
OG0009794	XP_006092659.1	NP_083590.1
OG0009795	XP_006092668.1, XP_006108907.3	XP_030108792.1
OG0009796	XP_023612786.1	XP_006501671.1, NP_808527.2
OG0009797	XP_006092676.1	NP_796065.2, XP_036019025.1
OG0009798	XP_023601943.1	XP_011238413.1, NP_084292.1
OG0009799	XP_023603716.1	NP_001292380.1
OG0009800	XP_006108409.1, XP_023617617.1	NP_722501.1
OG0009801	XP_006093257.1	NP_001346017.1
OG0009802	XP_006093242.1	NP_659160.2
OG0009803	XP_023613447.1	NP_001399490.1
OG0009804	XP_023613400.1	XP_006535191.1, NP_061229.2
OG0009805	XP_006093971.1	NP_001366099.1
OG0009806	XP_006093977.1	XP_006501507.1, NP_059502.1
OG0009807	XP_023607575.1	XP_017175201.1
OG0009808	XP_023613942.1	NP_079831.1
OG0009809	XP_023607571.1	NP_598921.1, XP_006501144.1
OG0009811	XP_006086208.1	XP_030108705.1, NP_001280601.1
OG0009812	XP_023607552.1	XP_036019205.1, NP_001289886.1
OG0009813	XP_014309042.2	XP_011238467.1, NP_058563.1
OG0009814	XP_014309033.1	NP_001344135.1
OG0009815	XP_023607512.1	XP_036019035.1, NP_821135.1
OG0009816	XP_023607577.1	XP_006501551.1, NP_001074732.1
OG0009817	XP_023618320.1	NP_001346674.1
OG0009818	XP_023618327.1	NP_001397539.1
OG0009819	XP_023609699.1	NP_001357794.1, XP_148974.3
OG0009820	XP_023606565.1	XP_006526499.1, NP_001103213.1
OG0009821	XP_023615076.1	NP_032753.5
OG0009822	XP_006097455.1	XP_036016808.1, NP_598891.1
OG0009823	XP_014311759.1	NP_660140.1, NP_001344265.1
OG0009824	XP_006101128.1	NP_080133.1
OG0009825	XP_023602940.1	XP_011246392.1
OG0009827	XP_023604648.1	NP_109601.1
OG0009829	XP_006094930.1, XP_014310027.1	NP_808272.2
OG0009830	XP_006089959.1	NP_080140.1
OG0009831	XP_006089951.1	NP_941056.3, XP_017176914.1
OG0009832	XP_023610582.1	NP_659128.2, XP_006497212.1
OG0009833	XP_014311547.1	XP_036018953.1
OG0009834	XP_006089033.1	NP_082526.2
OG0009835	XP_006089037.1	NP_067408.1, XP_006529829.1
OG0009836	XP_023609700.1	XP_011246211.1, NP_033912.2
OG0009837	XP_023610496.1	NP_001074666.1
OG0009839	XP_023610501.1	NP_071301.2
OG0009840	XP_023610514.1	NP_598541.3, XP_006529128.1
OG0009841	XP_023610579.1	XP_036010418.1, NP_067375.3
OG0009842	XP_023609764.1	NP_001333896.1, XP_030099437.1
OG0009843	XP_023609799.1	XP_006496746.1, NP_569723.1
OG0009844	XP_023609787.1	NP_071707.2, XP_006496805.1
OG0009845	XP_006088985.1	XP_006496689.1, NP_001406885.1
OG0009847	XP_023619038.1	XP_036018403.1
OG0009848	XP_006099662.1	NP_663488.1
OG0009849	XP_006099661.1	NP_001074595.1
OG0009850	XP_023603139.1	NP_001158000.1, NP_001344359.1
OG0009851	XP_023603140.1	XP_030110644.1, NP_084521.1
OG0009852	XP_006103260.1	NP_083729.2, XP_006497085.1
OG0009853	XP_023600281.1	NP_795890.2, NP_001182745.1
OG0009854	XP_006104180.2	NP_081464.1, XP_011237166.1
OG0009855	XP_023600793.1, XP_006109561.2, XP_006109156.2	NP_080651.2
OG0009856	XP_014305831.1	NP_001096652.3, XP_006497050.1
OG0009857	XP_006106493.1	NP_036188.1
OG0009858	XP_006105165.1	NP_084407.1, XP_011237192.1
OG0009859	XP_023617295.1	NP_035962.2, XP_006501514.1
OG0009860	XP_006097853.1	NP_001028656.1
OG0009861	XP_023617403.1	NP_001297516.1
OG0009862	XP_006097864.1	XP_011238504.1
OG0009863	XP_006097875.1, XP_006081245.1	NP_112538.1
OG0009864	XP_006097883.1	XP_017175241.1, NP_083090.2
OG0009865	XP_006097897.1	NP_082464.2
OG0009866	XP_023617399.1	NP_032253.1
OG0009867	XP_006097939.2	NP_001357782.1, XP_011238650.1
OG0009868	XP_014316621.1	NP_081060.2
OG0009870	XP_023615073.1	NP_084213.1
OG0009871	XP_006095199.1	NP_083157.1
OG0009872	XP_014316675.1	NP_001280705.1
OG0009873	XP_014308027.1	XP_006526486.1
OG0009874	XP_006085190.1	NP_694764.2, NP_038694.2, XP_006526492.1
OG0009875	XP_006109748.2	NP_001157976.1
OG0009876	XP_006085194.1	NP_848785.2
OG0009877	XP_006085201.1	NP_001344460.1
OG0009878	XP_006085227.1	NP_766213.1
OG0009879	XP_014313811.1	XP_017173500.1
OG0009880	XP_006091732.1	XP_030106406.1, NP_062711.1
OG0009881	XP_006091733.1	XP_030106272.1, NP_038725.1
OG0009882	XP_023602807.1, XP_023601498.1	NP_001093919.1
OG0009883	XP_023601496.1, XP_006104528.1	NP_033306.2
OG0009884	XP_023604480.1	NP_032404.1
OG0009885	XP_006097445.1	NP_001404674.1
OG0009886	XP_023610040.1	NP_032506.2, XP_006523780.1
OG0009887	XP_006089335.3	NP_077768.3, XP_006523952.1
OG0009888	XP_023610027.1	NP_001034574.4, XP_036017142.1
OG0009889	XP_014311813.2	NP_031728.2
OG0009890	XP_006089371.1	NP_001074542.1
OG0009891	XP_023606564.1	NP_963894.1, XP_006525777.1
OG0009892	XP_023606605.1	NP_034850.3
OG0009893	XP_006085167.1	NP_001036125.1, XP_006525766.1
OG0009894	XP_023606615.1	NP_001395234.1
OG0009896	XP_006083169.3	NP_080218.1
OG0009897	XP_023602617.1	XP_006516101.1, NP_955018.2
OG0009899	XP_014301021.1	NP_001348916.1, XP_006515929.1
OG0009900	XP_023619870.1, XP_006109546.3	NP_031719.1
OG0009901	XP_014320979.1	NP_598837.3
OG0009902	XP_006100150.1	NP_034145.1, NP_001106829.1
OG0009903	XP_006100156.1	NP_081212.1
OG0009904	XP_006100112.1	XP_006519041.1
OG0009905	XP_006100102.2	NP_081166.1
OG0009906	XP_023599442.1	XP_006519110.1
OG0009907	XP_014323108.1	NP_919327.2
OG0009908	XP_023603871.1, XP_023599433.1	NP_001391528.1
OG0009909	XP_006102303.1	NP_032709.1
OG0009910	XP_023599441.1	NP_001035161.1
OG0009911	XP_006102346.1	NP_031826.1
OG0009912	XP_006085909.1	XP_006516072.1, NP_796145.2
OG0009913	XP_006085946.3	NP_084036.2
OG0009914	XP_014308802.1	XP_030102688.1, NP_067504.2
OG0009915	XP_023607262.1	NP_035171.1, XP_006515642.1
OG0009916	XP_023607264.1	NP_001161448.1
OG0009917	XP_006085876.1	XP_006515542.1, NP_032285.2
OG0009918	XP_014320287.1	NP_084333.1
OG0009919	XP_006090798.1	NP_001020776.1
OG0009920	XP_023608823.1	NP_035263.1, XP_011242320.1
OG0009921	XP_006087868.1	NP_001074875.1
OG0009922	XP_006100308.1	XP_036013188.1
OG0009923	XP_006100305.1	NP_663418.1
OG0009924	XP_023619625.1	NP_071311.1
OG0009926	XP_006097016.1	NP_081108.2
OG0009928	XP_023619190.1	NP_291080.2
OG0009929	XP_006099843.1	NP_766188.3
OG0009930	XP_006099837.1	NP_997097.1, XP_011243185.1
OG0009931	XP_006096109.1	NP_079798.2, XP_036013453.1
OG0009932	XP_023615675.1	XP_011242502.1, NP_083720.1
OG0009933	XP_023599686.1	NP_997590.1
OG0009934	XP_006091028.1	NP_996257.1
OG0009936	XP_006091100.1	NP_031590.1
OG0009937	XP_014313254.2	NP_061284.2, XP_006516152.1
OG0009938	XP_006097658.1	NP_001158728.1
OG0009939	XP_023617107.1	NP_001192272.1, XP_006515568.1
OG0009940	XP_023617104.1	NP_082653.2, XP_030102806.1
OG0009941	XP_006098507.1	NP_033018.2, XP_006515676.1
OG0009942	XP_023617949.1	XP_006515565.1, NP_001357672.1
OG0009943	XP_006098505.1, XP_006108618.1	XP_006516359.1, NP_083139.1
OG0009944	XP_006098500.1	NP_848140.3
OG0009945	XP_006109704.2	NP_032853.1, NP_001258634.1
OG0009946	XP_014319549.1	NP_081051.1, XP_036014158.1
OG0009947	XP_023617951.1	XP_006516282.1
OG0009948	XP_014309693.1	NP_653107.2, XP_011242471.1
OG0009949	XP_006087014.2	XP_011242390.2, NP_700464.2
OG0009950	XP_006087011.1	NP_034493.1
OG0009951	XP_006087020.1	NP_079783.2
OG0009952	XP_006087023.1	NP_001096035.1
OG0009953	XP_023608262.1	NP_001185516.2, XP_036013122.1
OG0009954	XP_006087044.1	NP_001303594.1
OG0009955	XP_006087046.1	NP_849245.2
OG0009956	XP_023608285.1	XP_006516033.1, NP_001074660.1
OG0009957	XP_014318097.1, XP_006110166.1	NP_079942.1
OG0009958	XP_006100570.1	NP_766394.2, NP_001363955.1
OG0009959	XP_023604016.1	XP_036013237.1, NP_001074486.2
OG0009960	XP_014319403.1	NP_001390444.1
OG0009961	XP_006098348.1	NP_084463.1, XP_006516453.1
OG0009962	XP_023600384.1, XP_014321448.1	NP_084514.2
OG0009963	XP_014305499.2	XP_006515826.1, NP_898837.2
OG0009964	XP_023604184.1	XP_006515827.1, NP_001121157.1
OG0009967	XP_014305957.2	XP_006516323.1, NP_082469.2
OG0009968	XP_006104871.1	NP_081499.1
OG0009969	XP_023616766.1	NP_031551.1
OG0009970	XP_014302935.1	NP_038593.1, XP_006532373.1, NP_001293091.1
OG0009971	XP_023599975.1	XP_011247294.1, NP_001013399.1
OG0009972	XP_006107194.1	NP_766197.2
OG0009973	XP_006109217.1	XP_006497688.1
OG0009974	XP_014306323.1	NP_663415.1
OG0009975	XP_023604522.1	NP_663338.2
OG0009976	XP_023603677.1	XP_011247029.1, NP_034384.3
OG0009977	XP_006108694.3	NP_766389.2, NP_001349329.1, XP_030101838.1
OG0009978	XP_006094995.1, XP_014316490.1	NP_034387.3
OG0009981	XP_006107226.1	NP_659046.1
OG0009982	XP_006106694.2	NP_084154.1, XP_006532036.1
OG0009983	XP_006110146.1	NP_081153.1
OG0009984	XP_023599498.1	NP_082256.2
OG0009985	XP_023604518.1	XP_006534575.1, NP_898960.2
OG0009986	XP_023604880.1	NP_570956.1, XP_006532429.1
OG0009988	XP_006107070.1	NP_083141.3, XP_006534423.1
OG0009989	XP_006109954.1	XP_036012674.1, NP_848917.2
OG0009990	XP_014301356.1	XP_006534251.1, NP_001009573.2
OG0009991	XP_006103499.1	XP_006532421.1, NP_569721.1
OG0009992	XP_006103494.1	XP_006534478.1, NP_083833.1
OG0009993	XP_014306611.2, XP_006103478.2	NP_001002929.3
OG0009994	XP_014301370.1	NP_001074398.1, XP_011247302.1
OG0009995	XP_023600507.1	NP_780663.1
OG0009996	XP_006108693.1	NP_789817.1, XP_017169789.1
OG0009999	XP_023614845.1	NP_038609.3, XP_006532406.1
OG0010000	XP_023614819.1	NP_001349866.1
OG0010001	XP_006092497.1	NP_001346545.1
OG0010002	XP_006092510.1	NP_001292086.1
OG0010003	XP_006092213.1	NP_079586.1
OG0010004	XP_014314170.1	XP_011247339.1, NP_036077.1
OG0010005	XP_023612507.1	XP_006532613.1, NP_001032801.1
OG0010007	XP_014314179.1	NP_851416.2, XP_006534535.1
OG0010008	XP_006092238.1	NP_032652.3, XP_006532469.1
OG0010009	XP_006092241.1	NP_766155.3, XP_006533777.1
OG0010011	XP_006107876.1	XP_006533478.1, NP_001121048.1
OG0010012	XP_006092516.1	XP_006533311.1, NP_001152964.1
OG0010013	XP_006092518.1	NP_954670.2, XP_006533112.1
OG0010014	XP_006092333.1	NP_001391562.1
OG0010015	XP_014314265.1	XP_006533103.1, NP_705772.3
OG0010016	XP_006092343.1	NP_787949.2
OG0010017	XP_023612617.1	NP_001154183.1, XP_006533776.1
OG0010018	XP_006092356.1	XP_006534368.1, NP_082483.1
OG0010019	XP_006092358.1	XP_036012267.1
OG0010020	XP_006092386.1	XP_006533098.1, NP_766154.2
OG0010021	XP_014314315.1	NP_035322.1
OG0010022	XP_023612655.1	NP_783569.1, XP_006534199.1
OG0010023	XP_023612739.1	NP_058062.2, XP_030102010.1
OG0010024	XP_014314258.1	NP_666142.1
OG0010025	XP_023612672.1	NP_032975.1, XP_006532587.1
OG0010026	XP_006092419.1	NP_001412412.1, NP_038820.2
OG0010027	XP_006092446.1	NP_114077.1
OG0010028	XP_006092526.1	NP_064388.2, NP_001033099.1
OG0010029	XP_006092471.2	XP_017170212.1
OG0010030	XP_006092472.1	NP_034351.2
OG0010031	XP_023612741.1	NP_001365910.1
OG0010032	XP_006094997.1	XP_030101467.1, NP_034793.1
OG0010033	XP_006100886.1	NP_766152.2
OG0010034	XP_023620149.1	NP_619601.2
OG0010035	XP_023620134.1	NP_001348922.1
OG0010036	XP_006100831.1	NP_666140.1, XP_030101729.1
OG0010037	XP_014305826.2	NP_001157080.1, XP_006534364.1
OG0010039	XP_006098963.2	XP_017170155.1, NP_061361.2
OG0010040	XP_023618372.1	XP_006533928.1, NP_067468.2
OG0010041	XP_006098968.2	XP_011247104.1, NP_032968.2
OG0010042	XP_014319965.1	NP_001297438.2
OG0010043	XP_014319966.1	NP_666139.1, XP_017169969.1
OG0010044	XP_006098971.1	NP_081302.2
OG0010045	XP_023618365.1	NP_598793.2, XP_006531995.1
OG0010046	XP_014319977.2	XP_030101452.1, NP_034590.2
OG0010047	XP_006098995.1, XP_023618380.1	XP_006533530.1
OG0010048	XP_023618378.1	XP_017170196.1
OG0010049	XP_006099011.1	NP_058032.3
OG0010050	XP_006105325.1	NP_598428.2
OG0010051	XP_006102911.1	NP_001013393.1
OG0010052	XP_006095638.1	NP_035635.1, XP_006532799.1
OG0010053	XP_023615366.1	NP_057915.2
OG0010054	XP_006095654.1	NP_083299.3
OG0010055	XP_023615375.1	XP_036012519.1
OG0010056	XP_023615368.1	NP_001034773.2, XP_036012711.1
OG0010057	XP_014314157.2	NP_001074400.1
OG0010058	XP_023612591.1	NP_840094.1, XP_036012556.1
OG0010059	XP_014314162.2	NP_082865.1, XP_006534402.1
OG0010060	XP_006092313.1	NP_032524.1
OG0010061	XP_006104015.1, XP_014306385.1	NP_084372.2
OG0010062	XP_006101968.2	XP_030101703.1, NP_663407.2
OG0010064	XP_014322817.1, XP_023605210.1	XP_036012348.1
OG0010065	XP_014320808.2	NP_796364.2, XP_036012676.1
OG0010066	XP_014322915.1	NP_061246.1
OG0010067	XP_023599277.1, XP_014316566.1	NP_079832.1
OG0010068	XP_023615274.1	XP_006533466.1, NP_780752.1
OG0010069	XP_023615333.1	XP_006532499.1, NP_035027.1
OG0010071	XP_014317059.1	XP_036012746.1, NP_059103.1
OG0010072	XP_014317063.1	XP_006534375.1, NP_001002004.2
OG0010073	XP_006095590.1	NP_001391267.1, NP_001391268.1
OG0010074	XP_023615241.1	NP_543125.1, XP_006532246.1
OG0010075	XP_006095603.2	NP_032978.2, XP_011247109.1
OG0010076	XP_006099255.1	XP_006534418.1, NP_941039.1
OG0010077	XP_023618596.1	NP_001004157.2
OG0010078	XP_006099240.1	XP_006532609.1, NP_620400.2
OG0010079	XP_014320197.1	XP_006534114.1
OG0010080	XP_006099235.1	XP_006533288.1, NP_808376.1
OG0010081	XP_023618571.1	NP_001002764.1, XP_036012083.1
OG0010082	XP_006105195.1	NP_083307.1
OG0010083	XP_006105208.1	NP_032425.2
OG0010084	XP_023603461.1	XP_036012794.1
OG0010088	XP_023604297.1	XP_006497973.2, NP_694765.2
OG0010089	XP_014306693.1, XP_006107689.2	NP_598596.2
OG0010090	XP_006109234.1	NP_035642.1
OG0010091	XP_006108463.1	NP_035435.1
OG0010092	XP_014306447.1, XP_006104472.1, XP_006104478.1	NP_034015.1
OG0010093	XP_023601454.1	NP_001153878.1
OG0010094	XP_023604814.1	XP_006498350.1, NP_001029046.2
OG0010095	XP_006104461.1	NP_001028466.2, XP_030105674.1
OG0010096	XP_023602498.1	NP_663496.1
OG0010098	XP_006109831.1	NP_001414287.1, NP_001116834.1
OG0010099	XP_023603849.1	NP_001357831.1, XP_006498564.1
OG0010100	XP_023601716.1	NP_848875.2
OG0010101	XP_006104834.1	XP_006498006.1, NP_659134.1
OG0010102	XP_006103209.1	XP_030107417.1, NP_722500.1
OG0010103	XP_006082249.1, XP_006102138.1	NP_034203.1
OG0010104	XP_023599287.1	NP_079895.1
OG0010105	XP_006102159.2	NP_001342129.1
OG0010107	XP_023615906.1	XP_006498430.1
OG0010108	XP_014317689.1	NP_766442.1
OG0010109	XP_023615904.1	NP_034394.1
OG0010110	XP_023615903.1	NP_001157038.1
OG0010111	XP_023615871.1	NP_001349906.1, XP_006498061.1
OG0010112	XP_006091187.1	NP_083585.1
OG0010113	XP_014305880.1	NP_001390767.1
OG0010114	XP_023600536.1	XP_036012497.1, NP_001371162.1
OG0010115	XP_023617845.1	XP_006496409.1, NP_444337.3
OG0010116	XP_006093009.1	XP_036022170.1, NP_058031.2
OG0010117	XP_006096927.1	NP_082955.2
OG0010118	XP_006095536.1	XP_036011775.1, NP_001007584.1
OG0010119	XP_023618548.1	NP_081294.1, XP_006514110.1, NP_001360960.1
OG0010120	XP_006093739.1	XP_006514285.1, NP_835167.1, NP_001345195.1, NP_001345196.1
OG0010121	XP_006093721.1, XP_014315451.1	NP_035249.1
OG0010122	XP_006093757.1	NP_766378.1
OG0010123	XP_006093708.1	NP_082221.2, NP_080720.1, XP_030100721.1
OG0010125	XP_023613797.1	XP_011241580.1, NP_473419.2
OG0010126	XP_023613709.1	NP_032538.2, XP_036011543.1
OG0010127	XP_006093629.1	NP_001177383.1
OG0010128	XP_006093612.1	NP_082015.2
OG0010129	XP_023613731.1	NP_001164497.1, XP_011241722.1
OG0010130	XP_006093600.1	XP_006513375.1, NP_034922.1
OG0010131	XP_014318215.1, XP_006108703.1	NP_694699.1
OG0010132	XP_006096911.1	NP_796309.3, XP_006513614.1
OG0010134	XP_014318209.1, XP_006109574.2	XP_030101194.1
OG0010135	XP_023616437.1	NP_796066.1
OG0010136	XP_014319082.1, XP_023617422.1	NP_082270.1
OG0010137	XP_006097955.1	NP_598771.1
OG0010138	XP_006095519.1	XP_006513601.1, NP_001028433.2
OG0010139	XP_006095518.1	NP_001346399.1
OG0010140	XP_023603703.1	XP_011241801.1
OG0010141	XP_023602984.1	NP_067398.3, XP_006521285.3
OG0010142	XP_023603750.1	XP_006521601.1
OG0010144	XP_023604468.1	XP_006521121.1
OG0010145	XP_006109073.3	NP_001028509.2
OG0010147	XP_023603391.1	NP_038901.3
OG0010148	XP_006108071.2	NP_031572.1, XP_006520416.1
OG0010149	XP_023602822.1	NP_001344685.1
OG0010150	XP_006107644.1	NP_083377.3
OG0010151	XP_023618023.1	XP_006521557.1
OG0010152	XP_006109860.1, XP_023604844.1	NP_542364.1
OG0010153	XP_014319623.1	XP_011243859.1
OG0010154	XP_006098595.1	NP_001276640.1
OG0010155	XP_023618039.1	XP_006521152.1, NP_808489.4
OG0010157	XP_006098599.1	NP_001334004.1
OG0010158	XP_006098607.1	NP_033764.2
OG0010159	XP_006098614.1	NP_666098.2
OG0010160	XP_006105714.1	NP_079885.2
OG0010161	XP_014303242.2	NP_001398712.1
OG0010162	XP_014304305.1	NP_659060.1
OG0010163	XP_023603638.1	XP_036015054.1, NP_038846.2
OG0010164	XP_023599551.1	XP_011244067.1, NP_083683.1
OG0010165	XP_023599557.1, XP_006102476.1	NP_613047.1
OG0010166	XP_023599548.1	XP_006520742.1, NP_808248.1
OG0010167	XP_006102468.1	NP_001155184.1, NP_038875.3
OG0010168	XP_006102459.1, XP_006109212.2	NP_001303613.1
OG0010169	XP_023599544.1	NP_570929.3, XP_036014949.1
OG0010170	XP_006102453.3	NP_032621.1
OG0010171	XP_023612976.1	XP_006521631.1
OG0010172	XP_023613039.1, XP_006092768.1	NP_001157519.1, NP_001157520.1, NP_038621.2
OG0010173	XP_014314632.1	NP_694875.2
OG0010174	XP_023612974.1	XP_006514176.1
OG0010175	XP_006092799.1	XP_036011997.1, NP_001004363.1
OG0010176	XP_014314650.1	NP_660255.1
OG0010177	XP_023607144.1	XP_006513680.1, NP_766376.2
OG0010178	XP_006085807.2	NP_081651.2, XP_036011886.1
OG0010179	XP_006103059.1	NP_001355216.1
OG0010180	XP_006100754.1	NP_766087.1
OG0010181	XP_023617239.1	XP_011236745.1, NP_001277743.1
OG0010182	XP_006102856.1	NP_080517.1
OG0010183	XP_006102861.1	NP_291048.2
OG0010184	XP_014323597.1	XP_036019395.1, NP_001264005.1
OG0010185	XP_006083478.1	XP_036016351.1
OG0010186	XP_014303258.1	NP_758460.1
OG0010187	XP_023603066.1	XP_011244945.1, NP_082509.2
OG0010188	XP_023601870.1	NP_663466.2
OG0010189	XP_023602769.1	XP_006525133.1, NP_083574.1
OG0010190	XP_023601851.1	XP_036016326.1
OG0010191	XP_006083429.1	NP_082934.3
OG0010192	XP_006083426.1	NP_038551.3
OG0010193	XP_014302840.1	NP_080021.3, XP_030102093.1
OG0010194	XP_023602553.1	XP_006514757.1, NP_666128.2
OG0010195	XP_006083387.1	NP_080016.1
OG0010196	XP_006083368.1	NP_001229863.1
OG0010197	XP_006083367.2	NP_766143.2, XP_006514716.1
OG0010198	XP_023602338.1	NP_076140.2
OG0010199	XP_014302452.1	NP_001177330.2, XP_006514628.1
OG0010200	XP_006107435.1	NP_705824.1
OG0010201	XP_014314873.1	XP_036008137.1, NP_001164062.1
OG0010202	XP_023618022.1	NP_001193950.1
OG0010203	XP_006106015.2	NP_067506.2
OG0010204	XP_023613201.1	NP_080690.3
OG0010205	XP_006093061.1	XP_006506202.1, NP_659192.2
OG0010207	XP_014316165.1	NP_001028618.1, XP_006526129.1
OG0010208	XP_006093586.1	NP_081310.1, XP_017175872.1
OG0010209	XP_006092595.1	NP_033927.2
OG0010210	XP_006105825.2	NP_032169.1
OG0010211	XP_006099933.1	NP_001123641.1
OG0010212	XP_006102613.1	NP_001277670.1
OG0010213	XP_014310287.1	XP_036012548.1, NP_700442.2
OG0010214	XP_006081706.2	XP_006534386.1
OG0010215	XP_014310248.1	NP_666157.1
OG0010216	XP_006081201.1	NP_766215.1
OG0010217	XP_023602699.1	XP_011245226.1, NP_001153871.1
OG0010218	XP_006081192.1	NP_083284.1, XP_036017191.1
OG0010219	XP_023600285.1	NP_001074693.1
OG0010220	XP_023600079.1	NP_080316.3
OG0010222	XP_023599781.1	NP_001186080.1
OG0010224	XP_006081146.1	NP_786927.2
OG0010225	XP_023620350.1	NP_001347846.1
OG0010226	XP_006081131.1	XP_006525795.1, NP_033220.2
OG0010227	XP_006081130.1	NP_034311.2, XP_017173317.1
OG0010228	XP_023619541.1	NP_776114.2, XP_006532910.1
OG0010229	XP_014321025.1	NP_035161.2, XP_006532515.1
OG0010230	XP_023607922.1	XP_006517265.1, NP_001268984.1
OG0010231	XP_006086636.2	NP_780359.2
OG0010232	XP_023607913.1	XP_006517341.1, NP_808477.2
OG0010234	XP_006104081.1	NP_001406259.1
OG0010235	XP_006091158.1	NP_542121.2
OG0010236	XP_006100314.1	NP_080125.1
OG0010237	XP_023600141.1	XP_036019731.1, NP_001339557.1
OG0010238	XP_023611320.1, XP_014306545.2	NP_001292213.1
OG0010239	XP_023611324.1	XP_011248403.3, NP_081514.1
OG0010240	XP_023614676.1	NP_598709.1
OG0010241	XP_006094865.1	XP_006537938.1, NP_775576.2
OG0010242	XP_014319258.1	XP_006538405.1
OG0010243	XP_006098171.1	NP_081602.3
OG0010244	XP_006098185.1	XP_036019889.1
OG0010245	XP_023620517.1	NP_780514.1, XP_006502677.1, NP_001343210.1
OG0010246	XP_014306333.2	NP_766277.3, XP_036019879.1
OG0010247	XP_006098841.1	NP_084090.1
OG0010248	XP_006098834.1	NP_631982.2
OG0010249	XP_006098824.1	NP_081169.2, XP_006538291.1
OG0010251	XP_023599812.1	NP_001406905.1
OG0010252	XP_014323537.1	NP_001033002.1
OG0010253	XP_014323540.1	NP_776149.1
OG0010254	XP_023599813.1	NP_780726.1
OG0010255	XP_006102765.1	NP_081147.1
OG0010256	XP_006103279.1	NP_001272729.1, NP_073722.1
OG0010257	XP_006096541.1	XP_006538109.1, NP_941066.3
OG0010258	XP_006096570.2	NP_766281.1
OG0010259	XP_006088139.1	NP_848718.1
OG0010260	XP_006088133.1	XP_006537976.1, NP_001263284.1
OG0010261	XP_023609074.1	NP_082329.1, XP_006538146.1
OG0010262	XP_023609073.1	XP_006537978.1, NP_766455.2
OG0010263	XP_006088114.1	NP_033037.2
OG0010264	XP_014307026.1, XP_006088109.1	NP_079547.2
OG0010265	XP_006088106.2	XP_011248308.1, NP_001074889.1
OG0010266	XP_023608994.1	XP_011248339.1
OG0010267	XP_006088164.1	NP_001136437.1
OG0010268	XP_023608991.1	NP_766056.1
OG0010269	XP_006088068.2	XP_006538097.1
OG0010270	XP_006088058.1	NP_067473.2
OG0010271	XP_014317714.1	XP_006538120.1
OG0010272	XP_014302642.1	NP_031469.1
OG0010273	XP_006099421.2	NP_796345.4
OG0010274	XP_023611712.1	NP_001366203.1
OG0010275	XP_023616112.1	NP_061211.1
OG0010276	XP_023608984.1	NP_001032204.2
OG0010277	XP_014302424.1	XP_036016600.1, NP_065601.2
OG0010278	XP_006105738.1	NP_001259007.1
OG0010279	XP_023604630.1	NP_001263320.1, XP_006523805.2
OG0010280	XP_006099781.1	NP_032611.2, XP_006523814.1
OG0010281	XP_014307405.1	NP_598766.2
OG0010282	XP_006103995.3	NP_001397042.1
OG0010283	XP_006104699.1	NP_061286.1
OG0010284	XP_006104681.1	NP_001290405.1
OG0010285	XP_006104671.1	NP_001404608.1
OG0010286	XP_006104661.1	XP_017172986.1, NP_613048.1
OG0010287	XP_006107847.2	XP_006523735.1, NP_032224.2
OG0010288	XP_006105519.1	NP_065628.1, XP_006524760.1
OG0010289	XP_006105532.1	NP_001192143.1
OG0010290	XP_006105531.1	NP_038571.2
OG0010291	XP_014303103.1	NP_001182227.1, NP_444403.2
OG0010292	XP_023602342.1, XP_006108933.2	NP_666187.2
OG0010294	XP_006104779.2	NP_001272969.1
OG0010295	XP_006101303.1	NP_081461.2
OG0010296	XP_023620551.1	XP_006524019.1, NP_766038.1
OG0010297	XP_023603475.1	XP_011244831.1, NP_001351777.1
OG0010298	XP_006104456.1	NP_001156374.1, NP_001156373.1
OG0010299	XP_014301144.1	XP_036016186.1, NP_038839.2
OG0010300	XP_006104184.1	XP_006518653.1, NP_067517.1
OG0010302	XP_006105302.1	NP_058555.3
OG0010303	XP_006110068.1	NP_663464.2
OG0010304	XP_023602080.1, XP_023602081.1, XP_023605097.1	NP_666191.1, XP_036016150.1
OG0010305	XP_006105310.1	XP_030105834.1
OG0010306	XP_006100616.1	NP_663463.1
OG0010307	XP_006100622.1	NP_001344613.1
OG0010308	XP_014321464.1	NP_001365986.1, XP_017172985.1
OG0010309	XP_023619898.1	XP_006524020.1, NP_065239.1
OG0010310	XP_023619894.1, XP_006100652.1	NP_083614.1, XP_006525137.1
OG0010311	XP_006100650.1	NP_079925.2
OG0010312	XP_006100651.1	NP_081044.1
OG0010313	XP_006098633.1	XP_011244781.1, NP_001013789.1
OG0010314	XP_006098647.1	XP_006524033.1, NP_001013771.1
OG0010315	XP_014305800.2	NP_001344760.1
OG0010316	XP_023619107.1	NP_001154838.1
OG0010317	XP_006099773.1	NP_848704.1
OG0010318	XP_023613482.1	XP_017173054.1, NP_001028665.2
OG0010319	XP_014320694.1, XP_006109250.1	NP_001138532.1
OG0010320	XP_023613486.1	XP_011236686.1, NP_694819.2
OG0010321	XP_023611327.1	XP_030100078.1
OG0010322	XP_006090770.1	NP_776092.1
OG0010323	XP_023611337.1	XP_017170110.1
OG0010324	XP_006089414.1	NP_775562.2
OG0010325	XP_006090427.3	NP_075362.3
OG0010326	XP_023615101.1	XP_036020072.1, NP_038917.2
OG0010327	XP_006095421.1	NP_852071.2, XP_036019465.1
OG0010328	XP_006095437.1	NP_080569.1
OG0010329	XP_006091855.1	NP_062532.2
OG0010330	XP_014313898.1	XP_006537539.1, NP_001074861.1
OG0010331	XP_006091869.1	NP_033342.1
OG0010332	XP_006095906.1	NP_084116.1
OG0010333	XP_006098081.1	NP_001346193.1
OG0010334	XP_006098082.1	NP_694695.3
OG0010335	XP_006098083.1	NP_766004.1
OG0010336	XP_014322559.1	NP_058594.1
OG0010337	XP_006104101.2	NP_082155.1
OG0010338	XP_023601102.1	NP_081848.1, XP_006512913.1
OG0010339	XP_023605859.1	NP_001107804.1
OG0010340	XP_023605892.1	XP_011241407.1, NP_598761.2
OG0010341	XP_023605860.1	NP_034811.2
OG0010342	XP_023602567.1	NP_077212.3
OG0010343	XP_006105963.1	NP_035315.1
OG0010344	XP_006094018.1	NP_035756.2
OG0010345	XP_014317187.1	NP_663536.1
OG0010346	XP_014323818.1	NP_001343500.1, NP_031812.2, NP_001343499.1
OG0010347	XP_006094476.1	NP_059496.1, XP_030109982.1
OG0010348	XP_006101923.1	NP_080772.2, XP_006520126.3
OG0010349	XP_014315214.1	NP_001344606.2
OG0010350	XP_006085268.1	NP_032414.1
OG0010351	XP_014308148.1	XP_006521623.1
OG0010352	XP_006085290.1	NP_084408.1
OG0010353	XP_006109923.1	NP_849251.1
OG0010354	XP_006085307.1	NP_001342523.1
OG0010355	XP_006085309.1	NP_001355351.1, XP_006520448.1
OG0010356	XP_006085326.1	XP_006520761.1
OG0010357	XP_006109613.2, XP_006086393.1	NP_083694.1
OG0010358	XP_023607665.1	XP_006521672.2, NP_001357841.1
OG0010359	XP_006086380.1	NP_780421.2
OG0010360	XP_014309165.1	NP_705776.2
OG0010361	XP_006093353.3	NP_033753.2
OG0010362	XP_023613524.1	NP_001405815.1
OG0010363	XP_023604121.1	NP_061353.1
OG0010364	XP_023619669.1	NP_034288.2
OG0010369	XP_023603668.1	NP_001365179.1, XP_006521682.1
OG0010370	XP_006107217.1	NP_079616.2, XP_011243700.1
OG0010371	XP_006107219.1	NP_079843.1, XP_030104554.1
OG0010372	XP_014304632.2	NP_038509.1, XP_036014989.1
OG0010373	XP_006107224.1	NP_067530.2
OG0010374	XP_023604928.1	NP_001157645.1
OG0010375	XP_006108799.1	NP_766548.2
OG0010376	XP_014305072.1	NP_081398.2
OG0010377	XP_023609386.1	NP_848766.2
OG0010378	XP_006088513.1	NP_001345970.1
OG0010379	XP_006101335.1	XP_036020891.1
OG0010380	XP_006101340.1	XP_030110638.2
OG0010381	XP_023601253.1	NP_036020.1
OG0010382	XP_023614025.1	NP_001276755.1
OG0010383	XP_023614072.1	NP_082246.1
OG0010384	XP_006108942.3, XP_014317195.1	NP_001332831.1
OG0010385	XP_006095702.1	NP_064376.1
OG0010386	XP_023600619.1	NP_848845.1, XP_036021019.1
OG0010387	XP_014316123.1, XP_006094458.1	NP_032122.1
OG0010388	XP_023604809.1, XP_023614428.1	NP_808540.2
OG0010389	XP_014316112.1	NP_660128.2
OG0010390	XP_023604105.1	XP_011243790.1, NP_035083.1
OG0010391	XP_006090579.2	XP_006505238.1, NP_082738.1
OG0010392	XP_014322463.1	XP_036016765.1
OG0010393	XP_023609637.1	XP_036021736.1, NP_001003685.2
OG0010395	XP_006100257.2	XP_006533874.1, NP_112449.1
OG0010396	XP_006101746.1, XP_014322558.1	NP_077172.1
OG0010397	XP_006088414.1	XP_006505251.1, NP_653120.1
OG0010398	XP_006088420.1	NP_084018.1
OG0010399	XP_006088428.1	NP_796178.2, NP_001032829.1
OG0010400	XP_023609301.1	NP_666285.1
OG0010401	XP_006099123.1	NP_035936.3
OG0010402	XP_006085131.1	NP_080309.2
OG0010403	XP_006085011.1	NP_766579.4
OG0010404	XP_006085030.2	XP_006505082.1
OG0010405	XP_006085046.1	NP_035264.2
OG0010406	XP_006085052.1	NP_766594.1, NP_001350741.1
OG0010407	XP_014307953.1	NP_666145.3, XP_036013200.1
OG0010408	XP_006085122.2	NP_001156608.1, XP_006515924.1
OG0010409	XP_006085123.1	NP_796264.2
OG0010410	XP_006088872.1	NP_079670.1
OG0010411	XP_006088890.1	NP_076159.3, XP_006505580.1
OG0010412	XP_023609620.1	XP_006506784.1, NP_083629.1
OG0010413	XP_023609615.1	XP_006506001.1
OG0010414	XP_006088817.1	NP_775582.2
OG0010415	XP_006088801.1	NP_851009.2
OG0010416	XP_006088802.1	XP_006505429.1, NP_080913.1
OG0010417	XP_023609582.1	NP_035283.1
OG0010418	XP_014308258.2	XP_036008301.1, NP_084511.1
OG0010419	XP_023606820.1	NP_036186.2
OG0010420	XP_006085399.1	XP_017168906.1, NP_783609.1
OG0010421	XP_014308230.1	NP_001391862.1
OG0010422	XP_023606769.1	NP_766391.2, XP_006515148.1
OG0010423	XP_023603219.1	NP_766163.2
OG0010424	XP_006096287.3	NP_536712.2
OG0010426	XP_014321067.1	NP_001276553.1
OG0010427	XP_023619370.1	XP_006505167.1, NP_525024.1
OG0010428	XP_006100039.1	NP_598700.1
OG0010429	XP_023611105.1	NP_937894.1
OG0010430	XP_006087291.1	NP_001035874.1, NP_062756.2
OG0010431	XP_023608584.1	NP_001033679.1
OG0010432	XP_006087296.1	XP_006503254.1, NP_001014900.2
OG0010433	XP_006098205.1	NP_598477.2
OG0010434	XP_006099175.1, XP_006109463.2	NP_001078971.1
OG0010435	XP_023618537.1	XP_036019483.1
OG0010436	XP_006099184.1	NP_075912.2
OG0010437	XP_006099186.1	NP_059503.2
OG0010438	XP_014320161.2	NP_032411.3, XP_006502867.1
OG0010439	XP_006099206.1	NP_663527.2, XP_036019938.1
OG0010440	XP_023618524.1	NP_001361052.1
OG0010441	XP_006094221.1	NP_038746.1
OG0010442	XP_023614213.1	NP_001128205.1
OG0010443	XP_014305864.1	NP_075373.1
OG0010444	XP_023608592.1	NP_001028806.2
OG0010445	XP_006087388.1	NP_077160.1
OG0010446	XP_014310095.1	NP_001092773.1
OG0010447	XP_014310038.1	NP_033211.2
OG0010448	XP_006087340.1	NP_031849.1
OG0010449	XP_006098210.1	NP_080927.1
OG0010450	XP_006108956.3	NP_080823.1
OG0010451	XP_014319300.1	NP_058057.3
OG0010452	XP_023617678.1	XP_006503421.1
OG0010453	XP_006098234.1	NP_080238.2
OG0010454	XP_023617679.1	NP_080930.1
OG0010455	XP_006098261.1	XP_036020394.1, NP_001025083.1
OG0010456	XP_023617708.1	NP_038835.2
OG0010457	XP_023617682.1	XP_036020445.1, NP_001371125.1
OG0010458	XP_014304806.2	NP_001355946.1, NP_001342104.1
OG0010459	XP_023608578.1	XP_006502927.1, NP_035343.2
OG0010460	XP_023608582.1	NP_035717.2
OG0010461	XP_006087277.1	NP_081065.2, XP_006503434.1
OG0010462	XP_014310247.1	NP_033762.1
OG0010463	XP_006101269.1, XP_006087483.1	NP_001034765.2
OG0010464	XP_006087455.1	NP_062695.2
OG0010465	XP_023605526.1	NP_001171038.1, XP_006513992.1
OG0010466	XP_006084043.1	NP_079878.1
OG0010467	XP_023605502.1	XP_011241894.1
OG0010468	XP_006084077.1	NP_032550.2
OG0010469	XP_023605713.1	NP_444302.4, XP_036011484.1
OG0010470	XP_023605688.1	NP_062622.1, XP_006513959.1
OG0010471	XP_023605589.1	XP_006513691.1
OG0010472	XP_006084180.1	XP_006513689.1, NP_666351.2
OG0010473	XP_006084160.2	XP_011241696.1
OG0010474	XP_023605641.1	XP_006513818.1
OG0010475	XP_006084145.1	NP_001004164.2
OG0010476	XP_006084146.1	NP_001140162.1
OG0010477	XP_014307009.1	XP_006514330.1, NP_083525.1
OG0010478	XP_006084131.1	NP_032803.2
OG0010479	XP_006081793.1	NP_444354.2
OG0010480	XP_006081821.1	NP_001351374.1
OG0010481	XP_006081824.1	NP_084389.2
OG0010482	XP_023608609.1	NP_001157707.1, NP_082220.1
OG0010483	XP_006081841.1	XP_006501392.1, NP_659145.1
OG0010484	XP_006081848.1	NP_001074562.1
OG0010485	XP_023609217.1	XP_006501077.1
OG0010486	XP_006081915.1	NP_997617.1, XP_006501692.1
OG0010487	XP_023608737.1	NP_001357702.1, XP_011238281.1
OG0010488	XP_006081894.1	NP_001390802.1
OG0010489	XP_006081884.1	NP_848748.2, XP_017168500.1
OG0010490	XP_023609241.1	NP_001239549.1, XP_006509579.1
OG0010491	XP_006084074.1	NP_080000.1
OG0010492	XP_014305933.1	XP_036012021.1
OG0010494	XP_006107359.1	NP_083007.2, XP_017170618.1
OG0010495	XP_023616961.1	XP_006509183.1, NP_665840.2
OG0010498	XP_006105875.1	NP_631969.1
OG0010500	XP_006088759.1	NP_001355685.1
OG0010501	XP_006088777.1	NP_001004357.2
OG0010502	XP_006110055.1	NP_001368882.1, NP_001368881.1
OG0010503	XP_023614664.1	NP_001033693.1
OG0010504	XP_006094778.1	NP_001347907.1, XP_006506424.1
OG0010505	XP_023620597.1	NP_001028602.2, XP_036022151.1
OG0010506	XP_023620588.1	NP_766481.2
OG0010507	XP_023620585.1	NP_796159.3
OG0010508	XP_023601077.1	XP_011239688.1, NP_796174.2
OG0010509	XP_006088376.1	XP_006506653.1, NP_081789.1
OG0010510	XP_023619582.1	NP_001035776.1, NP_892041.2, XP_006531982.1
OG0010512	XP_006106861.1	NP_059097.2, XP_036012744.1
OG0010513	XP_006101077.1	NP_031694.1, XP_006535689.1
OG0010514	XP_023620302.1	NP_694716.2
OG0010515	XP_006102626.1	NP_080725.2
OG0010516	XP_023600038.1	XP_006535796.1, NP_082510.1
OG0010518	XP_014301100.1	NP_598668.1
OG0010519	XP_023602684.1	NP_033537.1, XP_017170532.1
OG0010520	XP_014318352.2	XP_036009810.1
OG0010521	XP_006097095.1	NP_775304.1, XP_030099091.1
OG0010522	XP_014318392.1	NP_038862.2, XP_011240430.1
OG0010523	XP_006086318.1	XP_006509202.1
OG0010524	XP_014309146.1	NP_034214.2
OG0010525	XP_006086315.1	NP_032350.1
OG0010526	XP_006083913.1	NP_780310.1
OG0010527	XP_023607592.1	NP_001074656.1, XP_036010000.1
OG0010528	XP_006086310.1	NP_001414275.1
OG0010529	XP_006086290.1	NP_031944.3
OG0010530	XP_023607590.1	XP_006509285.3, NP_473385.2
OG0010531	XP_006086289.1	XP_006509243.1, NP_079962.1
OG0010532	XP_006086278.1	XP_006509112.1, NP_694775.1
OG0010533	XP_023607588.1	NP_113551.2, XP_006509038.1
OG0010534	XP_006086240.1	XP_006509157.1
OG0010535	XP_006086234.1	NP_780300.2
OG0010536	XP_006097489.1	NP_001344235.1, XP_017168513.1
OG0010537	XP_023616957.1	XP_006509585.1, NP_084386.1
OG0010538	XP_023616956.1	NP_001035789.1
OG0010539	XP_006092704.1	XP_017168289.1, NP_808410.1
OG0010540	XP_023612942.1, XP_006092709.1	NP_598730.1
OG0010541	XP_006092757.1	XP_017168350.1, NP_796278.1
OG0010542	XP_023612972.1	XP_030099626.1
OG0010543	XP_006093892.1	NP_062746.1
OG0010544	XP_014303366.1	NP_898856.1, XP_017168358.1, NP_631968.1
OG0010546	XP_006094837.2	XP_030111080.1, NP_570939.1
OG0010547	XP_006096077.1	NP_062417.1
OG0010548	XP_006108756.1	NP_766127.1, NP_001277932.1
OG0010549	XP_006109707.1	NP_001007473.1, XP_006506419.1
OG0010551	XP_014316610.1	NP_032438.2, XP_006501109.1
OG0010552	XP_006106331.1	NP_038737.1
OG0010553	XP_006109171.1, XP_006108914.2	NP_067359.2
OG0010554	XP_006102405.1	NP_001008421.1
OG0010555	XP_023599487.1	NP_033098.2, XP_036013163.1
OG0010556	XP_006102411.1	NP_056579.2
OG0010557	XP_014317479.1	XP_006515278.2
OG0010559	XP_023612196.1	XP_036013444.1, NP_067404.2
OG0010560	XP_023612197.1	NP_033823.2, XP_006515141.1
OG0010561	XP_023612218.1	NP_001349278.1, XP_006515179.1
OG0010562	XP_023612215.1	NP_079599.1
OG0010563	XP_023605128.1, XP_023612206.1	NP_001185897.1
OG0010564	XP_006091755.1	NP_001395531.1
OG0010565	XP_023612198.1	NP_694722.2
OG0010566	XP_023612192.1	XP_011242189.1, NP_001075952.1
OG0010567	XP_006099915.1	NP_114081.2
OG0010568	XP_023619238.1	NP_653108.2, XP_036021359.1
OG0010569	XP_006099863.1	NP_001412672.1
OG0010570	XP_023619243.1	XP_006503712.1, NP_598679.1
OG0010571	XP_006099876.1	NP_997635.1, NP_082131.2
OG0010572	XP_006099895.1	NP_080574.5
OG0010573	XP_006099887.1	NP_710147.1, NP_001405205.1
OG0010574	XP_006110049.1	NP_001334257.1
OG0010575	XP_006099908.1	NP_694876.1
OG0010576	XP_014306453.1, XP_023614394.1	NP_796061.2, XP_006524459.2
OG0010577	XP_023614388.1	NP_035853.2
OG0010578	XP_006094413.1	NP_001239407.1
OG0010579	XP_023614376.1	NP_080693.2
OG0010580	XP_006094420.1	NP_690030.3, XP_006525088.1
OG0010581	XP_023602007.1	NP_056615.1
OG0010583	XP_006083517.1	NP_001074648.1
OG0010584	XP_006083513.1	NP_001019977.1, XP_006523621.1
OG0010585	XP_023601981.1	XP_006525058.1, NP_082887.2
OG0010586	XP_006100915.1	NP_620089.2
OG0010587	XP_006105776.1	NP_001407342.1, NP_032613.1
OG0010588	XP_006103066.1	NP_056562.1
OG0010589	XP_006085854.1	XP_030111497.1
OG0010590	XP_023607183.1	NP_848500.3, NP_001029101.1
OG0010591	XP_006103079.1	NP_001153599.1
OG0010592	XP_014300943.1	NP_033988.1
OG0010593	XP_023601074.1	XP_030111355.1, NP_848723.1
OG0010594	XP_023602833.1	NP_659165.1
OG0010595	XP_006106302.2	NP_001074211.1, NP_058568.1
OG0010596	XP_006106305.1	NP_058074.2
OG0010598	XP_006102988.1	NP_001357224.1
OG0010599	XP_023616402.1	NP_001074735.1
OG0010600	XP_006096853.1	NP_082224.1
OG0010601	XP_023616375.1, XP_006096842.1, XP_014318156.1	NP_001334242.1
OG0010602	XP_006096843.1	XP_036008294.1
OG0010603	XP_023616399.1	NP_660258.2, XP_006506113.1
OG0010604	XP_006096826.1	NP_082781.1, NP_001156899.1, XP_011239788.1
OG0010605	XP_006096822.1	NP_796051.2, XP_036008283.1
OG0010606	XP_014318145.1	XP_030111198.1, NP_780684.1, NP_001171184.1
OG0010607	XP_006092550.1	NP_001371042.1
OG0010608	XP_023612788.1	NP_035646.2, XP_006501292.1
OG0010609	XP_023602629.1	NP_001034460.2
OG0010610	XP_014318753.1	NP_001391336.1, XP_006502406.1
OG0010611	XP_023617004.1	XP_017174992.1, NP_035327.2
OG0010612	XP_023617011.1	NP_001161378.1
OG0010613	XP_006097547.1	NP_034893.1
OG0010614	XP_023617018.1	NP_083168.3, XP_036019255.1
OG0010615	XP_006097528.1	NP_081738.2
OG0010616	XP_023617008.1	NP_035058.2
OG0010617	XP_023619013.1	XP_006502351.1, NP_084209.3
OG0010618	XP_006109550.1, XP_006090589.1	NP_001159421.1
OG0010619	XP_014318252.1	NP_001289400.1
OG0010620	XP_006095254.1	NP_666246.1
OG0010621	XP_023614957.1	NP_075699.3
OG0010622	XP_006095273.1	NP_001396846.1, XP_011238310.1
OG0010623	XP_006095275.1	NP_001021383.1, NP_062507.1
OG0010624	XP_006095277.1	NP_001391048.1
OG0010625	XP_006095384.2	NP_079692.1
OG0010626	XP_014316836.1, XP_006108951.1	XP_030108728.1, NP_083707.1
OG0010628	XP_023615066.1, XP_006095390.1	NP_082905.1
OG0010629	XP_006092576.2	NP_082258.2, XP_006502185.1
OG0010630	XP_023612834.1	NP_064315.1, XP_030108559.1
OG0010632	XP_023612350.1	NP_035914.1
OG0010634	XP_014305883.2	NP_839990.2, XP_006514769.2
OG0010635	XP_023605160.1	NP_001033017.1
OG0010637	XP_014303575.2	NP_056600.1
OG0010639	XP_006085417.1	NP_032970.2
OG0010640	XP_023606834.1	NP_619595.3, XP_036013805.1
OG0010641	XP_006110070.2	NP_001170984.1, NP_079755.1
OG0010642	XP_023606779.1	NP_001413426.1
OG0010643	XP_006085508.1	NP_067328.1, XP_017170439.1
OG0010644	XP_006085445.1	NP_001156598.1, XP_006515146.1
OG0010645	XP_006085440.1	XP_006515290.1
OG0010646	XP_023606785.1	NP_001019649.1, XP_006515253.1
OG0010647	XP_014308305.1	NP_083428.1, XP_030102824.1
OG0010648	XP_006085470.1	NP_036089.1, XP_006535779.1
OG0010649	XP_006085471.1	NP_035391.2
OG0010650	XP_014311302.1	XP_006503645.2
OG0010653	XP_014319108.1	XP_006500373.1, NP_898929.2
OG0010654	XP_023619287.1	NP_083911.1
OG0010655	XP_006103800.2	NP_064663.2
OG0010656	XP_006098137.1	NP_062709.3
OG0010657	XP_006098126.1	NP_997598.1
OG0010658	XP_006098124.3	NP_080910.1
OG0010659	XP_006098119.1	NP_659053.1
OG0010660	XP_006091691.1	NP_663355.1
OG0010661	XP_023612167.1	NP_659032.3
OG0010662	XP_014313999.2	NP_064333.2
OG0010663	XP_023612293.1	NP_954693.1, XP_006499655.1
OG0010664	XP_006091969.1	NP_663501.2, XP_006499273.1
OG0010665	XP_023612378.1, XP_006092010.1	NP_032974.2
OG0010666	XP_006092047.1	XP_011237590.1, NP_034298.1
OG0010667	XP_006097971.1	NP_001342004.2
OG0010668	XP_006104092.1	NP_079869.1
OG0010670	XP_023604111.1	XP_006508551.2
OG0010672	XP_023617578.1	NP_666318.2, XP_006508676.1
OG0010673	XP_023603604.1	NP_758456.2
OG0010674	XP_006102542.1	NP_032539.2
OG0010675	XP_014323327.1	NP_068563.2
OG0010676	XP_006102567.1	NP_001361616.1
OG0010677	XP_023620851.1	XP_011246936.1, NP_001028619.3
OG0010678	XP_006101673.1	NP_063914.1, XP_030106864.1
OG0010679	XP_006101649.1	NP_084385.2
OG0010680	XP_006101708.1	NP_001019888.1
OG0010681	XP_014322506.1	XP_006531724.1, NP_034115.2
OG0010682	XP_006101638.1	NP_001240761.1
OG0010683	XP_006101635.1	NP_082153.3
OG0010684	XP_006101627.1	NP_064319.1, XP_011246907.1
OG0010685	XP_006101622.1	NP_001349301.1
OG0010686	XP_023620845.1	XP_006531675.1, NP_659117.2
OG0010687	XP_023604943.1	XP_006531891.1, NP_080445.1
OG0010688	XP_014302177.1	XP_011246909.1
OG0010689	XP_006104412.1	NP_080522.1
OG0010690	XP_023601404.1	NP_001104787.1, XP_006531849.1
OG0010691	XP_006104380.1	NP_001104261.1
OG0010693	XP_023603127.1	NP_705825.2, XP_006526640.1
OG0010694	XP_023602351.1	XP_006527399.1, NP_081919.1
OG0010695	XP_006110064.2	XP_011245633.1
OG0010696	XP_014314155.1, XP_006105932.1	NP_080067.1
OG0010697	XP_006105933.1	NP_080605.1
OG0010699	XP_006105943.1	NP_001348973.1, NP_666205.1
OG0010700	XP_006105942.1	NP_001153828.1
OG0010701	XP_014303430.1	NP_032086.1, NP_001280550.1
OG0010702	XP_023602544.1	NP_932110.1, XP_030106934.1
OG0010703	XP_023613710.1, XP_006106839.1	XP_006526770.2
OG0010704	XP_006108346.3	XP_006526990.1
OG0010705	XP_006108337.1	NP_068690.3
OG0010707	XP_006107304.3	NP_079609.2
OG0010709	XP_023604566.1	NP_031676.3, XP_006526684.1
OG0010710	XP_006109599.1	NP_001365847.1
OG0010711	XP_006098140.1	NP_987075.1
OG0010712	XP_023619783.1	NP_001074547.1
OG0010713	XP_023608603.1	NP_796352.2, XP_017168354.1
OG0010714	XP_006081766.1	NP_001004176.2, XP_006501708.1
OG0010715	XP_023610339.1	XP_017168435.1, NP_080509.2
OG0010716	XP_023610263.1	NP_033964.1, XP_006501019.1
OG0010717	XP_014310553.1	NP_001091640.1
OG0010718	XP_023610086.1	NP_001074880.1, XP_006500849.1
OG0010719	XP_014310443.1	XP_017175080.1, NP_080898.2, NP_001364039.1
OG0010720	XP_006081719.1	NP_033376.2
OG0010721	XP_023609849.1	NP_766267.2, XP_006535509.1
OG0010722	XP_023607075.1	NP_031711.1
OG0010723	XP_006102892.1	XP_006526361.1
OG0010724	XP_014323661.1	NP_081278.1
OG0010725	XP_006101769.1	XP_006526354.1, NP_775617.1
OG0010726	XP_014301899.1	NP_080748.3
OG0010727	XP_023601091.1	XP_006529983.1
OG0010728	XP_014319883.1	NP_064317.2, XP_006529316.1
OG0010729	XP_006098873.1	NP_780315.1
OG0010730	XP_006098879.1	NP_062305.1
OG0010731	XP_006098289.1	NP_001020327.1, NP_084231.2
OG0010732	XP_006100497.1	NP_032593.1
OG0010733	XP_023608209.1	NP_443737.2, XP_006498522.1
OG0010734	XP_006086934.1	XP_006497686.1, NP_031422.3
OG0010735	XP_023617986.1	XP_006497839.1, NP_035019.1
OG0010736	XP_014313489.1	XP_006498256.2
OG0010737	XP_023611906.1	XP_036022111.1, NP_001366146.1
OG0010738	XP_023619089.1	NP_084141.2
OG0010739	XP_023619103.1	XP_030101137.1, NP_081906.1
OG0010740	XP_023601887.1	XP_006530883.1, NP_001123666.1
OG0010741	XP_014321973.1	NP_032980.2
OG0010742	XP_006101170.1	NP_783858.1
OG0010744	XP_023599057.1	NP_001334010.1
OG0010745	XP_023599512.1	NP_081682.1, NP_001343341.1
OG0010747	XP_014313517.1	NP_084527.2
OG0010748	XP_006091374.1	NP_598694.3
OG0010749	XP_023607202.1	NP_659168.1, XP_036021947.1
OG0010750	XP_023605387.1	XP_006506395.1, NP_941070.1
OG0010751	XP_023605388.1	XP_006506063.1, NP_766319.3
OG0010752	XP_006083882.1	XP_011239733.1, NP_075779.2
OG0010753	XP_023605198.1	NP_598684.4
OG0010754	XP_014306850.1	NP_733773.2, XP_006505914.1
OG0010755	XP_014306883.1	XP_036022103.1, NP_659048.1
OG0010756	XP_023603040.1	XP_006505809.1
OG0010757	XP_014323145.1	XP_006506468.1
OG0010758	XP_006093826.1	NP_001333566.1
OG0010759	XP_023613870.1	NP_001074580.1, XP_030111209.1
OG0010760	XP_006093822.1	NP_035796.2
OG0010761	XP_023609829.1, XP_006108539.1	XP_036014507.1
OG0010762	XP_014322384.1	NP_083210.3, XP_011243074.1
OG0010763	XP_006101560.1	XP_006517984.1, NP_031896.3
OG0010764	XP_023611469.1	XP_006518549.1, NP_033915.1
OG0010765	XP_006090917.1	NP_081769.2
OG0010766	XP_006090960.1	XP_030103744.1, NP_062529.2
OG0010767	XP_006090915.3	NP_033414.1
OG0010768	XP_006090913.1	NP_001412772.1
OG0010769	XP_023611511.1	NP_061216.2
OG0010770	XP_023611439.1	NP_035979.1
OG0010771	XP_023611406.1	NP_001020550.1, XP_006518884.1
OG0010772	XP_006106504.1	XP_006511893.1, NP_081630.2
OG0010773	XP_006104918.1	NP_663595.1
OG0010774	XP_014302601.2	XP_006511816.1
OG0010775	XP_014302598.2	NP_780611.3
OG0010776	XP_006108294.2	NP_598745.2, XP_030100428.1
OG0010777	XP_023604935.1	XP_006511831.1
OG0010778	XP_006108258.1	NP_032343.3
OG0010779	XP_006109691.2	NP_821139.2
OG0010780	XP_006107131.1	NP_666338.2
OG0010782	XP_023603521.1	NP_001004192.1
OG0010783	XP_006106163.1	NP_598555.2
OG0010784	XP_006106182.2	NP_083220.3
OG0010785	XP_023604958.1	XP_006511685.1, NP_001346501.1
OG0010787	XP_023601238.1	NP_001400498.1, NP_033237.2
OG0010788	XP_006104204.1	NP_001074850.1, XP_006512360.1
OG0010789	XP_006104200.1	NP_001074809.2, XP_036010808.1
OG0010790	XP_023603301.1	XP_030100495.1, NP_082588.2
OG0010791	XP_014318438.1	NP_631881.1, NP_035861.2
OG0010792	XP_023616627.1	NP_001344414.1, NP_109617.1
OG0010793	XP_006097187.1	NP_598735.2, XP_006511984.1
OG0010794	XP_006097192.1	NP_001405792.1
OG0010795	XP_023619954.1	NP_034750.1
OG0010796	XP_006100479.1	XP_030099716.1, NP_932769.1
OG0010797	XP_006100477.1	NP_001408485.1, NP_075801.1, NP_001369144.1
OG0010798	XP_014321324.1	NP_001139024.1
OG0010799	XP_006100455.1	NP_663572.1
OG0010800	XP_006100444.1	NP_001020093.2
OG0010801	XP_006100488.1	NP_032133.2, NP_001156754.1
OG0010802	XP_006100443.1	NP_057894.2, XP_036009635.1
OG0010803	XP_014321303.1	NP_001391344.1
OG0010804	XP_023599335.1	NP_031950.2
OG0010805	XP_023619767.1	XP_006509782.1, NP_075706.1
OG0010806	XP_023619762.1	NP_001273873.1, NP_034722.1
OG0010807	XP_006100419.1	NP_898993.1
OG0010808	XP_014306430.1	NP_081836.1, XP_017168452.1
OG0010809	XP_014304429.1	NP_444478.2, XP_006509600.1
OG0010810	XP_006106572.1	NP_082893.1, XP_011240632.2
OG0010811	XP_006106575.1	XP_011240644.1, NP_115774.2
OG0010812	XP_006099731.1	NP_071864.2, XP_030099565.1
OG0010813	XP_006099736.1	XP_017168360.1, NP_001158151.1
OG0010814	XP_006099720.1	NP_765984.1
OG0010815	XP_014317993.1, XP_014320635.1	NP_081761.2
OG0010816	XP_006099719.1	XP_006509747.2, NP_808434.2
OG0010817	XP_006099712.1	NP_922935.1
OG0010818	XP_023619709.1	NP_666082.2
OG0010819	XP_014321231.1	NP_083321.2
OG0010820	XP_006105093.1	NP_034765.3
OG0010821	XP_006105080.1	NP_080675.2
OG0010822	XP_014302342.1	XP_011240690.2
OG0010823	XP_006104620.1	XP_006510084.1, NP_034617.1
OG0010824	XP_014302360.1	NP_001158086.1
OG0010825	XP_006106007.1, XP_006109479.2	XP_011240739.1
OG0010826	XP_006104110.2	NP_001365725.1
OG0010827	XP_014301915.1	NP_001192241.1
OG0010828	XP_023601773.1	NP_083874.1, XP_006508984.1
OG0010829	XP_014304944.1	NP_899105.2
OG0010830	XP_023602627.1	NP_035821.3
OG0010831	XP_014303514.2	NP_001397222.1
OG0010833	XP_006101171.1	NP_059089.1
OG0010834	XP_014321967.1	NP_071723.1
OG0010835	XP_023620393.1	NP_035348.2
OG0010836	XP_023602582.1, XP_006105985.2	NP_001365873.1
OG0010837	XP_023602585.1	NP_848777.1
OG0010838	XP_023602590.1	NP_001280575.1
OG0010839	XP_006109532.2	NP_034434.1, XP_006513296.1
OG0010840	XP_023620424.1	NP_001272459.1, XP_011241731.1
OG0010841	XP_006101203.1	NP_073144.3
OG0010843	XP_014322004.1	NP_955354.1, XP_006513492.1
OG0010844	XP_006101222.2	XP_006514389.1, NP_076389.2
OG0010845	XP_014322653.2	XP_006513421.1, NP_032819.1
OG0010846	XP_006101855.1	XP_030101204.1, NP_083548.1
OG0010847	XP_006101847.1	NP_035622.1
OG0010848	XP_023599052.1	NP_001334003.1
OG0010849	XP_014322690.1	NP_038487.1, NP_001316470.1
OG0010850	XP_014322669.1	XP_006514262.1, NP_001036175.1
OG0010851	XP_006101875.1	NP_113557.1
OG0010852	XP_006101872.1	XP_017169570.1, NP_653111.1
OG0010853	XP_006107342.1	XP_006514144.1
OG0010855	XP_023610355.1	NP_038535.2
OG0010856	XP_006107834.1, XP_006089735.1	NP_065623.2
OG0010857	XP_006092837.1	NP_001355760.1
OG0010858	XP_006092833.1	NP_001398820.1
OG0010859	XP_006092831.1	XP_011240897.1, NP_081231.1
OG0010860	XP_006092823.1	NP_001360846.1
OG0010861	XP_014314794.1	XP_006507657.1
OG0010863	XP_023611686.1	XP_036008945.1
OG0010864	XP_023611671.1	NP_001074736.1
OG0010865	XP_023619810.1	XP_017177834.1, NP_001157730.1
OG0010866	XP_006100512.1	NP_081905.1, XP_006508267.1
OG0010867	XP_006100519.1	XP_006508247.1, NP_705755.2
OG0010868	XP_023619808.1	XP_030098530.1
OG0010869	XP_023614523.1	XP_006508294.1, NP_001104581.1
OG0010870	XP_023614541.1	XP_006507586.1
OG0010871	XP_023614518.1	XP_011240004.1, NP_001404197.1
OG0010872	XP_014316209.1	XP_006507958.1, NP_001274093.1
OG0010873	XP_006094563.1	NP_083487.2
OG0010874	XP_023614553.1, XP_014316235.1, XP_006094585.1	NP_932129.2
OG0010875	XP_023602330.1	NP_001240814.1
OG0010876	XP_006105624.1	NP_598712.1
OG0010877	XP_006089731.1	NP_766495.1
OG0010878	XP_006089714.1	NP_001369493.1
OG0010879	XP_023610357.1	NP_001164383.1
OG0010880	XP_023610335.1, XP_006089707.1	XP_011240242.1
OG0010881	XP_006089751.1	NP_064436.2
OG0010882	XP_023610276.1	NP_035185.2, XP_006507501.1
OG0010883	XP_006093889.1	XP_006507503.1, NP_035213.2
OG0010884	XP_006093886.1	NP_001399533.1, NP_034732.1
OG0010885	XP_006110188.1	XP_006541006.1, NP_038817.1
OG0010886	XP_006093880.1	NP_084509.1
OG0010887	XP_006093868.1	NP_068684.1
OG0010888	XP_006093855.1	NP_001185770.1, NP_038836.1
OG0010889	XP_023613922.1	XP_006541374.1
OG0010890	XP_006091657.1	XP_036013142.1, NP_766259.2
OG0010891	XP_006091667.1	NP_032071.1
OG0010892	XP_006091885.1	NP_079882.2
OG0010893	XP_006093455.1	NP_001028330.2
OG0010894	XP_014316169.1	NP_667326.1
OG0010895	XP_006083625.1	NP_780755.2, XP_036014504.1
OG0010896	XP_006109751.2	NP_033055.2
OG0010897	XP_023604849.1	NP_808297.1
OG0010898	XP_023603985.1	NP_079703.2
OG0010899	XP_006083552.2	NP_001297584.1
OG0010900	XP_006106161.1	XP_036014467.1, NP_848800.3
OG0010901	XP_006096425.1	NP_082591.2
OG0010902	XP_023607496.1	XP_006518822.1
OG0010903	XP_006086146.1	NP_032418.1
OG0010904	XP_023607499.1	XP_011243195.1, NP_997098.2
OG0010905	XP_014309003.1	NP_075024.2, XP_006519418.1
OG0010906	XP_006089905.1	XP_006519398.1, NP_067409.2
OG0010907	XP_006100703.1	NP_542123.3, XP_036014728.1
OG0010908	XP_023603824.1	NP_796367.3, XP_036014574.1
OG0010909	XP_006086990.1	XP_017171334.1, NP_034331.2, NP_997550.1
OG0010911	XP_023608242.1	NP_001306080.1, XP_006508841.1
OG0010912	XP_006086968.1	NP_035357.1, XP_011240344.1
OG0010913	XP_014309675.2	XP_006508748.1
OG0010914	XP_006102097.1	NP_001304282.1
OG0010915	XP_014322902.2	NP_036011.3
OG0010916	XP_014322913.2	XP_030099576.1
OG0010917	XP_023617465.1	NP_542142.1, XP_036018418.1
OG0010918	XP_014319122.1	NP_997087.2, XP_006500469.1
OG0010919	XP_006100673.1	NP_001186665.1
OG0010920	XP_006087624.1	XP_036011199.1, NP_848739.1
OG0010921	XP_023608709.1	XP_006512462.1, NP_705813.2
OG0010922	XP_023616624.1	XP_006512223.1, NP_001158131.1
OG0010923	XP_006099823.1	NP_598746.2, NP_001346511.1
OG0010924	XP_006109115.1, XP_023619178.1	NP_001028381.1
OG0010925	XP_023599456.1	XP_006511967.1, NP_082660.1
OG0010926	XP_006110184.1	NP_598739.1
OG0010927	XP_023608718.1	XP_011241301.1, NP_081570.1
OG0010928	XP_023608720.1	XP_011241353.1, NP_683761.2
OG0010929	XP_023608722.1	NP_033397.3
OG0010930	XP_006083975.1	XP_006524046.1, NP_766085.2
OG0010931	XP_023605065.1	NP_001026981.2, XP_036016335.1
OG0010932	XP_006083730.1	NP_084442.1, XP_006519762.1
OG0010933	XP_006083744.1	NP_033926.1
OG0010934	XP_023605090.1	XP_006511742.1, NP_766049.2
OG0010935	XP_023605288.1, XP_023605289.1	NP_079927.2
OG0010936	XP_006083770.1	XP_030099857.1
OG0010937	XP_023605315.1	NP_001271187.1
OG0010938	XP_006083816.1	NP_079761.1
OG0010939	XP_006083822.1	XP_036011063.1, NP_071714.2
OG0010940	XP_023605360.1	NP_444498.2, XP_006510838.1
OG0010941	XP_014306705.1	NP_035409.1
OG0010942	XP_014306710.1	NP_031528.1
OG0010943	XP_014308702.1	NP_063917.1, XP_006511247.1
OG0010944	XP_023607230.1	NP_940806.2
OG0010945	XP_006085846.1	NP_001028317.2
OG0010946	XP_006088704.1	XP_006535445.1, NP_031779.1
OG0010947	XP_006090393.1	NP_796320.2
OG0010948	XP_023610936.1	NP_808524.1
OG0010949	XP_023610932.1	NP_001344287.1
OG0010950	XP_006100073.2, XP_023610921.1	NP_001343202.1
OG0010951	XP_023606311.1	XP_006522718.2
OG0010952	XP_014310281.1	NP_001094980.1
OG0010953	XP_006097596.1	XP_006498974.1, NP_032806.2
OG0010954	XP_023608978.1	NP_065620.1
OG0010955	XP_006089451.1	NP_001355947.1
OG0010956	XP_006098014.1	NP_001277996.1, NP_034576.2, NP_001277994.1
OG0010957	XP_023617032.1	NP_035049.1
OG0010958	XP_006097592.1	XP_036017314.1, NP_001028470.1
OG0010959	XP_014318774.1	NP_001395129.1
OG0010960	XP_006097578.3	NP_444425.1, NP_001343426.1
OG0010961	XP_006088026.1	XP_011238070.1, NP_081369.2
OG0010962	XP_006088014.1	NP_783598.1
OG0010963	XP_023608947.1	NP_083806.2, XP_036018557.1, NP_001343477.1
OG0010964	XP_014319507.1	NP_031579.2
OG0010965	XP_023616044.1	NP_001019556.1
OG0010966	XP_006096496.1	NP_619592.1
OG0010967	XP_014317828.1	NP_082582.1
OG0010968	XP_006096473.1	NP_083708.1
OG0010969	XP_006096512.1	NP_001156955.1, NP_083651.1
OG0010970	XP_006096445.1	NP_080029.1
OG0010971	XP_023616035.1	XP_030106297.1, NP_001402775.1
OG0010972	XP_006089418.1, XP_023616070.1	NP_033400.2, XP_006499214.1
OG0010973	XP_014311933.2	XP_006499384.1
OG0010974	XP_023610130.1	NP_001035028.1, XP_036017385.1
OG0010975	XP_014311948.2	NP_001357845.1, XP_030102188.1
OG0010976	XP_006089482.1	NP_080306.1
OG0010977	XP_014312054.2	NP_001156924.1
OG0010978	XP_006089502.1	NP_062785.2
OG0010979	XP_006089512.1	XP_030104072.1, NP_034938.3
OG0010980	XP_006089519.1	NP_032135.2
OG0010981	XP_014311977.1	NP_001123472.1
OG0010982	XP_006089521.1	NP_001343342.1
OG0010983	XP_006089524.1	NP_631890.3
OG0010984	XP_006089544.1	NP_081861.2
OG0010985	XP_006089543.1	NP_064651.2
OG0010986	XP_006089585.1	NP_035379.2
OG0010987	XP_023610239.1	NP_001034646.2, XP_017174647.1
OG0010988	XP_023599240.1	NP_808325.2
OG0010989	XP_023606652.1	NP_075021.1, NP_001186047.1
OG0010990	XP_023606569.1	NP_001278074.1, NP_878260.1
OG0010991	XP_023606571.1	NP_001074807.1, XP_011237842.1
OG0010992	XP_023606572.1	NP_001343451.1, NP_742162.2
OG0010993	XP_023611994.1	NP_663344.2
OG0010994	XP_023611989.1	XP_036015641.1, NP_033062.1
OG0010995	XP_014313506.1	NP_001263361.1
OG0010996	XP_006091451.1	NP_033420.1
OG0010997	XP_023611979.1	XP_030102304.1
OG0010998	XP_006091444.1	NP_573503.2
OG0010999	XP_006091417.1	NP_659141.1, XP_017173386.1
OG0011000	XP_006098035.1	NP_663513.1
OG0011001	XP_023617501.1	NP_034202.1
OG0011002	XP_006095511.1	NP_083884.1
OG0011003	XP_023615168.1	NP_001153168.1
OG0011004	XP_006095487.1	NP_062780.2
OG0011006	XP_023601330.1	NP_001359293.1
OG0011007	XP_006104312.1, XP_014310459.1	NP_062796.2
OG0011008	XP_023601337.1	XP_006500714.1, NP_766619.2
OG0011009	XP_023601323.1	NP_032119.2, XP_006500617.1
OG0011010	XP_023604589.1	NP_113550.3, XP_017174758.1
OG0011012	XP_014302103.2	NP_001396655.1
OG0011013	XP_014320136.1	NP_598462.1
OG0011014	XP_006089608.1	XP_006499371.1, NP_001035779.1
OG0011015	XP_014308106.1	XP_006498629.1, NP_780628.3
OG0011016	XP_023600892.1, XP_023605030.1	XP_006500733.1, NP_941058.1, NP_001278118.1
OG0011019	XP_023604039.1	NP_082794.1, XP_036018507.1
OG0011020	XP_014319606.2	NP_001095117.1
OG0011021	XP_023599140.1	NP_001297357.1, XP_006530046.1
OG0011022	XP_023608820.1	NP_001030082.1, NP_001399509.1
OG0011024	XP_006101284.1	NP_444428.3
OG0011025	XP_006083641.1	XP_017168413.1, NP_065585.1
OG0011026	XP_014305642.1	NP_062713.2
OG0011027	XP_023607049.1	XP_036019115.1, NP_079718.1
OG0011028	XP_006083679.1	XP_036019004.1, NP_085098.1
OG0011029	XP_006083675.1	NP_081285.1
OG0011030	XP_023606935.1	NP_001349345.1
OG0011031	XP_023617776.1	NP_001406711.1
OG0011032	XP_006098331.1	NP_031699.2
OG0011033	XP_023604851.1	NP_033113.1
OG0011034	XP_006092175.1	XP_036014454.1
OG0011035	XP_006083711.1	NP_081712.2
OG0011036	XP_006085580.1	NP_038546.2
OG0011037	XP_023606975.1	NP_082919.1
OG0011038	XP_023606959.1	NP_941007.1
OG0011039	XP_014308370.1	XP_011243521.1
OG0011040	XP_014312091.1	NP_001280701.1
OG0011041	XP_006081938.1	NP_663570.2
OG0011042	XP_023609260.1	NP_778197.2, XP_017168336.2
OG0011043	XP_006081973.1	NP_808262.1, XP_030103566.1
OG0011044	XP_006082082.1	XP_006519535.1, NP_080635.2
OG0011045	XP_023611583.1	NP_001074646.1, XP_006518682.1
OG0011046	XP_014312507.1, XP_006082003.1	NP_083179.2
OG0011047	XP_023620075.1	NP_001346088.1, NP_080450.1
OG0011048	XP_014321650.1	NP_001409046.1, NP_001346950.1
OG0011049	XP_023620079.1	XP_036014483.1, NP_919326.1
OG0011050	XP_006100780.1	NP_694776.2
OG0011051	XP_023617629.1	NP_001300657.1
OG0011052	XP_006082676.1	NP_001003948.2, XP_036010580.1
OG0011053	XP_006082696.1, XP_023614933.1	XP_006529301.1, NP_035010.3
OG0011054	XP_014319219.1	NP_001165628.1
OG0011055	XP_006082711.1	NP_083165.1
OG0011056	XP_006082854.1	XP_006529212.1
OG0011057	XP_006082727.1	XP_006529534.1, NP_808314.2
OG0011058	XP_014319635.1	NP_001104781.1
OG0011059	XP_006082774.1	NP_058590.1, XP_017177160.1
OG0011060	XP_006106658.1	NP_075832.1
OG0011061	XP_014304055.1	NP_775571.2, XP_006529547.1
OG0011062	XP_023599585.1	XP_006529374.1, NP_997108.1
OG0011063	XP_023599758.1	XP_011246195.1, NP_852070.3
OG0011064	XP_006083054.1	NP_057905.1, XP_006529205.1
OG0011065	XP_023599141.1	NP_766051.4
OG0011066	XP_006083079.1	NP_001099137.1
OG0011067	XP_006083081.1	XP_006529855.1, NP_079730.1
OG0011068	XP_023599415.1	NP_001297698.1
OG0011069	XP_023607066.1	NP_001074673.1, XP_030110487.1
OG0011070	XP_023607077.1	NP_035336.2
OG0011071	XP_006107592.1	NP_705798.2
OG0011072	XP_006109925.2	NP_109626.1
OG0011073	XP_023602785.1	NP_001276506.1
OG0011074	XP_014303698.1	NP_001240743.1
OG0011075	XP_014310850.1, XP_014303702.1	NP_001157010.1
OG0011076	XP_014305025.1	NP_081432.2
OG0011078	XP_014306041.2	XP_036021024.1, NP_001074811.1
OG0011082	XP_023602835.1	NP_080762.1
OG0011083	XP_014303737.1, XP_023604831.1	NP_080685.2
OG0011084	XP_006108961.1, XP_006109863.1	NP_084535.1
OG0011086	XP_014301675.1	NP_001005525.1
OG0011087	XP_006105040.1	NP_085041.1
OG0011088	XP_014320074.1	NP_001034242.2
OG0011089	XP_006099092.3	NP_001293055.1
OG0011090	XP_023618459.1	NP_082503.2
OG0011091	XP_014303530.2	NP_082317.1
OG0011092	XP_023602641.1	NP_001182023.1
OG0011093	XP_006108031.1, XP_006109193.3	NP_076114.2
OG0011094	XP_023616185.1	NP_001299843.1, XP_006530456.1
OG0011095	XP_023616160.1	NP_001028483.2
OG0011096	XP_023616183.1	XP_006530403.1
OG0011097	XP_023616156.1	XP_006530193.1, NP_031734.3
OG0011098	XP_006096639.1	NP_001074277.1
OG0011099	XP_023616187.1	NP_598676.2, NP_035353.1, NP_001389995.1
OG0011100	XP_014317949.1, XP_006096606.1, XP_006096605.1	NP_079849.1
OG0011101	XP_006096636.1	NP_083921.1
OG0011102	XP_023616162.1	NP_062795.2
OG0011103	XP_006098390.1	NP_079802.1
OG0011104	XP_006098393.2, XP_023617836.1	NP_001362815.1
OG0011105	XP_006099357.1	NP_705799.2
OG0011106	XP_014320321.1	NP_001258659.1
OG0011107	XP_023618717.1	NP_001277430.1, NP_001074393.1
OG0011108	XP_014320304.1, XP_023605126.1	NP_083567.1
OG0011109	XP_023618718.1	XP_006514908.1
OG0011110	XP_014302631.1	XP_011241975.1
OG0011111	XP_006104949.1	NP_080719.2
OG0011112	XP_006108366.1	NP_666125.1, XP_006514500.1
OG0011113	XP_006105598.1	NP_062520.1
OG0011114	XP_014305942.1	XP_006513123.1, NP_001074881.1
OG0011115	XP_006106313.1	NP_083748.3, XP_006514334.1
OG0011116	XP_006099564.1	NP_033540.1, XP_030100932.1
OG0011117	XP_014304950.1	XP_006522872.1, NP_001357816.1
OG0011118	XP_006099603.1	NP_035802.3, XP_006522068.1
OG0011119	XP_023618968.1, XP_023604836.1	XP_036015710.1, NP_035052.2
OG0011120	XP_023618942.1	NP_034565.2, XP_006521861.2
OG0011121	XP_006099600.1	NP_071853.2
OG0011122	XP_023609506.1, XP_023618953.1, XP_006099599.1	NP_033461.2
OG0011123	XP_023618958.1	XP_036015777.1, NP_722485.1
OG0011124	XP_023618939.1	NP_001028510.2
OG0011125	XP_006096690.2	NP_076392.1, XP_006527529.1
OG0011126	XP_006096707.2	XP_030106606.1, NP_032013.2
OG0011127	XP_023605602.1	NP_001192325.1
OG0011128	XP_006084345.1	NP_032623.1
OG0011129	XP_006090726.1	NP_663547.2
OG0011130	XP_006095780.2	NP_032370.2
OG0011131	XP_006092195.1	XP_006506379.1, NP_942585.1
OG0011132	XP_023612453.1	NP_653095.1, NP_001366036.1
OG0011133	XP_006092198.1	NP_001028526.1
OG0011135	XP_014317536.2	NP_081019.1, XP_036008174.1
OG0011137	XP_006084207.1	NP_001074026.1
OG0011138	XP_023605759.1	NP_038573.2, NP_001071173.1
OG0011139	XP_023605251.1, XP_006084250.1	NP_851989.3
OG0011140	XP_006084253.1	NP_705728.1, NP_001333585.1
OG0011141	XP_006084413.1	NP_034482.2, NP_001074022.1, NP_001074021.1
OG0011143	XP_014313026.1	NP_061249.1, XP_011239897.1
OG0011144	XP_006090710.1	NP_001019639.1
OG0011145	XP_006086836.1	NP_081335.1
OG0011146	XP_006086828.1	NP_001030075.1
OG0011147	XP_023608082.1	NP_001342642.1
OG0011148	XP_014309517.1	NP_001288747.1, NP_631978.1, NP_001288746.1
OG0011149	XP_006108488.1, XP_014309516.2	NP_937889.1
OG0011150	XP_014309561.1	NP_001028805.2
OG0011151	XP_023608034.1	XP_006521355.1, NP_077151.3
OG0011152	XP_023612138.1	NP_001188251.1
OG0011153	XP_006091569.1	NP_705738.1
OG0011154	XP_006091568.1	NP_001344822.1, NP_077131.2
OG0011155	XP_006091639.1	NP_001028448.3, XP_017172163.1
OG0011156	XP_014313626.2	NP_031883.1
OG0011157	XP_006091573.1	NP_058061.2
OG0011158	XP_014313700.1	NP_034731.3, XP_006520546.1
OG0011159	XP_014317252.1	XP_006520949.1, NP_001028449.2
OG0011160	XP_006097622.1	XP_006518472.1
OG0011161	XP_006090085.1	NP_031837.2, XP_017173542.1
OG0011162	XP_006101800.1	NP_034821.2
OG0011164	XP_006097602.1	NP_001160052.1, NP_666092.1
OG0011165	XP_023617055.1	XP_017177112.1, NP_848883.2
OG0011166	XP_006101260.2	NP_001349032.1
OG0011167	XP_006096675.1	NP_001107811.1
OG0011168	XP_014312467.1	NP_038496.2
OG0011169	XP_006090072.1	XP_006526762.1, NP_032260.2
OG0011170	XP_006090043.1	NP_955518.1
OG0011171	XP_006090038.1	XP_006527060.1, NP_663475.1
OG0011172	XP_006090022.1	XP_011245707.1, NP_663476.1
OG0011173	XP_023610595.1	XP_006527435.1, NP_660105.3
OG0011174	XP_023610616.1	NP_660138.1
OG0011175	XP_006101780.1	XP_030106592.1
OG0011176	XP_014322583.1	NP_795932.2
OG0011177	XP_023615564.1	XP_006527194.1, NP_038935.2
OG0011178	XP_014317354.1	NP_001034441.1
OG0011179	XP_006095943.1	NP_031729.1
OG0011180	XP_014317361.1	NP_849261.2, XP_006526643.1
OG0011181	XP_006095968.1	NP_079839.1
OG0011182	XP_023615574.1	NP_065602.2, XP_006527298.1
OG0011183	XP_014317316.1	NP_035183.2
OG0011184	XP_014310742.1	NP_001411799.1
OG0011185	XP_023609111.1	NP_080087.1, XP_006527330.1
OG0011186	XP_023609160.1	XP_030106780.1, NP_663480.3
OG0011187	XP_023609113.1	NP_852080.3, XP_006527112.1
OG0011188	XP_023609107.1	NP_080484.1
OG0011189	XP_023609166.1	NP_001028394.2
OG0011190	XP_023620491.1, XP_006101282.1	NP_001028344.2
OG0011191	XP_006099061.1	NP_033409.1
OG0011193	XP_023602539.1	XP_030098166.1, NP_758459.2
OG0011194	XP_023604218.1	NP_080102.1
OG0011195	XP_014305457.1	NP_033904.2, NP_001304279.1
OG0011196	XP_006104041.3	NP_932134.3
OG0011197	XP_023601025.1	NP_082930.1
OG0011198	XP_006107252.2	NP_001092106.1
OG0011199	XP_023618431.1	NP_001289475.1, XP_017177586.1
OG0011200	XP_006099045.1	NP_081477.1
OG0011201	XP_006099054.1	NP_955005.2, XP_036008772.1
OG0011202	XP_006099074.1	NP_898970.1
OG0011203	XP_006085341.1	XP_006495613.1, NP_001011874.1
OG0011204	XP_006085344.1	NP_473430.3, XP_006537621.1
OG0011205	XP_006085342.1	NP_082373.1
OG0011206	XP_023611199.1	XP_006495628.1, NP_663730.1
OG0011207	XP_006090661.1	XP_011236694.1, NP_808502.2
OG0011208	XP_014312937.1	NP_766429.2, XP_011236682.1
OG0011209	XP_006086433.1	NP_663356.1
OG0011210	XP_006086415.1	XP_006495620.1
OG0011211	XP_006086349.1	XP_006530149.1, NP_775273.1
OG0011212	XP_006102195.1	NP_079795.1
OG0011213	XP_023620062.1	NP_796301.2
OG0011214	XP_006100771.1	NP_082045.1
OG0011215	XP_006100770.1	NP_001366447.1, NP_062698.2, NP_001366448.1
OG0011216	XP_023600602.1	NP_620402.1
OG0011217	XP_006103604.1	NP_666062.3
OG0011218	XP_014301437.1	XP_030109452.1, NP_038780.3
OG0011219	XP_023600596.1	NP_852066.2
OG0011220	XP_006105402.1	NP_034406.2
OG0011221	XP_006108608.1, XP_014303013.1	NP_001074652.1
OG0011222	XP_014323051.1	NP_068697.1
OG0011223	XP_023599375.1	XP_006538263.1, NP_080281.3
OG0011224	XP_006104218.1	NP_001344855.1
OG0011225	XP_006087551.1	NP_034420.2, NP_001405277.1, NP_001405278.1
OG0011226	XP_006093125.1	NP_001019308.1, XP_006500476.1
OG0011227	XP_006104845.1, XP_023613378.1	NP_080527.2, XP_017174713.1
OG0011228	XP_023613588.1	NP_083250.1
OG0011229	XP_006087556.1	NP_001343367.1
OG0011230	XP_006087567.1	NP_277059.1
OG0011231	XP_014310241.2	NP_035376.1
OG0011232	XP_006087571.1	XP_011237950.1, NP_958755.1
OG0011233	XP_023613235.1	NP_062800.1, NP_001403148.1
OG0011234	XP_023613236.1	NP_083893.2
OG0011235	XP_014314923.1	XP_006500266.1
OG0011236	XP_006093090.1	NP_001034312.2
OG0011237	XP_006093095.1	XP_030107747.1, NP_062327.2
OG0011238	XP_006093099.1	NP_062743.1
OG0011239	XP_014314957.1	NP_001342222.1
OG0011240	XP_006093129.1	NP_776095.2
OG0011241	XP_014314897.1	XP_006499227.1, NP_033487.2
OG0011242	XP_014314984.1	NP_542966.2
OG0011243	XP_023613325.1	NP_001342056.1
OG0011244	XP_023613377.1	NP_001153896.1, XP_006500051.1
OG0011245	XP_006093159.2, XP_006093160.1	NP_115769.1
OG0011247	XP_023613367.1	XP_011237724.1, NP_663506.2
OG0011248	XP_023607454.1	NP_035904.2, NP_001277922.1
OG0011249	XP_014308960.1	XP_006500537.1, NP_001074560.1
OG0011250	XP_006086050.1	NP_808276.2
OG0011251	XP_006086031.1	NP_067425.2
OG0011252	XP_006086025.1	XP_006498611.1, NP_780759.2
OG0011253	XP_023607411.1	XP_006511146.2, NP_766359.2
OG0011254	XP_006110207.1	XP_006511494.1
OG0011255	XP_006086012.1	NP_001034611.1, XP_017168833.1
OG0011256	XP_023607402.1	NP_034994.2, XP_006510890.1
OG0011257	XP_006083007.1	NP_001074658.1
OG0011258	XP_023607389.1	XP_036011207.1
OG0011259	XP_014308883.1	NP_001028380.1
OG0011260	XP_023607369.1	NP_031425.2, XP_030099887.1
OG0011261	XP_014308880.2	XP_011241034.1
OG0011262	XP_006107254.2	NP_851417.2, XP_011241116.1
OG0011263	XP_023617023.1	NP_796158.2, XP_006511287.1
OG0011264	XP_023613595.1	NP_848483.3, XP_006511611.1
OG0011265	XP_023613594.1	XP_006511173.1
OG0011266	XP_006093466.1	NP_001020783.1
OG0011267	XP_006093463.1	NP_775277.2
OG0011268	XP_023613624.1, XP_023613623.1	NP_001344801.1
OG0011269	XP_006093454.1	NP_035932.2
OG0011270	XP_006093451.1, XP_014322008.1	NP_803411.3
OG0011271	XP_023613620.1	NP_001071099.1
OG0011272	XP_023613574.1	NP_001156389.1, XP_006510804.1
OG0011273	XP_006093428.2	XP_036010978.1, NP_899139.2
OG0011274	XP_014315229.1	NP_080783.4
OG0011275	XP_006101129.1	XP_006511365.1, NP_062637.2
OG0011276	XP_006101131.1	NP_612177.1, XP_006511592.1
OG0011277	XP_023620353.1	NP_001028347.1
OG0011278	XP_014321912.2	XP_036010941.1, NP_795896.4
OG0011279	XP_014306455.1, XP_023603853.1	NP_001391984.1
OG0011280	XP_006087897.1	NP_064311.2
OG0011281	XP_014310495.1	NP_780534.1
OG0011282	XP_006087898.1	NP_082397.1
OG0011283	XP_006087906.1	XP_011241122.1, NP_082874.1
OG0011284	XP_006087912.1	XP_006510923.1
OG0011285	XP_023608942.1	NP_081218.3, XP_006511465.1
OG0011286	XP_006088003.1	XP_006511315.1
OG0011287	XP_006087951.1	NP_080113.1, XP_006510834.1
OG0011289	XP_023608945.1	XP_006511557.1, NP_082912.1
OG0011290	XP_023608929.1	XP_006510928.1
OG0011291	XP_006109900.2	NP_036122.2
OG0011293	XP_023613586.1	NP_033014.1, NP_001344186.1
OG0011294	XP_014302841.1	XP_006524677.1, NP_803416.2
OG0011295	XP_014312883.1	XP_036015999.1
OG0011296	XP_006090610.1	NP_001355689.1
OG0011297	XP_006096008.1	XP_006523138.1, NP_076333.3
OG0011298	XP_006096018.2	XP_006523068.1, NP_659102.1
OG0011299	XP_014317413.2	NP_035912.2, XP_036015805.1
OG0011300	XP_006109349.3	XP_011244432.1, NP_056570.1
OG0011302	XP_023604889.1	NP_083773.1, XP_006523040.1
OG0011303	XP_023604313.1	NP_001186139.1, XP_006523148.1
OG0011304	XP_023604312.1	NP_080778.2, XP_036015996.1
OG0011305	XP_023601365.1	NP_598440.1
OG0011306	XP_023604176.1	NP_083528.1
OG0011307	XP_023599083.1	XP_006523123.1, NP_001038994.2
OG0011308	XP_006101603.1	NP_598420.1
OG0011309	XP_023600965.1	XP_011244453.1, NP_001171357.1
OG0011310	XP_014303577.1	NP_076152.2, XP_011244456.1
OG0011311	XP_023602687.1, XP_006109149.2	XP_006522928.1
OG0011312	XP_023600918.1, XP_023602033.1	NP_001157248.1
OG0011313	XP_006099983.1	XP_011241564.1, NP_666037.1
OG0011314	XP_006099985.1	NP_598759.1, XP_030100663.1
OG0011315	XP_006099988.1	NP_084538.2
OG0011316	XP_023619347.1	NP_034063.1
OG0011317	XP_006104866.1	XP_036011544.1, NP_666118.1
OG0011318	XP_023606062.1	NP_032344.2
OG0011319	XP_006105356.1	NP_780305.1
OG0011320	XP_006106923.2	NP_067478.1
OG0011321	XP_014304571.1	NP_613059.2
OG0011322	XP_006094157.1	NP_081564.3, XP_006500971.1
OG0011323	XP_014322260.1	NP_001398272.1, NP_001273688.1, NP_001035780.1
OG0011325	XP_006084699.1	NP_001280490.1
OG0011326	XP_014307555.1, XP_006108631.3, XP_014306317.1	NP_080268.1
OG0011327	XP_014307541.1	NP_001074267.1
OG0011328	XP_006084643.1	NP_001394501.1, NP_001305031.1
OG0011329	XP_006084628.1	XP_006535281.1, NP_765993.1
OG0011330	XP_014307497.1	XP_036021392.1, NP_082254.2
OG0011331	XP_023606070.1	NP_780682.3, XP_006534936.1
OG0011332	XP_023606082.1	NP_444388.2
OG0011333	XP_006084579.1	NP_061354.1
OG0011334	XP_023602139.1	NP_031670.1
OG0011335	XP_006103571.1	NP_001404552.1
OG0011336	XP_006096650.1	NP_082092.2
OG0011337	XP_023614465.1	NP_766043.3, XP_006521977.1
OG0011338	XP_006090599.1	NP_080853.3, XP_006522566.1
OG0011339	XP_014319488.1	NP_777273.3, XP_036015796.1
OG0011341	XP_006098433.1	NP_613065.2
OG0011342	XP_014319485.1	XP_011244201.1, NP_766413.2
OG0011343	XP_023617872.1	XP_017172459.1, NP_777365.2
OG0011344	XP_023617853.1, XP_006109273.1	NP_083368.1
OG0011345	XP_006094509.1	NP_001413965.1
OG0011346	XP_023614467.1	XP_017172393.1, NP_932774.3
OG0011347	XP_023614474.1	XP_011244166.1, NP_001028419.1
OG0011348	XP_023614473.1	NP_766094.1
OG0011349	XP_023614477.1	NP_001395263.1
OG0011350	XP_014318187.1	NP_082077.1, XP_030104893.1
OG0011351	XP_006096905.1	NP_032109.1
OG0011352	XP_006090968.1	NP_001192215.1
OG0011353	XP_006090970.2	NP_001287756.1
OG0011354	XP_006090973.1	NP_598863.3, XP_006522834.1
OG0011355	XP_023611528.1	XP_006522501.1
OG0011356	XP_006090985.1	XP_006522189.1, NP_700443.2
OG0011357	XP_023611530.1	NP_001334161.1
OG0011358	XP_006090990.1	XP_030104838.1, NP_038575.2
OG0011359	XP_006090991.1	XP_036015994.1, NP_001035964.1
OG0011360	XP_006091001.2	NP_084311.1, XP_006522145.1
OG0011362	XP_023613119.1, XP_014305031.1	XP_006522532.1, NP_780320.2
OG0011363	XP_023613071.1	NP_038689.2, XP_006521932.1
OG0011364	XP_023613066.1	NP_001357928.1
OG0011365	XP_014314755.1	NP_542124.1
OG0011366	XP_006092899.1	NP_789810.2
OG0011367	XP_006092897.1	NP_766411.1, XP_030104970.1
OG0011368	XP_023606246.1	NP_932780.1, XP_036015814.1
OG0011369	XP_006088960.1	NP_001357779.1, XP_030108392.1
OG0011370	XP_006088929.1	NP_083966.1
OG0011371	XP_006088954.2	XP_006535494.1, NP_001157909.1
OG0011372	XP_023608038.1	NP_001013814.2
OG0011373	XP_006081642.1	NP_001229352.1
OG0011374	XP_023615142.1	NP_001389808.1
OG0011375	XP_014316916.1	NP_080822.1
OG0011376	XP_006081530.1	XP_006517338.1
OG0011377	XP_006081527.2	NP_001410642.1, XP_036009552.1
OG0011378	XP_006081519.2	NP_666159.2
OG0011379	XP_014308396.2	NP_001334464.1, NP_082462.3
OG0011380	XP_006081501.2	XP_006517084.1, NP_001074529.1
OG0011381	XP_023607806.1, XP_023607850.1	NP_001028214.1
OG0011382	XP_006084965.1	XP_006535504.1, NP_033543.2
OG0011383	XP_006084953.1	NP_001013042.1
OG0011384	XP_014307818.1	NP_001106659.1
OG0011385	XP_006084932.1	NP_796330.2
OG0011386	XP_006084925.2	NP_001005767.1
OG0011387	XP_023606384.1	NP_666051.2
OG0011388	XP_014307695.1	XP_011244304.1
OG0011389	XP_006090365.1	NP_080089.1
OG0011390	XP_023609685.1	NP_080736.2
OG0011391	XP_023609683.1	NP_766449.1, XP_006535535.1
OG0011392	XP_023615637.1	XP_006535478.1, NP_619607.2
OG0011393	XP_023615825.1	XP_017175170.1, NP_001313217.1
OG0011394	XP_014303929.1	XP_036013867.1
OG0011395	XP_023607678.1, XP_023604656.1	NP_666180.2
OG0011396	XP_006085775.1	NP_666153.1, XP_006516719.1
OG0011397	XP_023607153.1	NP_001028339.1
OG0011398	XP_006099405.1	NP_958746.1
OG0011399	XP_014302884.2	NP_082000.2, XP_017171091.1
OG0011400	XP_006103931.1	NP_620702.1, XP_006516636.1
OG0011401	XP_023600859.1	NP_079656.1
OG0011402	XP_014314837.1	NP_080826.2
OG0011403	XP_006092988.1	XP_006516931.1
OG0011404	XP_006092986.3	NP_062296.1
OG0011405	XP_006091823.1	NP_033986.1
OG0011406	XP_006091820.1	NP_722484.2
OG0011407	XP_006091805.1	NP_786925.2, XP_036013885.1
OG0011408	XP_006093811.1	NP_705774.1
OG0011409	XP_023604114.1	NP_001389841.1
OG0011410	XP_023602435.1	NP_001334422.1, XP_006516619.1, NP_034554.2
OG0011412	XP_006105890.1	NP_038952.1
OG0011413	XP_006105892.3	NP_062302.1
OG0011414	XP_023600963.1	XP_017172848.1
OG0011415	XP_023599284.1	NP_071880.1
OG0011416	XP_023617886.1	NP_082240.1
OG0011417	XP_023611896.1	XP_036018146.1, NP_766618.2
OG0011418	XP_014301635.1	NP_001366327.1
OG0011419	XP_023599550.1	XP_011237615.1, NP_573470.2
OG0011420	XP_023599534.1	XP_036018189.1, NP_796048.2
OG0011421	XP_006083223.1	NP_001071152.1
OG0011422	XP_006083196.1	NP_766024.1
OG0011423	XP_006083200.1	NP_080391.2
OG0011424	XP_006083150.1	NP_038582.2, XP_006498852.1
OG0011425	XP_023600385.1	NP_058084.3
OG0011426	XP_023600219.1	NP_112546.1, XP_006500509.1
OG0011427	XP_006083118.1	NP_034352.1
OG0011428	XP_023600210.1, XP_006083116.1	XP_006499974.1, NP_001020747.2
OG0011429	XP_006083315.1	NP_034706.3, XP_036014540.1
OG0011430	XP_023600148.1	XP_036018457.1, NP_542125.3
OG0011431	XP_023617883.1	NP_031763.2
OG0011432	XP_006091319.1	XP_006498111.1, NP_766443.2
OG0011433	XP_023615379.1	NP_001357771.1
OG0011434	XP_006098456.1	NP_795954.2
OG0011435	XP_014316375.1	NP_001407274.1
OG0011436	XP_014316534.1	NP_084301.2, XP_017168385.1
OG0011437	XP_023618887.1	NP_001074902.2
OG0011438	XP_006109914.2	NP_112456.2
OG0011439	XP_006082432.2	NP_001034799.1
OG0011440	XP_023615663.1	XP_036020292.1, NP_001108135.1
OG0011441	XP_023618900.1	NP_001289891.1
OG0011442	XP_023618918.1	NP_080876.1
OG0011443	XP_023616161.1	NP_775620.2, XP_006496091.1
OG0011444	XP_023616177.1	NP_001038978.3, XP_006496385.1
OG0011445	XP_006082488.1	NP_001070871.1
OG0011446	XP_006082812.2	XP_006496032.1, NP_035910.1
OG0011447	XP_006082514.1	NP_073558.2, NP_001036124.1
OG0011448	XP_023616573.1	XP_011236775.1, NP_644676.1
OG0011449	XP_006082533.1	NP_001297571.1
OG0011450	XP_006082547.1	XP_006496126.1, NP_796138.2
OG0011451	XP_014317997.1	XP_006495955.1
OG0011452	XP_006082587.1	NP_067288.2
OG0011453	XP_006082597.1	NP_919314.2, XP_006496542.1
OG0011454	XP_006082611.1	XP_006496570.1
OG0011455	XP_014318506.1	XP_036020902.1, NP_898843.1
OG0011456	XP_006082627.1	NP_001001565.1, NP_001001566.1
OG0011458	XP_023615530.1	NP_001001883.1
OG0011459	XP_023615019.1	NP_001158154.1
OG0011460	XP_006082536.1	NP_031407.2
OG0011461	XP_006082590.1	NP_077226.2, XP_036021544.1
OG0011462	XP_006094907.1	NP_031825.2
OG0011464	XP_006094387.1	NP_001277198.1
OG0011465	XP_014318234.1	NP_001005520.2
OG0011466	XP_023604012.1	XP_011246247.1
OG0011467	XP_023604013.1	NP_780652.2, NP_001406522.1
OG0011468	XP_006107204.1	NP_080956.1
OG0011469	XP_023603656.1	XP_006529597.1
OG0011470	XP_006094892.1	NP_849205.1
OG0011471	XP_006094893.1	NP_001181954.1
OG0011472	XP_023614763.1	XP_011246354.1, NP_062751.2
OG0011473	XP_006102851.1	NP_001074496.2, XP_017175995.1
OG0011474	XP_014301097.2	NP_038863.1, XP_017174940.1
OG0011475	XP_006103256.1	NP_033087.2
OG0011476	XP_006094389.2	NP_001344403.1
OG0011477	XP_014305787.1, XP_014316024.1	NP_001334139.1
OG0011478	XP_023614364.1, XP_023605199.1	XP_006497242.1, NP_941055.1
OG0011479	XP_014302467.1	NP_899198.1, XP_006496762.1
OG0011480	XP_023600771.1	NP_034763.3
OG0011481	XP_023600365.1	NP_001074773.1, XP_030109280.1
OG0011482	XP_006103330.1	NP_766433.2
OG0011483	XP_006103328.1	XP_006496770.1, NP_032937.1
OG0011484	XP_023600360.1	NP_001028211.1
OG0011485	XP_023600350.1	NP_001292605.1
OG0011486	XP_006096974.1	XP_006496699.1, NP_031675.1
OG0011487	XP_023616469.1	XP_006496947.1, NP_001334115.1
OG0011488	XP_006096970.1	NP_034068.3, XP_036013272.1
OG0011489	XP_023616490.1, XP_006096964.1	NP_033943.2
OG0011490	XP_023616475.1	NP_001399744.1, NP_001399743.1
OG0011491	XP_023616476.1	NP_035595.2
OG0011494	XP_023613174.1	NP_001341422.1
OG0011497	XP_006088654.2	XP_011246175.1
OG0011498	XP_023609467.1	NP_033919.1
OG0011499	XP_023609458.1	XP_006528733.1
OG0011500	XP_023609507.1	XP_030107130.1, NP_035432.3
OG0011501	XP_006088594.1	NP_683747.1
OG0011502	XP_023607088.1	NP_035207.1
OG0011503	XP_023607080.1	NP_001087219.1, XP_011246114.1
OG0011504	XP_023611176.1	NP_780437.1, XP_006527771.1
OG0011505	XP_014318471.1	XP_011245731.2
OG0011506	XP_006097247.1	NP_613072.1
OG0011507	XP_006097263.1	NP_001277503.1
OG0011508	XP_023616702.1	NP_613069.3
OG0011509	XP_014317594.1	NP_058043.3
OG0011510	XP_006082990.1	NP_997516.1, XP_006528400.1
OG0011511	XP_014322098.1	NP_001074752.1
OG0011512	XP_014321038.1	NP_666347.2
OG0011513	XP_006082923.1	XP_006528338.1
OG0011514	XP_023620516.1	XP_011245807.1, NP_780567.1
OG0011515	XP_006082870.1	NP_001074018.1
OG0011516	XP_006082867.1	XP_006528469.1, NP_853557.1
OG0011517	XP_014307640.1	XP_006528644.1, NP_766081.1
OG0011518	XP_023614571.1	NP_075759.3
OG0011519	XP_023614539.1	XP_011246038.1
OG0011520	XP_014314926.1	NP_997508.1
OG0011521	XP_014314853.2	XP_006529064.1, NP_001345521.1
OG0011522	XP_023613112.1	NP_598751.3
OG0011523	XP_023613084.1	XP_006541475.1, NP_001357872.1
OG0011524	XP_006082243.1	NP_001078966.1
OG0011525	XP_006082226.1	NP_080849.1, XP_006541457.1
OG0011526	XP_006082217.1	NP_598451.1
OG0011527	XP_006082186.1	NP_001300678.1
OG0011528	XP_006082163.1	NP_775552.1
OG0011529	XP_006082152.1	NP_598490.1
OG0011530	XP_006082143.1	XP_006541498.1
OG0011531	XP_023613644.1	NP_001277397.1, NP_001070670.1
OG0011532	XP_006082141.1	NP_032176.2, XP_011249280.1
OG0011533	XP_023612907.1	NP_001349814.1
OG0011534	XP_014310433.2	NP_032058.2, XP_006527879.1
OG0011535	XP_014310427.2, XP_014310428.1	NP_001074823.2
OG0011536	XP_006087860.1	XP_011245825.1, NP_059065.2
OG0011537	XP_006087763.1	NP_082909.1
OG0011538	XP_006087754.1	NP_001413247.1
OG0011539	XP_023608769.1	XP_006527922.1, NP_032504.3
OG0011540	XP_023608750.1	XP_030107118.1, NP_032909.2
OG0011541	XP_006087706.1	NP_001300654.1, NP_001366110.1
OG0011542	XP_023619698.1	NP_808372.1
OG0011543	XP_006109942.2	XP_006528238.1, NP_065646.1
OG0011544	XP_023613238.1	NP_109613.1
OG0011546	XP_006097752.1	NP_808350.1
OG0011547	XP_006096715.1	NP_001405753.1
OG0011549	XP_014310245.1	NP_666643.1, NP_001012269.2
OG0011550	XP_014316089.1	NP_064316.1
OG0011551	XP_023608735.1	NP_076015.2
OG0011552	XP_023611846.1, XP_014313467.1, XP_023611847.1	NP_001297542.1
OG0011553	XP_014301151.2	NP_075662.2
OG0011554	XP_006088730.3	NP_001136388.1, XP_036010914.1
OG0011555	XP_006094647.1	NP_667051.1, NP_064685.2
OG0011556	XP_023611570.1	NP_035066.1
OG0011558	XP_006100389.1	NP_898920.3, XP_006531466.1
OG0011559	XP_006096362.1	XP_030110604.1, XP_036018565.1, NP_083963.1
OG0011560	XP_006101056.1, XP_023620312.1	NP_001292193.1
OG0011566	XP_023603260.1	NP_001034215.1
OG0011567	XP_023604069.1	NP_877957.1
OG0011569	XP_006101125.3	NP_032048.1
OG0011571	XP_023611090.1, XP_006090576.1, XP_006090574.1, XP_006109516.2, XP_006090577.1	NP_996905.1
OG0011572	XP_006085111.1	NP_997414.2
OG0011572	XP_006108828.1	XP_006515205.1
OG0011581	XP_023607677.1	NP_034553.2
OG0011582	XP_006084318.1	NP_034005.2
OG0011583	XP_006098451.1, XP_014306407.2	NP_034964.1
OG0011585	XP_023600117.1	NP_077789.1
OG0011586	XP_006093283.1	XP_006495554.1
OG0011588	XP_023612172.1	NP_085099.2
OG0011589	XP_006109626.1	NP_033934.2
OG0011590	XP_014310917.2	NP_032124.1
OG0011591	XP_023603048.1	NP_112455.2
OG0011592	XP_014310152.1	NP_031928.2
OG0011593	XP_006103639.1	NP_034391.1
OG0011595	XP_006094107.1	NP_032347.1
OG0011596	XP_023616167.1	NP_109629.1
OG0011597	XP_023603237.1	NP_001106801.1
OG0011598	XP_006095419.1	NP_001411857.1
OG0011599	XP_014316253.1	NP_032855.2, XP_006509911.1
OG0011600	XP_014305475.1	NP_035724.2
OG0011601	XP_006105322.1	NP_031768.2
OG0011602	XP_014322903.1	NP_001153054.1
OG0011603	XP_006097731.1	NP_038629.2
OG0011604	XP_023600542.1	NP_058601.2
OG0011605	XP_014314680.1	XP_030099918.1, NP_034417.1
OG0011606	XP_006087883.1	NP_082559.1
OG0011608	XP_006095704.1	NP_034453.1
OG0011610	XP_006101573.1	NP_031672.2
OG0011611	XP_006083164.1	NP_031415.2
OG0011612	XP_006082697.1	NP_032827.1
OG0011613	XP_014302419.1	NP_683749.1
OG0011614	XP_006097044.1	XP_006518783.1, NP_032990.1
OG0011615	XP_023612836.1	NP_033761.2, NP_001167640.1
OG0011616	XP_006089694.1	NP_033757.1
OG0011618	XP_023619154.1	NP_001192250.1
OG0011619	XP_023608099.1	XP_006526967.1
OG0011620	XP_023606503.1	XP_006505185.1, NP_899131.1
OG0011621	XP_006101313.1	NP_001161980.1
OG0011622	XP_006091430.1	XP_006498924.1, NP_038627.1
OG0011623	XP_006097501.1	NP_031446.2
OG0011624	XP_006086049.1	NP_032034.1
OG0011625	XP_006100205.1	NP_034099.2, XP_006532190.1
OG0011626	XP_014305579.1, XP_006094116.1	NP_077205.3
OG0011627	XP_023607666.1	NP_081487.1
OG0011628	XP_006081679.1	NP_080104.2
OG0011629	XP_006094000.1	NP_079967.1
OG0011630	XP_006092487.1	NP_038503.4, XP_006532105.1
OG0011631	XP_006086434.1	NP_082449.1
OG0011632	XP_006107233.1	NP_666144.3
OG0011633	XP_014321451.2	NP_032964.1
OG0011634	XP_014310876.1	NP_038588.2
OG0011635	XP_006081721.1	NP_032392.1
OG0011636	XP_006084851.1	NP_033241.1, NP_001404404.1
OG0011637	XP_006100505.1	NP_079944.1
OG0011638	XP_006096536.1	NP_077133.1, XP_036014136.1
OG0011639	XP_023618130.1	NP_001277556.1
OG0011640	XP_006094155.1	NP_032715.2
OG0011641	XP_006089931.1	NP_035328.2
OG0011642	XP_023618418.1	NP_001399626.1
OG0011643	XP_006109771.1	NP_056594.2
OG0011644	XP_006084390.1	NP_033775.1
OG0011645	XP_006102909.2	NP_035459.1
OG0011646	XP_006098793.1	NP_036018.1, XP_006538475.4
OG0011648	XP_023605631.1	NP_084247.1
OG0011649	XP_006098107.1	NP_001366177.1
OG0011650	XP_006098745.1	NP_899080.2, NP_115930.1
OG0011651	XP_023601832.1	NP_573517.1
OG0011653	XP_014302937.1	NP_665827.2
OG0011654	XP_023620005.1	NP_783576.2
OG0011655	XP_006087937.1	NP_034123.1
OG0011657	XP_006082623.1	NP_034173.1
OG0011658	XP_006081477.1	NP_032334.2
OG0011659	XP_006082348.1	NP_001346046.1
OG0011660	XP_014318116.1	NP_001177373.1
OG0011661	XP_023611180.1	NP_991338.1
OG0011662	XP_006105826.1	NP_032962.1
OG0011663	XP_014319394.2	NP_034359.2
OG0011664	XP_006101886.1	NP_038619.2
OG0011665	XP_006094975.1	NP_001036071.1
OG0011666	XP_014305587.2	NP_114079.1
OG0011667	XP_006107026.1	NP_001351434.1
OG0011668	XP_006095299.1	NP_765983.1, NP_001033797.1
OG0011670	XP_006094020.1	NP_001390070.1
OG0011672	XP_006107095.1	NP_001400133.1
OG0011673	XP_014320060.1	XP_030110371.1, NP_660261.1
OG0011674	XP_014303090.2	NP_033092.3
OG0011675	XP_006084588.1	NP_034333.1
OG0011676	XP_006081612.1	NP_033842.3
OG0011677	XP_023619667.1	NP_032104.2
OG0011678	XP_006090578.1, XP_006094833.1	NP_996911.1
OG0011679	XP_023603239.1	NP_997125.2
OG0011680	XP_006106955.1	NP_033206.2
OG0011681	XP_014312290.1	NP_001407313.1
OG0011682	XP_006107518.1	NP_001365948.1
OG0011683	XP_023612557.1	XP_036012271.1
OG0011684	XP_023610121.1	NP_001034211.1
OG0011685	XP_006100953.2	NP_001333597.1, NP_038787.1
OG0011686	XP_006090918.1	NP_064363.2
OG0011687	XP_006109931.2	NP_109602.2
OG0011688	XP_023605606.1	NP_001035988.1
OG0011689	NP_001276820.1	NP_032779.2
OG0011690	XP_023599292.1	NP_062361.1
OG0011691	XP_023600238.1	XP_006497725.1
OG0011692	XP_014308699.1	NP_001094934.1
OG0011693	XP_023613517.1	NP_001138905.1
OG0011694	XP_006097913.1	XP_006501933.3
OG0011695	XP_006093303.1	NP_001074959.1
OG0011696	XP_006089192.2	NP_001396400.1, NP_001316789.1
OG0011697	XP_006099855.2	NP_081928.2
OG0011698	XP_006089894.1	NP_001414166.1
OG0011699	XP_014311346.2	NP_001157833.1
OG0011700	XP_014313186.1	NP_796085.3, XP_006519190.1
OG0011702	XP_014306673.1, XP_014316103.1	NP_076274.1
OG0011703	XP_006088086.1	NP_035803.1, XP_006537848.1
OG0011704	NP_001278255.1	NP_570947.2
OG0011705	XP_023619155.1	XP_011236945.1
OG0011707	XP_023616172.1	NP_032738.1
OG0011708	XP_006102846.2	NP_598570.1
OG0011709	XP_014312931.1	NP_001153841.1
OG0011710	XP_006103540.1	XP_006507808.1
OG0011711	XP_006109696.2	NP_001399939.1
OG0011712	XP_006095757.1	NP_064340.1
OG0011713	XP_006097205.1	NP_663603.3
OG0011714	XP_014302683.1	XP_006529171.1, NP_033921.3
OG0011715	XP_006099942.1	NP_001346112.1, NP_083643.1
OG0011716	XP_006106278.1	NP_032897.2
OG0011717	XP_006095516.1	NP_775567.2
OG0011718	XP_006106851.1	NP_035711.2
OG0011720	XP_006089034.1	NP_035403.1
OG0011721	XP_006084569.1	NP_001008499.1
OG0011722	XP_006086834.1	NP_001342657.1
OG0011723	XP_023616445.1, XP_006096908.1	NP_058543.2
OG0011724	XP_023607842.1	NP_780584.2
OG0011725	XP_006086149.1	XP_006502296.1, NP_083606.2
OG0011726	XP_006091176.1	NP_001407194.1
OG0011727	XP_006085701.1	NP_038840.2
OG0011728	XP_006105653.1	NP_598911.1
OG0011729	XP_006097104.1	NP_001185927.1
OG0011730	XP_006100820.1	NP_036101.1
OG0011731	XP_006102212.1	XP_011248064.1, NP_067263.1
OG0011732	XP_006091378.1	NP_038521.1
OG0011733	XP_006087781.1	XP_006528324.1
OG0011734	XP_014304587.1	NP_081696.1
OG0011736	XP_023602733.1	NP_062811.1
OG0011738	XP_023615267.1	NP_080665.1
OG0011739	XP_023617398.1	XP_006501198.1
OG0011740	XP_014320049.1	NP_666067.1
OG0011741	XP_014321609.1	NP_001139132.1, XP_011236866.1
OG0011742	XP_023607352.1, XP_006084671.1	NP_079850.1
OG0011744	XP_006094430.1	NP_001400590.1
OG0011745	XP_006096863.1	NP_062726.3
OG0011746	XP_006107094.1	NP_038711.2
OG0011747	XP_006081428.1	NP_081868.1
OG0011748	XP_006107487.2	NP_987103.1
OG0011749	XP_006108308.1	NP_038695.1
OG0011750	XP_006109072.1	NP_598538.1
OG0011751	XP_006097354.1	NP_058677.1
OG0011752	XP_006103078.1	NP_059095.1
OG0011753	XP_006094409.1	NP_444418.1
OG0011754	XP_006101220.1	NP_001346078.1
OG0011755	XP_006085965.1	NP_033048.2
OG0011756	XP_006108918.1	NP_067399.2
OG0011757	XP_006094743.1	NP_032631.3, XP_017168649.1
OG0011758	XP_014322068.1	XP_006524644.1, NP_001030057.1
OG0011759	XP_006090007.1	NP_034454.2
OG0011760	XP_023603203.1	NP_035536.2, XP_006523995.1
OG0011761	XP_006090119.1	NP_033785.1
OG0011762	XP_023612779.1, XP_006106050.1	NP_001342592.1
OG0011763	XP_014312152.1	NP_996780.2
OG0011764	XP_023615425.1	NP_067366.1
OG0011765	XP_023617858.1	NP_079759.2
OG0011766	XP_006098712.1	NP_062419.2
OG0011767	XP_006105379.1	NP_031681.2
OG0011768	XP_006097874.1	XP_036019055.1, NP_058595.2
OG0011769	XP_006084051.1	XP_006514055.1, NP_077755.1
OG0011770	XP_006101896.1	NP_444474.1
OG0011771	XP_023608007.1	NP_001030023.1
OG0011772	XP_006095766.2	NP_032501.2
OG0011773	XP_006095761.1	NP_997650.1
OG0011774	XP_006100892.1	NP_766534.1
OG0011775	XP_023602362.1	NP_001003934.1
OG0011778	XP_006094702.1	NP_667031.2
OG0011779	XP_006108794.1, XP_006089737.1	NP_035113.1
OG0011783	XP_006094700.2	NP_667285.2
OG0011785	XP_014312900.1	NP_001171421.1
OG0011787	XP_023608363.1	NP_001351948.1
OG0011788	XP_014304157.1, XP_023603261.1	NP_079646.1
OG0011790	XP_014303899.1	NP_001357740.1
OG0011791	XP_023609789.1	NP_001387161.1
OG0011792	XP_006084486.1	NP_443734.2
OG0011793	XP_014307348.1	XP_036011557.1, NP_034958.2
OG0011794	XP_023609941.1	NP_722481.1
OG0011795	XP_006109482.1	XP_006541118.1, NP_001034131.2
OG0011797	XP_006098736.1	XP_036009319.1, NP_081491.2
OG0011798	XP_023606031.1	NP_001295256.1
OG0011799	XP_006097461.1	NP_001129653.1, XP_006526580.1
OG0011800	XP_023616944.1	XP_006526569.1
OG0011801	XP_006090864.1	NP_032108.1
OG0011802	XP_014313116.1	NP_001361158.1
OG0011803	XP_023611400.1	NP_001074769.1
OG0011804	XP_014313095.1	NP_001357848.1
OG0011805	XP_006090847.1	NP_001354894.1
OG0011806	XP_006087231.1	NP_033216.2
OG0011807	XP_023608418.1	NP_081810.1
OG0011808	XP_023604852.1, XP_006087246.1	NP_001032371.1
OG0011809	XP_014309893.2	XP_036017204.1
OG0011810	XP_006087192.1	XP_030106227.1, NP_033208.2
OG0011811	XP_023606030.1	NP_034347.2
OG0011812	XP_023606006.1	NP_001185843.1
OG0011813	XP_006084506.1	NP_001334295.1
OG0011814	XP_006084563.1	NP_839989.2
OG0011815	XP_006084483.1	NP_071315.1
OG0011816	XP_006084480.1	XP_036011625.1
OG0011817	XP_006084470.1	NP_032729.1
OG0011818	XP_006084468.1	NP_079694.2, NP_001392764.1
OG0011819	XP_023605950.1	XP_006512736.1
OG0011820	XP_006084459.1	NP_852135.1, XP_006512839.1
OG0011821	XP_023605862.1	NP_001120825.3, XP_017169364.1
OG0011823	XP_023609921.1	NP_001333679.1
OG0011824	XP_023599411.1	NP_001357921.1
OG0011825	XP_023613948.1	XP_030100858.1, NP_766134.1
OG0011826	XP_006093937.1	NP_666186.1
OG0011827	XP_006093936.1	NP_001095030.1
OG0011828	XP_023613977.1	NP_001344813.1
OG0011829	XP_014301611.2	NP_038699.2
OG0011830	XP_006106067.1	NP_035525.1
OG0011831	XP_023620560.1	NP_001334473.1
OG0011832	XP_014322111.1	NP_598875.2
OG0011833	XP_023602570.1	XP_006524988.1, NP_780382.2
OG0011834	XP_006089257.1	NP_694711.1
OG0011835	XP_006089285.1	NP_062734.1
OG0011836	XP_006089289.1	NP_065586.3
OG0011837	XP_006089297.1	NP_001346293.1
OG0011838	XP_006103555.1	XP_006512886.1, NP_080074.1
OG0011839	XP_014322431.2	XP_006517171.1, NP_032317.2
OG0011840	XP_006100072.1	NP_081611.1
OG0011841	XP_006100081.1	NP_081118.4
OG0011842	XP_006100083.1	NP_932121.2
OG0011843	XP_006086890.1	NP_803155.1
OG0011844	XP_023608169.1	NP_032163.3
OG0011845	XP_006086885.1	NP_766616.2, XP_011245558.1
OG0011846	XP_006086876.1	NP_080396.2
OG0011847	XP_023608104.1	NP_777282.1, XP_036017587.1
OG0011848	XP_006086911.1	NP_080464.1
OG0011849	XP_023620349.1	NP_778178.3
OG0011850	XP_023614200.1	NP_080226.1
OG0011851	XP_006094200.1	NP_038782.1
OG0011852	XP_023614209.1	NP_001349060.1
OG0011853	XP_023602774.1	NP_033295.2
OG0011854	XP_014301133.2	NP_083555.1
OG0011856	XP_023601935.1	NP_001288710.1
OG0011857	XP_023601518.1	NP_035208.2
OG0011858	XP_023600474.1	NP_035718.2
OG0011859	XP_006103428.1	NP_033538.2
OG0011860	XP_023600476.1	NP_001074536.1
OG0011861	XP_006098944.3	NP_766596.1
OG0011864	XP_006109431.1	NP_001408642.1
OG0011866	XP_006107337.1	NP_081479.1
OG0011870	XP_023605016.1	NP_080971.2
OG0011875	XP_006106874.2	NP_001276765.1
OG0011876	XP_023603785.1	NP_001036120.1
OG0011877	XP_006107348.2, XP_014309200.1	XP_017167855.1
OG0011878	XP_023603993.1	NP_001070732.1
OG0011879	XP_006107535.1	NP_001390379.1
OG0011880	XP_006108670.3, XP_006107537.1	NP_001344599.1
OG0011881	XP_006109490.1	XP_006540655.1
OG0011882	XP_023604489.1	XP_006541079.2
OG0011885	XP_006096596.1	NP_001405377.1
OG0011886	XP_006109197.1	NP_598592.2
OG0011887	XP_006109958.1	NP_032744.1
OG0011888	XP_006109437.2, XP_023602638.1	NP_941015.2
OG0011889	XP_006108435.1	NP_033428.1
OG0011890	XP_023603022.1	NP_035513.1, XP_006539757.1
OG0011892	XP_023603024.1	NP_034188.2
OG0011893	XP_006107288.1	NP_038676.1
OG0011894	XP_014304700.1	NP_665821.1
OG0011895	XP_023604438.1	NP_758483.1
OG0011896	XP_006106189.1	XP_006540413.2
OG0011897	XP_006106192.1	NP_071854.2
OG0011898	XP_006106195.1	XP_006540290.1, NP_062623.2
OG0011899	XP_023604793.1	NP_075713.3
OG0011900	XP_006108547.1	XP_006539550.1, NP_291079.2
OG0011902	XP_023599359.1	NP_694752.1
OG0011903	XP_006103654.1	NP_001153872.1
OG0011904	XP_006102702.1	NP_613052.1
OG0011905	XP_014323465.1	NP_083047.1
OG0011906	XP_023599726.1	NP_062267.2
OG0011907	XP_006096792.1	NP_001028487.2, XP_011248824.1
OG0011908	XP_014318124.1	NP_780316.3
OG0011909	XP_023616337.1	NP_031892.2
OG0011910	XP_023616352.1	NP_001182020.1, XP_006539498.1
OG0011911	XP_023616335.1	NP_001104277.1
OG0011912	XP_023616294.1	NP_032305.2
OG0011913	XP_023616334.1	NP_033135.2, XP_036008707.1
OG0011914	XP_006096725.1	XP_030097822.1
OG0011916	XP_006098689.1	XP_006539551.1, NP_033925.2
OG0011917	XP_023618123.1	XP_036009090.1, NP_001276746.1
OG0011918	XP_023618118.1	NP_932144.2
OG0011919	XP_023618158.1	NP_035957.2
OG0011920	XP_023618128.1	XP_036009152.1, NP_062332.2
OG0011921	XP_014319744.1	XP_011248910.1
OG0011922	XP_006098716.1	XP_011249036.1
OG0011923	XP_023618133.1	NP_081091.1
OG0011924	XP_006098757.1	NP_035810.1
OG0011925	XP_023615636.1	NP_149071.2
OG0011926	XP_006096052.1	NP_665839.1
OG0011927	XP_014306449.1	NP_079986.1
OG0011928	XP_006090852.1	NP_001395255.1
OG0011929	XP_014318720.1	NP_001028452.1
OG0011930	XP_014304083.1	NP_033163.1
OG0011931	XP_006094300.2	NP_877584.2
OG0011932	XP_006107677.1	XP_006538690.1, NP_032752.1
OG0011933	XP_023619661.1	NP_062374.2
OG0011934	XP_006100334.1	NP_680779.4
OG0011935	XP_023614345.1	XP_036018461.1
OG0011936	XP_023614348.1	NP_032871.3
OG0011937	XP_023614320.1	NP_031895.1, NP_001177746.1
OG0011938	XP_023614322.1	XP_006497436.2
OG0011939	XP_023614339.1	XP_036018525.1
OG0011940	XP_006086731.1	XP_006526377.1
OG0011941	XP_006086709.1	NP_080433.1, NP_001347937.1
OG0011942	XP_006093776.1	NP_075605.1
OG0011943	XP_006093790.1	NP_032651.2
OG0011944	XP_006093792.1	NP_001408022.1
OG0011945	XP_006093796.1	NP_033131.2
OG0011946	XP_006098280.1	NP_077147.2
OG0011947	XP_023618294.1	NP_056580.2
OG0011948	XP_006098909.1	NP_808315.1
OG0011949	XP_006098284.2	NP_083080.1
OG0011950	XP_023614165.1	NP_077170.2
OG0011951	XP_006088467.1	NP_079556.1
OG0011952	XP_023609344.1	NP_056607.1
OG0011953	XP_006088488.1	NP_062645.2
OG0011954	XP_006088500.1	NP_081276.2
OG0011955	XP_006088501.1	XP_011242555.1
OG0011956	XP_006086578.3	NP_081498.2
OG0011957	XP_023607934.1	NP_001369349.1
OG0011958	XP_006086546.1	NP_080740.2
OG0011959	XP_006086499.2	NP_001292909.1
OG0011960	XP_023607762.1	NP_059074.2
OG0011961	XP_023607784.1	NP_001028598.1
OG0011962	XP_006086459.1	NP_001395138.1
OG0011963	XP_023607769.1	XP_006526173.1
OG0011964	XP_006105684.1	NP_766182.2
OG0011965	XP_006105682.2	NP_032273.1
OG0011966	XP_006081490.1	NP_848798.1
OG0011967	XP_023607589.1	XP_006517824.4
OG0011968	XP_023607076.1	NP_001005868.1
OG0011969	XP_006081467.1	NP_001348467.1
OG0011970	XP_014307848.1	NP_080155.3
OG0011971	XP_006081439.1	NP_034004.2
OG0011972	XP_023608182.1	NP_084302.1
OG0011973	XP_006081412.1	NP_038760.3
OG0011974	XP_006081393.1	NP_001395613.1
OG0011975	XP_023606507.1	NP_034552.1
OG0011976	XP_006098765.1, XP_006105249.1	NP_033116.2
OG0011977	XP_006105248.1	NP_080728.1
OG0011978	XP_014304082.1	NP_705727.1
OG0011979	XP_006106335.1	XP_017168114.1
OG0011981	XP_006103124.1	NP_036066.2
OG0011982	XP_014300989.1	NP_035380.3
OG0011983	XP_023602288.1	NP_766501.2
OG0011984	XP_014304424.1	XP_011246862.1
OG0011985	XP_014303087.1	NP_082283.2
OG0011986	XP_006094296.1	NP_001078960.1
OG0011987	XP_023614292.1	XP_017175994.1
OG0011988	XP_014316000.1	NP_080717.2
OG0011989	XP_014323752.2	XP_006539179.1
OG0011990	XP_014323726.1	XP_006539354.1
OG0011991	XP_006102963.1	NP_034816.1
OG0011992	XP_023616736.1	NP_663368.3
OG0011993	XP_023616756.1	NP_765988.2
OG0011994	XP_006097362.1	NP_766464.1
OG0011995	XP_006097360.1	NP_035980.1
OG0011996	XP_006097363.1	NP_061224.2
OG0011997	XP_023616733.1	NP_001388200.1
OG0011998	XP_006102023.1	NP_542126.1
OG0011999	XP_014322827.1	NP_808534.1
OG0012000	XP_006102028.1	NP_062524.2
OG0012001	XP_006109656.2	NP_083376.2
OG0012002	XP_023599204.1	XP_036019960.1
OG0012003	XP_006102044.1	NP_081056.1
OG0012004	XP_006104171.1, XP_006107740.1	NP_001013778.1
OG0012005	XP_006107820.2	XP_011248629.1, NP_080576.1
OG0012006	XP_006094066.1	NP_081156.2, XP_036020293.1
OG0012007	XP_006094065.1	NP_082452.1
OG0012008	XP_023614125.1	NP_032894.2
OG0012009	XP_023600975.1	NP_035190.3
OG0012010	XP_006104009.1	NP_035189.1
OG0012011	XP_006107375.1	XP_006539299.1
OG0012012	XP_014303318.1, XP_006107380.2	NP_079659.1
OG0012013	XP_014302505.1	XP_006539132.1
OG0012014	XP_023601687.1	NP_001365755.1
OG0012015	XP_023601672.1	NP_001028322.1
OG0012016	XP_023601708.1	NP_666099.2
OG0012017	XP_023602140.1, XP_014302986.1	XP_036020329.1
OG0012019	XP_006104587.1	NP_081332.1, XP_006539217.1
OG0012020	XP_006103781.1	NP_001076811.1
OG0012021	XP_006103780.1	NP_082149.1
OG0012022	XP_023601801.1	NP_062755.1
OG0012023	XP_006104981.1	NP_001020467.1, NP_034174.2
OG0012024	XP_006104980.2	NP_001074743.1
OG0012025	XP_006109712.3	NP_035151.1, XP_006517630.1
OG0012027	XP_014304024.2	NP_034965.2
OG0012028	XP_006081226.1	NP_001103485.1
OG0012029	XP_014319545.1	NP_080441.1
OG0012030	XP_023604907.1	NP_032575.2
OG0012031	XP_006081248.1	NP_080526.2
OG0012032	XP_023605697.1	XP_006517525.3
OG0012033	XP_023605729.1	XP_036014072.1
OG0012034	XP_006081277.1	NP_612185.1
OG0012035	XP_023605847.1	XP_011242797.1
OG0012036	XP_023606940.1	XP_006517353.1, NP_001139351.1
OG0012037	XP_014306524.1	NP_034959.2
OG0012038	XP_006081333.1	NP_001157099.1
OG0012039	XP_023606151.1	NP_766176.1
OG0012040	XP_006081337.1	XP_006517773.1, NP_001156417.1
OG0012041	XP_014306834.1	NP_001348466.1
OG0012042	XP_014306870.1	NP_067285.2
OG0012044	XP_006081367.1	NP_079906.2
OG0012045	XP_023608132.1	NP_034299.2
OG0012046	XP_006081370.1	NP_034300.3
OG0012047	XP_014309275.2	XP_030103201.1, NP_001357857.1
OG0012048	XP_023604617.1	NP_705806.1
OG0012049	XP_006107140.1	NP_001380595.1
OG0012050	XP_023604001.1	NP_766330.2
OG0012051	XP_006108820.1, XP_023602632.1	NP_758514.2
OG0012052	XP_023600992.1	NP_444310.3
OG0012053	XP_006104037.2	NP_001029049.2
OG0012054	XP_006104040.2	NP_964001.2
OG0012055	XP_006102882.1	NP_001074814.2
OG0012056	XP_006106780.1	NP_075820.1
OG0012057	XP_023603234.1, XP_006108679.1	NP_835171.2
OG0012058	XP_006108501.1	NP_766599.2
OG0012060	XP_023602698.1	XP_011249086.1
OG0012061	XP_023603624.1	NP_663350.2
OG0012064	XP_014307188.1	NP_062660.1
OG0012065	XP_006108667.1	NP_083849.1
OG0012067	XP_023601163.1	NP_001230052.1
OG0012069	XP_023614861.1	NP_067391.3
OG0012070	XP_014322396.1	NP_001411529.1
OG0012071	XP_014317996.1	XP_006504113.1
OG0012072	XP_006107887.2	XP_036021288.1
OG0012073	XP_006088556.1	NP_058066.2
OG0012074	XP_006088565.1	NP_112457.1, XP_006504267.1
OG0012075	XP_006088568.2	NP_001408138.1
OG0012076	XP_023609436.1	XP_017176698.1, NP_001357743.1
OG0012077	XP_023609425.1	NP_001297540.1
OG0012078	XP_006088584.1	XP_036021100.1, NP_795980.2
OG0012079	XP_023613489.1	NP_001350277.1
OG0012080	XP_006093331.2	NP_766078.1
OG0012081	XP_006093332.1	XP_006504028.1
OG0012082	XP_023613498.1	NP_001366160.1
OG0012083	XP_023613509.1	NP_598672.1
OG0012084	XP_006108541.2	NP_705797.1
OG0012086	XP_006081369.1	NP_001074628.1
OG0012088	XP_006093322.1	NP_653100.1
OG0012089	XP_006107357.1	NP_663394.1
OG0012090	XP_006100025.1	NP_033849.3
OG0012091	XP_023619496.1	NP_570948.1
OG0012092	XP_023617222.1	NP_001277609.1
OG0012094	XP_006101023.3	NP_064300.2, XP_036012630.1
OG0012095	XP_023600319.1	NP_076357.2, XP_006516673.1
OG0012096	XP_006107957.1	XP_006516627.1
OG0012097	XP_014302321.1	NP_001158070.1
OG0012098	XP_006108565.3, XP_023601522.1	NP_001350429.1
OG0012099	XP_006106294.1	NP_079912.1
OG0012100	XP_006106293.1	NP_001074806.1
OG0012101	XP_023602485.1	NP_941034.2
OG0012102	XP_023604772.1	XP_006531467.1, NP_076198.2
OG0012103	XP_006104802.1	NP_758492.2
OG0012104	XP_014319938.1	NP_001334120.1
OG0012105	XP_006103095.1	NP_077206.3
OG0012106	XP_006103091.1	NP_848736.2
OG0012107	XP_014312198.2	XP_006514339.1, NP_001104591.1
OG0012108	XP_006089775.1	NP_001346247.1
OG0012109	XP_023610380.1	NP_001005419.2
OG0012110	XP_006109802.1	NP_058560.1
OG0012111	XP_014303001.1	XP_006513930.1
OG0012112	XP_006105392.1	NP_444413.1
OG0012113	XP_006100026.1	XP_011241862.1, NP_932113.2
OG0012115	XP_023619354.1	NP_038639.2
OG0012116	XP_006100009.3	NP_079549.1
OG0012117	XP_006090357.1	NP_083359.1
OG0012118	XP_023610897.1	NP_001361685.1
OG0012119	XP_006090336.1	NP_035089.1
OG0012120	XP_006090330.1	NP_001303300.1
OG0012121	XP_023610876.1	NP_083974.1
OG0012122	XP_006090317.1	NP_001361686.1
OG0012123	XP_014312607.1	XP_036014801.1
OG0012124	XP_014312601.1	NP_001297360.1
OG0012125	XP_023610844.1	XP_006519097.1
OG0012126	XP_014312596.1	NP_034941.2
OG0012127	XP_006090309.1	NP_082704.1
OG0012128	XP_006090308.1	NP_079642.1
OG0012129	XP_023610911.1	XP_006519739.1, NP_082551.1
OG0012130	XP_006100907.1	NP_598845.1, XP_030103456.1
OG0012131	XP_023620295.1	NP_997112.1
OG0012132	XP_023620293.1	XP_006519199.1, NP_808484.2
OG0012133	XP_006100161.1	NP_001004436.2
OG0012134	XP_023619484.1	NP_694767.3
OG0012135	XP_014320992.1	NP_899032.2, XP_006519275.1
OG0012136	XP_023609626.1	NP_001395574.1
OG0012137	XP_014312684.1	NP_001347643.1
OG0012138	XP_006081652.1	XP_006517515.1, NP_848484.2
OG0012139	XP_006107382.1	NP_038670.1
OG0012140	XP_014321820.1	NP_032031.1
OG0012141	XP_006101018.1	XP_017170240.1
OG0012142	XP_006101020.1	NP_034826.2
OG0012143	XP_023599253.1	XP_030101614.1, NP_740749.1
OG0012144	XP_023615838.1	XP_006533350.1
OG0012145	XP_014319695.1	NP_795973.2, XP_017170095.1
OG0012146	XP_006089133.1	NP_001333689.1
OG0012147	XP_014311693.1	NP_082461.1
OG0012148	XP_006089137.3	NP_001074438.1
OG0012149	XP_023609867.1	XP_006532454.1, NP_598950.2
OG0012150	XP_006089172.1	NP_694719.2
OG0012151	XP_006089186.1	NP_001103681.1, NP_038500.2
OG0012152	XP_023609893.1	XP_006525531.1
OG0012153	XP_006104540.1	NP_001390238.1
OG0012154	XP_006104546.1	NP_840061.1
OG0012155	XP_023616992.1	NP_849259.2
OG0012156	XP_006097493.1	NP_067271.1
OG0012157	XP_006097495.1	NP_001157963.1
OG0012159	XP_023603195.1	NP_035017.2
OG0012160	XP_006108774.3	NP_001028400.2
OG0012161	XP_006103102.1	NP_598819.2
OG0012162	XP_023599943.1	NP_067434.3
OG0012163	XP_023599944.1, XP_023604999.1	XP_006517781.1
OG0012164	XP_006095449.1	NP_034460.3
OG0012165	XP_006095448.1	NP_067531.1
OG0012166	XP_006095446.1	NP_032028.1
OG0012167	XP_023602918.1	NP_001159535.1
OG0012168	XP_006090219.1	NP_796329.2
OG0012169	XP_006090216.1	NP_001230766.1, XP_030104134.1
OG0012170	XP_014312537.1	XP_006520066.1, NP_084444.3
OG0012171	XP_023610772.1	NP_001078879.1
OG0012172	XP_006090224.1	NP_080672.3
OG0012173	XP_006109851.1	NP_032563.2
OG0012174	XP_023599946.1	XP_006520120.1
OG0012175	XP_023599945.1	NP_766546.1
OG0012176	XP_023599248.1	NP_035542.2
OG0012177	XP_023608755.1	NP_808265.2
OG0012178	XP_023617842.1	NP_666826.1
OG0012179	XP_023618750.1	NP_001359483.1
OG0012180	XP_006102679.2	NP_665689.1
OG0012181	XP_023602913.1	NP_808447.2, XP_006533546.1
OG0012182	XP_023617829.1	XP_006510654.1, NP_001106794.1
OG0012183	XP_014319426.1	NP_835214.2
OG0012184	XP_023617795.1	XP_030100601.1, NP_075766.1
OG0012185	XP_006098936.1	NP_001355774.1
OG0012186	XP_014319923.1	NP_001392026.1
OG0012187	XP_006098932.1	NP_038828.2
OG0012188	XP_006098931.1	XP_006510505.1
OG0012189	XP_023599018.1	NP_038960.2
OG0012190	XP_014322638.1	NP_001139432.1
OG0012191	XP_023599027.1	NP_065264.2
OG0012192	XP_014304289.1	NP_035864.2
OG0012193	XP_023604499.1	XP_017168808.1
OG0012194	XP_023602083.1	NP_081420.2
OG0012195	XP_023603509.1	NP_573489.2
OG0012196	XP_023602949.1	NP_082165.1
OG0012197	XP_023602955.1	NP_001346188.1
OG0012198	XP_006106425.1	NP_038579.2
OG0012199	XP_006106411.1	NP_033502.2
OG0012200	XP_006108731.1	NP_663378.1
OG0012202	XP_006103009.1	NP_031494.2
OG0012203	XP_006103008.1	NP_035882.1
OG0012204	XP_023613685.1	NP_077195.2
OG0012205	XP_006093584.1	NP_064670.1
OG0012206	XP_023613697.1	NP_001363880.1
OG0012208	XP_006099377.1	NP_035266.1
OG0012209	XP_014322282.1	NP_084212.2, XP_006510747.1
OG0012210	XP_014322283.2	NP_997610.1
OG0012211	XP_006103618.1	NP_001074621.1
OG0012212	XP_006103616.2	NP_780771.1
OG0012213	XP_006098899.1	NP_001391965.1
OG0012214	XP_006093578.1	NP_082200.1
OG0012215	XP_023613695.1	XP_030099868.1
OG0012216	XP_006094736.1	XP_030100571.1
OG0012217	XP_006094731.1	NP_032637.3
OG0012218	XP_006094730.1	NP_001297646.1
OG0012219	XP_006094741.1	NP_950182.1
OG0012220	XP_023614612.1	XP_006509925.1
OG0012221	XP_023614611.1	XP_006509912.1
OG0012222	XP_006100711.2	XP_006534549.1, NP_084208.1
OG0012223	XP_023619994.1	XP_006532997.1
OG0012224	XP_014321586.1	XP_036012633.1, NP_808444.1
OG0012225	XP_006100721.2	XP_006533630.1
OG0012226	XP_014321591.1	NP_080835.1
OG0012227	XP_023599826.1	NP_062273.2
OG0012228	XP_006102801.1	NP_001076800.1
OG0012229	XP_006102807.1	XP_006532981.1
OG0012230	XP_006102821.1	NP_077173.1
OG0012231	XP_006105539.2	NP_061210.2
OG0012232	XP_023602294.1	NP_080293.1
OG0012233	XP_006105538.1	NP_062723.1
OG0012234	XP_023602301.1	XP_036012737.1
OG0012235	XP_006105552.1	NP_694783.1
OG0012237	XP_023602297.1	XP_011247023.1
OG0012238	XP_006105570.1	NP_001277987.1
OG0012239	XP_006105574.1	NP_033261.1
OG0012240	XP_023599718.1	NP_001406856.1
OG0012241	XP_006102675.1	NP_001038990.1, XP_011247375.1
OG0012242	XP_006102642.3	NP_080191.3
OG0012243	XP_006102677.1	NP_034729.3
OG0012244	XP_006102650.1	NP_001019377.1
OG0012245	XP_006102654.1	NP_035916.2
OG0012246	XP_014323449.1	NP_001272370.1
OG0012247	XP_014301907.1	NP_061238.1
OG0012248	XP_006099784.1	NP_001013031.2
OG0012249	XP_006099802.1	XP_006533682.1, NP_001402693.1
OG0012250	XP_014303269.1, XP_014305998.2	NP_942561.1
OG0012251	XP_006101464.2	XP_006534396.1
OG0012252	XP_023620629.1	XP_017169845.1
OG0012253	XP_014322218.1	NP_081474.1
OG0012254	XP_023620626.1	XP_030101968.1
OG0012255	XP_014303330.1	NP_001346059.1
OG0012257	XP_023600836.1	NP_071292.1
OG0012258	XP_023600841.1	NP_001395816.1
OG0012259	XP_006104931.1	NP_033052.1
OG0012261	XP_006107278.3	NP_079570.1
OG0012262	XP_014312257.2	XP_036020022.1
OG0012263	XP_006089852.1	NP_001391715.1, XP_006502919.1
OG0012264	XP_006089840.1	NP_898845.1
OG0012265	XP_023610467.1	XP_006503184.1, NP_038873.2
OG0012266	XP_006089824.1	NP_038941.1
OG0012267	XP_023610425.1	NP_766284.2
OG0012268	XP_023610416.1	NP_001116424.1
OG0012269	XP_006100090.1	XP_006503471.1
OG0012270	XP_023619414.1	NP_001334088.1
OG0012271	XP_006087415.1	NP_079776.1
OG0012272	XP_006087412.1	NP_083841.4
OG0012273	XP_006087398.1	NP_082631.1
OG0012274	XP_006087392.1	NP_034079.2
OG0012275	XP_006087393.1	NP_083030.1
OG0012276	XP_023608444.1	XP_006503039.1, NP_001161408.2
OG0012277	XP_006087391.1	NP_001241683.1, NP_081004.2
OG0012278	XP_023604152.1	XP_030109548.1
OG0012279	XP_006107719.1	XP_030109373.1, NP_848814.3
OG0012280	XP_006109172.3	XP_036019573.1, NP_001408102.1
OG0012282	XP_023604625.1	XP_030109754.1
OG0012285	XP_023604629.1	NP_780496.2
OG0012286	XP_006107270.1	XP_011248597.1, NP_001028661.2
OG0012288	XP_006106522.1	NP_766293.2
OG0012289	XP_023603052.1	NP_766292.2
OG0012291	XP_006105348.1	XP_006539148.1
OG0012292	XP_023602770.1	XP_011246811.1
OG0012293	XP_023602744.1	NP_001297590.1
OG0012294	XP_006097428.1	NP_031688.2
OG0012295	XP_006097409.1	NP_033828.2
OG0012296	XP_023616826.1	NP_722470.2
OG0012297	XP_023616845.1	NP_619597.2
OG0012298	XP_006097395.1	NP_031634.2
OG0012299	XP_023616871.1	NP_065630.1
OG0012300	XP_023616863.1	NP_001401852.1
OG0012301	XP_006087063.1	XP_006530998.1
OG0012302	XP_023608326.1	XP_006531208.3
OG0012303	XP_006087143.1	XP_011246731.1, NP_001029152.2
OG0012304	XP_023608315.1	XP_006530908.1
OG0012305	XP_006087084.1	NP_075884.1
OG0012306	XP_006087146.1	XP_006531527.1, NP_083704.1
OG0012307	XP_014309791.1	NP_067416.2
OG0012308	XP_006087087.1	NP_080924.1
OG0012309	XP_006087101.1	NP_032316.2
OG0012310	XP_006087125.1	NP_001124340.1
OG0012311	XP_006087127.1	NP_065609.2
OG0012312	XP_006091288.1	NP_835187.2
OG0012313	XP_023611867.1	NP_001355244.1
OG0012314	XP_006091273.1	NP_598734.1
OG0012315	XP_006091269.1	XP_006530981.1, NP_666328.2
OG0012316	XP_006091253.1	NP_033807.2
OG0012317	XP_023611794.1	NP_853522.2, NP_001273383.1, NP_001034789.2, XP_017168310.1
OG0012318	XP_006091228.1	NP_080553.1
OG0012319	XP_006091218.1	NP_001357994.1
OG0012320	XP_006099521.1	NP_035031.2
OG0012321	XP_023618884.1	NP_001390999.1
OG0012322	XP_014320450.1	NP_778189.1
OG0012323	XP_023618823.1	NP_001344262.1, XP_017168231.1
OG0012324	XP_006099470.1	NP_032315.2
OG0012325	XP_023618868.1	XP_011246701.1
OG0012326	XP_023618881.1	NP_001074801.1
OG0012327	XP_006099467.1	NP_001164259.1
OG0012328	XP_006099471.1	NP_001365935.1
OG0012329	XP_023618865.1	NP_808456.1
OG0012330	XP_014320465.1	NP_071704.3
OG0012331	XP_006103903.1	NP_080033.3
OG0012332	XP_014312229.1	NP_932154.1
OG0012333	XP_006097403.1	XP_036009870.1, NP_665833.4
OG0012334	XP_023620226.1	NP_780649.1
OG0012336	XP_006104989.1	NP_035577.1, XP_036016319.1
OG0012337	XP_006093231.1	NP_001005477.1
OG0012339	XP_006100978.1	NP_034153.2
OG0012340	XP_014321766.2	NP_898972.1
OG0012341	XP_023620241.1	XP_006524012.1, NP_001073398.2
OG0012342	XP_023601814.1	XP_006524491.1, NP_808490.1
OG0012343	XP_023607576.1	NP_780385.1
OG0012344	XP_023609176.1	NP_081192.2, NP_001346237.1
OG0012345	XP_023609214.1	XP_036020874.1, NP_766097.1
OG0012346	XP_006088291.1	XP_006504447.1
OG0012347	XP_014310865.1	NP_064406.1
OG0012348	XP_014310867.1	NP_291039.1
OG0012349	XP_023609184.1	XP_036020724.1
OG0012350	XP_006088301.1	NP_034033.1
OG0012351	XP_023609234.1	XP_030110611.1
OG0012352	XP_006088313.2	XP_036020581.1
OG0012353	XP_006088352.1, XP_023604741.1	XP_036020878.1
OG0012354	XP_023609190.1	NP_598675.2
OG0012355	XP_006088323.1	NP_082167.2
OG0012356	XP_006088325.1	NP_001346343.1
OG0012357	XP_006088322.1	NP_035423.2
OG0012358	XP_014310887.1	NP_001289867.1
OG0012359	XP_014308922.1	NP_035871.2, XP_036020893.1
OG0012360	XP_006081078.1	NP_001412719.1
OG0012361	XP_023614015.1	NP_666276.1
OG0012362	XP_023609825.1	NP_081984.1
OG0012363	XP_006081086.1	NP_001290195.1
OG0012364	XP_006081090.1	XP_017176362.1
OG0012365	XP_014303147.1	XP_030110658.1
OG0012366	XP_023615519.1	NP_067367.3, XP_006504614.1
OG0012367	XP_014309825.1	XP_006504947.1
OG0012368	XP_023604752.1	XP_006504802.1
OG0012369	XP_014306029.1	XP_030110765.1
OG0012372	XP_023605081.1	NP_080545.2
OG0012374	XP_023602654.1	NP_080646.1
OG0012375	XP_014303552.1	XP_006507602.1
OG0012376	XP_023600552.1	NP_001408690.1
OG0012377	XP_014301407.2	NP_001334581.1
OG0012378	XP_006103534.1	NP_001291195.1
OG0012379	XP_006103527.1	NP_075692.1
OG0012380	XP_014301371.2	NP_653105.3
OG0012382	XP_014301188.1	XP_006507264.1
OG0012383	XP_014301198.1	NP_001157247.1
OG0012384	XP_006103395.1	NP_001357694.1
OG0012385	XP_023600414.1	NP_081160.1
OG0012387	XP_006103372.2	NP_083696.2
OG0012388	XP_006103371.1	NP_780312.1
OG0012389	XP_006105448.1	NP_062712.1
OG0012390	XP_023602204.1	NP_612183.1, XP_036008620.1
OG0012391	XP_023602998.1	XP_017167830.1
OG0012392	XP_006109423.3, XP_023602347.1	NP_997122.1
OG0012393	XP_006085935.1	NP_001390011.1
OG0012394	XP_006085934.1	NP_062303.2
OG0012395	XP_023607333.1	NP_001074707.1
OG0012396	XP_023607327.1	NP_083034.1
OG0012397	XP_014302994.1	NP_031698.2
OG0012398	XP_023620602.1	NP_001357810.1, XP_036009123.1
OG0012399	XP_023620600.1	NP_001158052.1
OG0012400	XP_006101419.1	NP_082361.2
OG0012401	XP_023620604.1	NP_057878.1
OG0012402	XP_023600151.1	NP_081974.3
OG0012404	XP_014302479.1	NP_001361534.1
OG0012405	XP_006104781.1	NP_082091.4, XP_006508275.1
OG0012406	XP_023609174.1	NP_892040.1
OG0012407	XP_023609173.1	NP_001390574.1
OG0012408	XP_014322535.1	NP_001389724.1
OG0012409	XP_014322537.1, XP_006105271.1	NP_291042.2
OG0012410	XP_006105273.2	XP_011244355.1
OG0012411	XP_006105277.1	NP_001034610.1
OG0012412	XP_023602053.1	NP_083037.1
OG0012413	XP_014301609.1	XP_006522171.1
OG0012414	XP_006096413.2	NP_083858.1
OG0012415	XP_023615994.1	XP_006522723.1
OG0012416	XP_014317761.1	NP_001289547.1
OG0012417	XP_006096398.1	NP_036085.1
OG0012418	XP_006109991.2	NP_001073282.1
OG0012419	XP_023610999.1	NP_082577.2, XP_006522671.1
OG0012420	XP_014312757.1	NP_001365941.1
OG0012421	XP_006090467.2	NP_663334.1, XP_030104875.1
OG0012422	XP_023611082.1	NP_080669.1
OG0012423	XP_014312776.1	NP_079847.1
OG0012424	XP_006090494.2	NP_080784.1
OG0012425	XP_023603366.1	XP_006524968.4, NP_598492.2
OG0012426	XP_006100994.2	NP_035192.2
OG0012427	XP_014321814.1	XP_036016505.1, NP_766523.2
OG0012428	XP_006101009.1	NP_001396761.1
OG0012429	XP_006100975.1	NP_001288713.1
OG0012430	XP_014321803.1	NP_783613.1
OG0012431	XP_006100966.1	NP_001273649.1
OG0012432	XP_006100957.1	NP_080481.1
OG0012433	XP_006100945.1	NP_036086.1
OG0012434	XP_006100930.1	NP_001001183.1
OG0012435	XP_006103704.1	NP_001159401.1, XP_017173031.1
OG0012436	XP_014301543.1	NP_082377.3
OG0012437	XP_023600692.1	NP_001157238.1
OG0012438	XP_014301558.1	NP_666111.1
OG0012439	XP_023600705.1	XP_036016651.1
OG0012441	XP_014304680.1	NP_084369.2
OG0012442	XP_006092617.1	NP_001034577.1
OG0012443	XP_006083644.1	NP_080395.1
OG0012444	XP_023612846.1	NP_001039272.1
OG0012445	XP_006092637.1	NP_034490.1
OG0012446	XP_006092649.1	NP_032622.1
OG0012447	XP_023612864.1	NP_080474.2
OG0012448	XP_006092675.1	NP_035634.1
OG0012449	XP_014314536.1	NP_080121.1
OG0012450	XP_006092697.1	NP_001157039.1, XP_036019034.1
OG0012451	XP_006092680.1	NP_001365916.1
OG0012452	XP_006105132.1	NP_034152.2
OG0012453	XP_006105135.1	XP_006502203.1
OG0012454	XP_006105138.1	NP_075734.3, XP_036018753.1
OG0012455	XP_023604916.1, XP_014304695.2	NP_808332.3
OG0012456	XP_006106018.3	XP_006501794.1
OG0012457	XP_014303931.1	NP_663369.2
OG0012458	XP_023617614.1	NP_032155.1
OG0012459	XP_006093264.1	NP_038895.1
OG0012460	XP_014315042.1	NP_001108137.1
OG0012461	XP_006093263.1	NP_080382.2
OG0012462	XP_006093262.1	NP_083152.1
OG0012463	XP_023613434.1	NP_080338.1
OG0012464	XP_023613422.1	XP_006534839.1
OG0012465	XP_006093239.1	NP_001365195.1
OG0012466	XP_006093238.2	NP_001001804.2
OG0012467	XP_014315634.1	NP_001342163.1
OG0012468	XP_006093978.1	NP_848812.1
OG0012469	XP_023607506.1	XP_017175068.1, NP_766452.2
OG0012470	XP_023607567.1	NP_080932.2
OG0012471	XP_006086206.1	XP_036019195.1
OG0012472	XP_014309048.1	NP_573485.2
OG0012473	XP_014309040.2	XP_006501723.1
OG0012474	XP_006086165.1	NP_573510.2
OG0012475	XP_023607579.1	XP_011238417.1
OG0012476	XP_006086160.1	NP_036158.3
OG0012477	XP_006086159.1	XP_006501282.1
OG0012478	XP_023607578.1	NP_114076.2
OG0012479	XP_006099300.1	NP_666065.1
OG0012480	XP_023618650.1	NP_001366460.2
OG0012481	XP_023614789.1	NP_444325.3
OG0012482	XP_006089056.1	NP_001028334.1
OG0012483	XP_006106401.1	NP_112466.1
OG0012485	XP_023615075.1	XP_011238431.1, NP_036118.2
OG0012486	XP_006089069.1	NP_075630.2
OG0012487	XP_006091735.2	NP_853543.1
OG0012488	XP_023602935.1	NP_001138327.1
OG0012489	XP_006106390.1	NP_663485.1
OG0012490	XP_014306156.2	NP_722469.1
OG0012491	XP_014306770.1	XP_006529432.1
OG0012492	XP_014306559.2	NP_598425.2
OG0012494	XP_023604439.1, XP_006109374.2	XP_006529895.1
OG0012495	XP_023601840.1	XP_006529779.1
OG0012497	XP_023614755.1	NP_032577.1
OG0012499	XP_006089987.1	NP_032085.1
OG0012500	XP_006089953.1	NP_081171.1
OG0012501	XP_023610533.1	NP_067396.3
OG0012502	XP_014321634.1, XP_006098311.1	NP_001074705.1
OG0012503	XP_023609783.1	NP_001344454.1
OG0012504	XP_006089055.1	NP_001392438.1
OG0012505	XP_014311577.1	NP_780669.1
OG0012506	XP_023610495.1	NP_001333046.1
OG0012507	XP_006089921.1	NP_081152.2
OG0012508	XP_023609797.1	NP_001128213.1
OG0012509	XP_006088999.2	NP_036061.1
OG0012510	XP_006088996.1	NP_079750.1
OG0012511	XP_006088989.1	NP_038890.3, XP_006496938.1
OG0012513	XP_014311506.1	NP_796230.1, NP_031479.1
OG0012514	XP_014311508.1	NP_001182118.1
OG0012515	XP_006097817.1	NP_001137428.1
OG0012516	XP_023617416.1	XP_006496972.2
OG0012517	XP_006099674.1	NP_473428.1, NP_001263384.1
OG0012518	XP_006099654.1	NP_035934.1
OG0012519	XP_023601662.1	NP_062318.2, XP_036008326.1
OG0012520	XP_014302499.1	XP_006496891.1
OG0012521	XP_023599920.1	NP_001344319.1
OG0012522	XP_006102889.1	NP_035915.3, XP_006496881.1
OG0012523	XP_006104729.1	NP_058085.2, XP_036008205.1
OG0012524	XP_023600792.1	NP_848768.1, NP_001404405.1
OG0012525	XP_023600796.1	XP_017175608.1
OG0012526	XP_006109158.3, XP_023603838.1	NP_031441.2
OG0012527	XP_006103298.1, XP_023604006.1	NP_573488.2
OG0012528	XP_006107634.1	NP_666055.1
OG0012529	XP_014302783.2	NP_001363968.1
OG0012530	XP_006105167.1	NP_663489.4
OG0012531	XP_006107404.1	NP_780336.1
OG0012532	XP_023601974.1	NP_775554.2
OG0012533	XP_006109623.1	XP_036018813.1, NP_057910.3
OG0012534	XP_023617297.1	NP_766114.1
OG0012535	XP_006097856.1	NP_033966.1
OG0012536	XP_006097858.1	NP_064387.1
OG0012537	XP_014319031.1	NP_277068.1
OG0012538	XP_014319057.1	NP_031738.2
OG0012539	XP_023617330.1	NP_001344296.2
OG0012540	XP_006097910.2	XP_006501676.1
OG0012541	XP_014316627.1	XP_030108249.1, NP_033732.2
OG0012543	XP_023615074.1	XP_017175032.1
OG0012544	XP_006095207.1	NP_598615.1
OG0012545	XP_023606566.1	XP_030106421.1, NP_001094508.1
OG0012546	XP_014308053.1	XP_036016986.1
OG0012548	XP_023606568.1, XP_006108439.1	NP_001390829.1
OG0012549	XP_006085216.1	NP_067423.2
OG0012550	XP_023620279.1	NP_694698.3
OG0012551	XP_006091739.2	NP_081892.2
OG0012552	XP_023612188.1	NP_997506.1
OG0012553	XP_023612185.1	NP_001351902.1
OG0012554	XP_023612171.1	NP_031909.2
OG0012555	XP_006108388.1	NP_951010.1
OG0012556	XP_006104516.1	NP_997413.2
OG0012557	XP_023604690.1	XP_030106474.1
OG0012558	XP_023601494.1	XP_006526404.1, NP_083899.1
OG0012559	XP_023601488.1	XP_017173356.1
OG0012560	XP_023601483.1	XP_006526114.1
OG0012561	XP_023601489.1, XP_023604620.1	NP_001139759.1
OG0012562	XP_006097452.1	XP_006526131.1, NP_001077097.1
OG0012563	XP_006107723.3	NP_569716.2
OG0012564	XP_006102208.1	NP_031619.3
OG0012565	XP_006089317.1	NP_083163.3
OG0012566	XP_023610009.1	XP_006524912.1
OG0012567	XP_006089342.1	NP_082664.1
OG0012568	XP_006089352.1	XP_017172989.1
OG0012569	XP_006089354.1	XP_036017093.1, NP_573500.2
OG0012570	XP_006089355.1	NP_001406305.1
OG0012571	XP_006089359.1	XP_011245209.1
OG0012572	XP_006096084.1	NP_783575.2, XP_017170513.1
OG0012573	XP_006098508.1	NP_001288356.1
OG0012574	XP_006100598.1	NP_808288.2
OG0012575	XP_014320977.1	NP_032634.3
OG0012576	XP_006100142.1	NP_542764.2
OG0012577	XP_006100120.1	NP_075679.2
OG0012579	XP_023619447.1	NP_031481.2
OG0012580	XP_006102319.1	NP_035319.1
OG0012581	XP_006102305.1	NP_001240817.1
OG0012582	XP_006102289.1	NP_080679.3
OG0012583	XP_006102281.1	NP_076188.3
OG0012584	XP_023607304.1	NP_659037.2
OG0012585	XP_023607315.1	XP_036013597.1
OG0012586	XP_023607241.1	XP_036013330.1
OG0012587	XP_006085903.1	NP_079732.1
OG0012588	XP_006085941.2	NP_035037.2
OG0012589	XP_006085883.1	NP_663417.1, XP_006515736.1
OG0012590	XP_014308730.2	XP_017170673.1, NP_001299573.1
OG0012591	XP_023618675.1	NP_001028328.2
OG0012592	XP_023611359.1	XP_006516083.1
OG0012593	XP_014313088.1	NP_849243.2
OG0012594	XP_006090813.1	NP_001180195.2
OG0012595	XP_006087870.1	XP_017170423.1, NP_081545.3
OG0012596	XP_023608932.1	NP_839984.1
OG0012597	XP_014310465.1	XP_011242459.1, NP_079717.2
OG0012598	XP_023619632.1	NP_001129031.1, XP_006515698.1
OG0012599	XP_014321133.1	NP_899117.1, XP_017170692.1
OG0012600	XP_014321115.1	NP_001390761.1
OG0012601	XP_006100289.1	NP_001392290.1
OG0012602	XP_006100288.1	NP_082615.1
OG0012603	XP_014318302.1	NP_032721.2
OG0012604	XP_006097042.1	NP_081794.2, XP_006519607.1
OG0012605	XP_023616499.1	XP_036014450.1
OG0012606	XP_006097021.1	NP_001346970.1
OG0012607	XP_023616535.1	XP_006519690.1
OG0012608	XP_006097012.1	NP_001347461.1
OG0012609	XP_014320562.1	NP_001156850.1
OG0012610	XP_006099637.1	NP_083503.1
OG0012611	XP_014320555.2	NP_001177395.1
OG0012612	XP_006096105.1	NP_035514.1
OG0012613	XP_006096102.1	NP_035512.1
OG0012614	XP_006096095.1	NP_083856.1
OG0012615	XP_006096090.1	NP_848479.1
OG0012616	XP_006096087.1	NP_766393.2
OG0012617	XP_023611582.1	NP_598811.3
OG0012618	XP_006091054.1	XP_006516160.1, NP_062525.1
OG0012619	XP_014313255.1	NP_083345.1
OG0012620	XP_006091053.1	NP_076210.1, XP_030102816.1
OG0012621	XP_006091061.1	XP_030102381.1, NP_084264.1
OG0012622	XP_023611619.1	NP_084293.1
OG0012623	XP_023611625.1	XP_030102481.1
OG0012624	XP_014313310.1	NP_796241.3
OG0012625	XP_006091078.1	XP_006516097.1, NP_080520.2
OG0012626	XP_006091092.2, XP_023611648.1	NP_001171032.1
OG0012627	XP_023611655.1	XP_017170611.1
OG0012628	XP_023617127.1	XP_006515747.1
OG0012629	XP_006097650.1	XP_011242435.1
OG0012630	XP_023617128.1	NP_001254554.1
OG0012631	XP_006097667.1	NP_001129547.1
OG0012632	XP_006097686.1	NP_766168.1
OG0012633	XP_006097712.1	NP_598803.1, XP_036013042.1
OG0012634	XP_006097710.1	NP_001392261.1
OG0012635	XP_006098496.1, XP_006108714.1	NP_663420.1
OG0012636	XP_023617946.1	XP_006516052.1
OG0012637	XP_006098481.1	XP_006515772.1, NP_663422.1
OG0012638	XP_023617945.1	NP_036064.3
OG0012639	XP_006087059.1	NP_001277217.1
OG0012640	XP_006087034.1	NP_113568.2
OG0012641	XP_006101735.1	NP_084448.1
OG0012642	XP_006109762.1	NP_080957.2
OG0012643	XP_023602621.1	NP_083256.2, XP_006516371.1
OG0012644	XP_006107201.3	XP_006516221.1, NP_001153382.1
OG0012645	XP_023600201.1	XP_006515533.1
OG0012646	XP_014301032.1	NP_851845.1
OG0012647	XP_006103168.1	NP_001012310.2, XP_011242283.1
OG0012648	XP_006100582.1	NP_081890.1
OG0012649	XP_023619862.1	NP_036103.1
OG0012650	XP_023602911.1	NP_001361650.1
OG0012652	XP_023619189.1	NP_951014.1
OG0012653	XP_023608304.1	NP_001277231.1, XP_036013232.1
OG0012655	XP_006092421.1	NP_034605.1, XP_006532360.1
OG0012656	XP_014302940.1	NP_722502.1
OG0012657	XP_023599964.1	XP_006533512.1, NP_001291368.1
OG0012658	XP_023604119.1	NP_001289885.1
OG0012659	XP_023601722.1	XP_006497869.1, NP_033142.2
OG0012660	XP_006103241.1	NP_780399.1, NP_001277481.1
OG0012661	XP_006108135.1	NP_081027.1
OG0012662	XP_006092357.1	NP_077769.4, XP_006534439.1
OG0012663	XP_023614809.1	XP_017169791.1, NP_001167570.1
OG0012664	XP_006100825.1, XP_006108625.1	NP_082432.2
OG0012665	XP_006098984.1	NP_032292.3, XP_006532343.1
OG0012666	XP_023615363.1	XP_036012480.1, NP_001028438.1
OG0012667	XP_006095632.1	NP_899109.2
OG0012669	XP_006106689.1	NP_071297.1, NP_001033788.1
OG0012670	XP_023603184.1	XP_011247520.1
OG0012671	XP_023604982.1, XP_014306286.1	NP_082021.1
OG0012673	XP_006108012.1	NP_077191.2
OG0012675	XP_006109297.1	NP_081480.2
OG0012676	XP_006108176.1	NP_079836.1
OG0012677	XP_023604521.1	NP_001181952.1
OG0012680	XP_023604611.1	NP_083174.2
OG0012682	XP_006108759.1	NP_031651.2
OG0012683	XP_006108225.2	XP_036012322.1, NP_035280.1
OG0012684	XP_014305622.2	NP_001350087.1
OG0012685	XP_023603995.1	XP_030101765.1
OG0012687	XP_006107069.1	NP_001350292.1
OG0012688	XP_023603316.1	NP_776116.2
OG0012689	XP_023603314.1	XP_011247257.1, NP_001028439.2
OG0012690	XP_006107235.2	NP_001392072.1
OG0012691	XP_023603675.1	NP_001349767.1
OG0012692	XP_014304643.1	NP_079552.3, XP_036012216.1
OG0012693	XP_014301297.1	NP_001192010.1
OG0012694	XP_014301325.1	NP_065229.2
OG0012695	XP_014301300.1	XP_006534333.1, NP_082290.2
OG0012696	XP_006109996.1	NP_079581.1
OG0012697	XP_006107612.1	NP_001028565.1
OG0012698	XP_006092490.1	NP_031608.1
OG0012699	XP_014314376.1	NP_938040.1
OG0012700	XP_023612750.1	NP_079757.2
OG0012701	XP_006092507.1	NP_056625.2
OG0012702	XP_006092514.1	NP_076402.1
OG0012703	XP_006092530.2	XP_036012949.1, NP_083621.1
OG0012704	XP_014314188.1	NP_766156.2
OG0012705	XP_006092239.1	NP_001106176.1
OG0012706	XP_006092211.1	NP_081359.1, NP_001343401.1
OG0012707	XP_014314207.1	NP_032766.2
OG0012708	XP_006092259.1	NP_001076004.1, NP_950184.2
OG0012709	XP_014302899.1	NP_001390541.1
OG0012710	XP_006106152.1	XP_030101431.1
OG0012711	XP_023612727.1	XP_006533751.1
OG0012712	XP_023612625.1	NP_001392161.1
OG0012713	XP_006092346.2	NP_665828.1
OG0012714	XP_006092355.1	NP_083563.1
OG0012715	XP_006092360.1	XP_006532521.1
OG0012716	XP_006092370.1, XP_006088588.1	NP_659080.2
OG0012717	XP_006109804.3	NP_033838.1
OG0012719	XP_023612648.1, XP_006092383.1	NP_081596.1
OG0012720	XP_023612653.1	XP_017170022.1, NP_849263.1
OG0012721	XP_006092406.1	NP_001271340.1
OG0012722	XP_006092411.1	NP_080777.1
OG0012723	XP_006092427.2	NP_998824.1
OG0012724	XP_006092462.1	NP_083194.2
OG0012725	XP_023612693.1	NP_001390532.1
OG0012726	XP_014314341.1	NP_034053.2
OG0012727	XP_006092463.1	NP_001186225.1
OG0012728	XP_006100885.2	NP_034647.1, XP_030101458.1
OG0012729	XP_006100882.1	NP_082998.2
OG0012730	XP_006100883.1	NP_663409.2
OG0012731	XP_006100873.1	NP_033465.1
OG0012732	XP_006100837.1	NP_001073587.1
OG0012733	XP_006100834.1	NP_082425.1, XP_006534361.1
OG0012734	XP_023620136.1	XP_006532154.1
OG0012735	XP_006100828.1	NP_001074904.1
OG0012736	XP_023620127.1	NP_080462.2
OG0012737	XP_006099022.3	XP_006533088.1, NP_001074689.1
OG0012738	XP_023618353.1	XP_006534571.1
OG0012739	XP_014319979.1	NP_766387.2, XP_017170020.1
OG0012740	XP_014319992.1	NP_001392123.1
OG0012741	XP_006099014.1	XP_006532896.1, NP_766131.2
OG0012742	XP_006105324.2	NP_001351064.1
OG0012743	XP_006105317.1	NP_598568.1
OG0012744	XP_014323689.1	NP_082260.1
OG0012745	XP_014323668.1	NP_001350116.1
OG0012746	XP_023599954.1	XP_006534273.1
OG0012747	XP_006095637.1	NP_001344472.1
OG0012748	XP_006095641.1	NP_001390914.1
OG0012749	XP_006095695.1	NP_033572.2, XP_017169965.1
OG0012750	XP_023615391.1	NP_775550.2
OG0012751	XP_006095685.1	NP_001038992.1
OG0012752	XP_023615392.1	XP_036012127.1
OG0012753	XP_006095692.1	NP_077224.1
OG0012754	XP_023612589.1	NP_001350059.1
OG0012755	XP_006092301.1	NP_079690.2
OG0012756	XP_006092308.1	XP_030101706.1
OG0012757	XP_023612607.1	NP_062790.1, XP_006533852.1
OG0012758	XP_023600979.1	XP_006533042.1
OG0012759	XP_006104011.1	NP_033356.2
OG0012760	XP_023599175.1	NP_001039008.1, XP_011247471.1
OG0012761	XP_006101988.1	NP_663406.2
OG0012762	XP_006099925.1	NP_001391057.1
OG0012763	XP_023604133.1, XP_023599278.1	NP_082295.1, XP_036012897.1
OG0012764	XP_023599270.1	NP_954666.1
OG0012765	XP_006102122.1	NP_659075.1
OG0012766	XP_006095565.1	XP_011247072.1
OG0012767	XP_006095577.1	NP_954669.2
OG0012768	XP_006095581.1, XP_006108283.1	NP_081016.2
OG0012769	XP_006095584.1	NP_958808.1
OG0012770	XP_023615251.1	NP_001351039.1
OG0012771	XP_006095596.2	NP_033449.2
OG0012772	XP_006095600.1	NP_777277.2, XP_006533463.1
OG0012773	XP_023615320.1	NP_001004144.1
OG0012774	XP_023615260.1	XP_006533451.1
OG0012775	XP_014317095.1	XP_006533001.1
OG0012776	XP_023615290.1	XP_006533290.1
OG0012777	XP_023615262.1	NP_031780.2
OG0012778	XP_006095619.1	NP_058090.2
OG0012779	XP_006099263.1	NP_080305.2
OG0012780	XP_006099260.1	NP_796341.2
OG0012782	XP_023618603.1	NP_031899.2
OG0012783	XP_006099251.1	NP_598417.2
OG0012784	XP_023618600.1	NP_001361617.1
OG0012785	XP_006099229.1	NP_796299.2
OG0012787	XP_006099224.1	NP_001074627.1
OG0012788	XP_023603134.1	XP_006533687.1
OG0012789	XP_006105205.1	NP_659567.2
OG0012790	XP_006105207.1	NP_001363911.1
OG0012791	XP_006107004.1	XP_006532514.1, NP_032797.3
OG0012793	XP_014306907.2	NP_067368.3
OG0012797	XP_006109555.1	NP_001019787.2
OG0012798	XP_014305370.2	NP_032740.3
OG0012803	XP_006109346.3	NP_766247.2
OG0012804	XP_023601442.1	XP_006497859.1
OG0012805	XP_023602499.1	NP_001395026.1
OG0012806	XP_006105730.1	NP_659135.1
OG0012807	XP_006109769.1	NP_062655.1
OG0012808	XP_006103230.1	NP_938046.2
OG0012809	XP_023600208.1	NP_766248.3
OG0012810	XP_006103214.1	NP_031957.1
OG0012811	XP_023600245.1	NP_001032851.1, NP_079704.2
OG0012812	XP_023600264.1	XP_006497872.1
OG0012813	XP_006103204.1	NP_001008498.2
OG0012814	XP_006103203.1	NP_083199.1
OG0012815	XP_006102136.1	NP_919316.1
OG0012816	XP_014322926.2	NP_848710.1
OG0012817	XP_014322940.1	NP_001078976.1
OG0012818	XP_006096293.1	NP_058048.1
OG0012819	XP_014317666.1	XP_017174684.1
OG0012820	XP_006096310.1	NP_071705.3, NP_001156906.1
OG0012821	XP_006096327.1	NP_079868.1
OG0012822	XP_006096345.1	NP_796357.1
OG0012823	XP_014313401.1	NP_032526.2
OG0012824	XP_006091177.2	NP_001107596.1
OG0012825	XP_006093672.1	NP_081577.1
OG0012826	XP_006104601.1	NP_075967.2
OG0012827	XP_006085024.1	NP_033878.1
OG0012828	XP_023617242.1	NP_001028599.1
OG0012830	XP_006093042.1	NP_033886.2
OG0012831	XP_006093041.1	NP_079743.1
OG0012832	XP_006093026.1	NP_035995.1
OG0012833	XP_006089232.1	NP_033459.1
OG0012834	XP_023613708.1	NP_899120.2
OG0012835	XP_006093747.1	NP_056555.2
OG0012836	XP_023613712.1	NP_035973.1
OG0012837	XP_006093696.1	NP_064347.1
OG0012838	XP_006093692.1	NP_079992.1
OG0012839	XP_006093683.1	NP_058054.2
OG0012840	XP_006093673.1	NP_032947.1
OG0012842	XP_006093660.1	NP_032694.2
OG0012843	XP_006093648.1	NP_001161764.1
OG0012844	XP_006093657.1	NP_082506.1
OG0012845	XP_006093635.1	NP_001165053.1
OG0012846	XP_006093618.1	NP_082303.2
OG0012847	XP_014315385.2	NP_808283.3, XP_006513627.1
OG0012848	XP_014315376.1	NP_034139.2
OG0012849	XP_023613790.1	NP_079813.1
OG0012850	XP_006093593.1	NP_001106941.1
OG0012851	XP_023613716.1	NP_796126.4
OG0012852	XP_023619997.1	NP_081880.2
OG0012853	XP_023620002.1	NP_001103688.1
OG0012854	XP_006096909.1	NP_001074506.1
OG0012855	XP_014318218.1	NP_766610.2
OG0012856	XP_006096924.1	NP_083640.1
OG0012857	XP_023617429.1	XP_006514294.1
OG0012858	XP_023617424.1	NP_001014412.1
OG0012859	XP_014319083.1	NP_001156376.1
OG0012860	XP_006095542.1	NP_080846.1
OG0012861	XP_006106430.2	NP_068740.3
OG0012862	XP_006106432.1	NP_031718.1
OG0012863	XP_006106440.1	NP_849250.1
OG0012864	XP_006109637.1	NP_001002005.2, XP_006521202.1
OG0012865	XP_014306100.2	XP_006521018.1
OG0012866	XP_014305618.1	NP_001028446.2, XP_036015261.1
OG0012867	XP_023604343.1	XP_006520885.1
OG0012869	XP_023601555.1	NP_058539.2
OG0012870	XP_006104597.1	NP_536718.1
OG0012871	XP_014302338.1	NP_001365767.1
OG0012872	XP_023601556.1	NP_001355589.1
OG0012873	XP_023604777.1	NP_001074635.2
OG0012874	XP_023604798.1, XP_006108557.1	NP_808298.2
OG0012876	XP_023604830.1	NP_898838.2
OG0012877	XP_006107642.2	NP_848742.1
OG0012878	XP_023618021.1	XP_017172261.1, NP_083342.1
OG0012880	XP_006098575.2	NP_150087.1
OG0012881	XP_014319630.1	NP_001076005.2
OG0012882	XP_023618013.1	NP_659061.2
OG0012883	XP_006105721.1	NP_780318.1
OG0012884	XP_023602387.1	NP_001344588.1
OG0012885	XP_023604140.1	NP_083039.2
OG0012886	XP_023599556.1	NP_803412.1, XP_036015335.1
OG0012887	XP_006102479.1	NP_035567.1
OG0012888	XP_006102472.1	NP_001365917.1
OG0012889	XP_023599564.1	NP_001403052.1
OG0012890	XP_006108987.2	NP_082178.2
OG0012891	XP_006108551.1	NP_001398351.1
OG0012892	XP_006108227.1	NP_080207.1
OG0012893	XP_014303312.1	NP_031609.1, XP_006520434.1
OG0012894	XP_014312886.1	NP_663397.1
OG0012895	XP_006092788.1	NP_898995.1
OG0012896	XP_006092796.1, XP_023604817.1	NP_081699.1
OG0012897	XP_023613020.1	NP_001138670.1
OG0012898	XP_006084115.1	NP_067414.2
OG0012899	XP_006085798.1	NP_035370.2
OG0012900	XP_023607145.1	XP_006514336.1, NP_001156428.1
OG0012901	XP_023617848.1	NP_076003.3
OG0012902	XP_014321610.1	XP_006496104.1
OG0012903	XP_006102719.1	NP_082319.1
OG0012904	XP_006097798.1	XP_006496219.1
OG0012905	XP_023617240.1	NP_938045.2, XP_036020208.1
OG0012906	XP_023617237.1	NP_001357757.1
OG0012907	XP_006102857.1	NP_705722.2
OG0012908	XP_006083538.1	NP_001001806.1
OG0012909	XP_006083475.1	NP_114090.1
OG0012910	XP_006083536.1	NP_001264909.1
OG0012911	XP_006083442.1	NP_001391016.1
OG0012912	XP_023602743.1	NP_032558.2
OG0012913	XP_006083438.2	NP_032654.1
OG0012914	XP_006083437.1	NP_001074503.1
OG0012915	XP_006083414.2	NP_080803.1
OG0012916	XP_023602557.1	NP_787030.2
OG0012917	XP_014302730.1	NP_082780.1
OG0012918	XP_014302680.1	NP_001350297.1
OG0012919	XP_023602425.1	NP_080199.1
OG0012920	XP_006083527.1	NP_033070.2
OG0012921	XP_006083357.1	XP_006514891.1
OG0012922	XP_006083356.1	NP_033967.1
OG0012923	XP_023601756.1	XP_011241983.1
OG0012924	XP_014303741.2	XP_030101642.1, NP_776113.1
OG0012925	XP_014302205.2	NP_061349.3
OG0012926	XP_006093057.1	NP_034919.1
OG0012927	XP_006093050.1	NP_849240.1
OG0012928	XP_006093051.1	NP_079719.1
OG0012929	XP_023613214.1	NP_001163960.1
OG0012930	XP_014314849.1	XP_036022028.1
OG0012931	XP_014314871.1	NP_079941.1
OG0012932	XP_006093019.1	NP_035715.1
OG0012933	XP_006093016.1	NP_080099.1
OG0012934	XP_006106829.1	XP_006505949.1
OG0012935	XP_006108068.1	NP_001025185.1
OG0012936	XP_014318956.1	XP_006496354.2
OG0012937	XP_006086622.1	NP_034832.2
OG0012938	XP_006098797.1	NP_001356064.1
OG0012939	XP_006081650.1	XP_006525982.1, NP_780715.1
OG0012940	XP_023607938.1	XP_006517325.1
OG0012941	XP_006085719.1, XP_006109915.3	NP_663352.2
OG0012942	XP_014306324.1	NP_032055.1
OG0012943	XP_006102611.1	NP_038557.1, XP_036012229.1
OG0012944	XP_006102603.2	NP_001277679.1
OG0012945	XP_006107792.2	NP_001277689.1
OG0012946	XP_014323348.1	XP_006534100.1, NP_080819.2
OG0012947	XP_023599120.1	NP_775548.2, XP_036012112.1
OG0012948	XP_006081206.1	NP_001156485.1, XP_030106314.1
OG0012949	XP_006081203.1	NP_849203.2
OG0012950	XP_006081181.1	NP_001074840.2, XP_006525979.1
OG0012951	XP_014309014.1	NP_032934.1
OG0012952	XP_006081140.1	NP_034851.2
OG0012953	XP_023619526.1	XP_006532623.1
OG0012954	XP_006100208.1	NP_062290.2
OG0012955	XP_006100215.1	NP_033038.2
OG0012956	XP_023619560.1	XP_006532388.1
OG0012957	XP_023607767.1	XP_006532830.1
OG0012958	XP_006086652.1	NP_084252.1
OG0012959	XP_014309412.2	NP_780464.2
OG0012960	XP_006086639.1	NP_851795.1
OG0012961	XP_014309379.1	NP_036145.1
OG0012962	XP_006086626.1	XP_006517370.1, NP_062514.2
OG0012963	XP_006086621.1	NP_033395.1
OG0012964	XP_014309364.1	NP_001349344.2
OG0012965	XP_006086612.1	NP_001404692.1
OG0012966	XP_006086597.1	NP_848124.1
OG0012967	XP_006086593.1	NP_001074725.1
OG0012968	XP_006100313.1	NP_001165566.1
OG0012969	XP_006090749.1	NP_001106680.1
OG0012970	XP_023614675.1	NP_001342307.1
OG0012971	XP_023614674.1	NP_001392359.1
OG0012972	XP_023614686.1	NP_062408.2
OG0012973	XP_006094862.1	NP_001392353.1
OG0012974	XP_006098182.1	NP_077753.1
OG0012975	XP_006101297.2	NP_766283.2
OG0012976	XP_006098845.1	NP_067510.3
OG0012977	XP_006098844.2	NP_071641.1
OG0012978	XP_014319857.1	NP_076228.2
OG0012979	XP_006098825.1	NP_001406116.1
OG0012980	XP_006098809.1	XP_036020291.1, NP_780347.2
OG0012981	XP_006098815.2	NP_001240706.1
OG0012982	XP_023618188.1	NP_001364031.1
OG0012983	XP_023618235.1	NP_081423.1
OG0012984	XP_006109299.3, XP_006098861.1	NP_001017362.1
OG0012985	XP_006098784.1	NP_033529.3
OG0012986	XP_006098782.1	NP_001413127.1
OG0012987	XP_006102771.1	NP_001092784.1
OG0012988	XP_006102768.1	NP_001277391.1
OG0012989	XP_006102749.1	NP_056643.3
OG0012990	XP_014323533.1	XP_011248417.2
OG0012991	XP_006103287.1	NP_032808.1
OG0012992	XP_006096559.2	NP_001277404.1
OG0012993	XP_014317890.1	NP_083362.1
OG0012994	XP_006096571.2	NP_001074610.1
OG0012995	XP_023616098.1	NP_001343355.1
OG0012996	XP_006096526.1	NP_083848.1, NP_001342113.1
OG0012997	XP_006096521.1	NP_080785.2
OG0012998	XP_006088140.1	NP_001276830.1, NP_663522.2
OG0012999	XP_023609092.1	NP_659152.1
OG0013000	XP_006088108.1	NP_033741.1
OG0013001	XP_014310685.1	NP_073725.2
OG0013002	XP_006104976.2	NP_001304281.1
OG0013003	XP_023618808.1	NP_001038979.1
OG0013004	XP_023618802.1	NP_001008791.1
OG0013005	XP_006099422.1	XP_017175603.1, NP_033429.1
OG0013006	XP_006099430.2	NP_067337.1
OG0013007	XP_014313371.1	NP_001393196.1
OG0013008	XP_023611717.1	NP_001258969.1, NP_001074178.1
OG0013009	XP_006088153.1	NP_619594.1
OG0013010	XP_006093311.1	NP_001333976.1
OG0013011	XP_023611353.1	NP_995316.2
OG0013012	XP_006093277.1	NP_861418.2
OG0013013	XP_023606039.1	NP_031508.1
OG0013014	XP_023601615.1	XP_011244747.1
OG0013016	XP_006104682.1	NP_258438.1
OG0013017	XP_023601612.1	NP_085100.1
OG0013018	XP_023604239.1	NP_067312.2
OG0013019	XP_006104442.1	NP_059491.1
OG0013020	XP_006105523.1	NP_033085.2
OG0013021	XP_023602278.1	NP_080583.3
OG0013022	XP_006104774.1	NP_001028451.2
OG0013023	XP_014322082.1	XP_006524496.1
OG0013026	XP_006108973.2	NP_001107032.1, NP_079650.3
OG0013027	XP_023601220.1	NP_067307.2
OG0013028	XP_006108812.1	NP_083282.1
OG0013029	XP_006107047.1	NP_796026.2, XP_006524454.1
OG0013030	XP_014301087.1	NP_001008232.2
OG0013031	XP_014301089.1	NP_064426.2
OG0013032	XP_006107653.2	XP_017173175.1
OG0013033	XP_023602078.1	NP_064432.1
OG0013034	XP_014302925.1	NP_001091092.1
OG0013035	XP_014321462.1	NP_079887.3
OG0013036	XP_006100665.1	NP_997044.2
OG0013037	XP_006100667.1	NP_997554.2
OG0013038	XP_006100644.1	NP_001104612.1
OG0013039	XP_006100648.1	NP_109640.1
OG0013040	XP_023619109.1	NP_061375.1
OG0013041	XP_014315115.1	XP_030107786.1, NP_032589.1
OG0013042	XP_006093294.1	NP_082250.1
OG0013043	XP_014315101.1	NP_803128.1
OG0013044	XP_023611352.1	XP_006511474.1
OG0013045	XP_006090768.1	NP_036163.3, XP_006511264.1
OG0013046	XP_006090779.1	NP_598578.1
OG0013047	XP_006090781.1	NP_663367.1
OG0013048	XP_023616419.1	NP_001074549.1
OG0013049	XP_006089386.1	NP_080995.2
OG0013050	XP_023610084.1	XP_036009856.1
OG0013051	XP_023610078.1	NP_001153611.1
OG0013052	XP_023610967.1	NP_001153850.1
OG0013053	XP_006090415.1	NP_001074751.1
OG0013054	XP_023610955.1	NP_081670.1
OG0013055	XP_006095434.1	NP_035981.1
OG0013056	XP_006095422.1	NP_056639.3
OG0013057	XP_006091854.1	NP_001407795.1
OG0013058	XP_006095891.1	NP_080470.2, NP_001342441.1
OG0013059	XP_006095899.1	NP_780443.2, XP_006538403.1
OG0013060	XP_006098068.1	NP_001392858.1
OG0013061	XP_014319153.1	NP_570962.2
OG0013062	XP_006101752.1	NP_001156380.1
OG0013063	XP_006101744.1	NP_082706.1
OG0013064	XP_006101763.1	XP_006513002.1, NP_001357742.1
OG0013066	XP_023605875.1	NP_001346420.1
OG0013067	XP_006105960.2	XP_006524521.1
OG0013068	XP_006106793.1	NP_080899.1
OG0013069	XP_023610080.1	XP_006511391.1, NP_071299.3
OG0013070	XP_006095913.1	NP_001074240.1, XP_006537869.1
OG0013072	XP_023604067.1	XP_006521609.1
OG0013073	XP_023620566.1	NP_777366.1
OG0013074	XP_023600621.1	XP_006534903.1, NP_001028405.1
OG0013076	XP_023600625.1	NP_766468.1
OG0013077	XP_023614422.1	NP_082069.1
OG0013078	XP_014302012.1, XP_006109081.1	NP_775597.1
OG0013079	XP_014320921.1	NP_851834.1, NP_001258633.1
OG0013080	XP_023619392.1	NP_796125.2
OG0013081	XP_023619388.1	NP_001182677.1, XP_011243672.1
OG0013082	XP_023613563.1	XP_006520242.1
OG0013083	XP_006093419.1	NP_032783.2
OG0013085	XP_006093412.1	NP_081054.1
OG0013086	XP_006093410.1	NP_765990.2, XP_036015471.1
OG0013087	XP_023613548.1	XP_036015097.1
OG0013088	XP_023606672.1	NP_080425.3
OG0013089	XP_006085372.1	XP_011243912.1, NP_001074860.2
OG0013090	XP_006085289.1	NP_542366.1
OG0013091	XP_006085298.2	NP_001398435.1, NP_032790.3
OG0013092	XP_006085313.1	NP_032242.3
OG0013093	XP_006086387.1	NP_084010.1
OG0013094	XP_006086382.1	NP_666071.2
OG0013095	XP_023607705.1	XP_011243842.1
OG0013096	XP_006086372.1	NP_075661.1
OG0013097	XP_023613542.1	NP_598527.2
OG0013100	XP_006106380.1	NP_444298.1
OG0013101	XP_014304398.1	XP_006520478.1
OG0013108	XP_006107362.1	XP_006520857.1
OG0013109	XP_006088525.1	NP_780728.3
OG0013110	XP_006088521.1	NP_766299.1
OG0013111	XP_023609377.1	XP_011239003.1, NP_034382.2
OG0013112	XP_006101344.1	NP_001357897.1
OG0013113	XP_014322120.1	NP_058565.2
OG0013114	XP_014322121.1	NP_001074674.1
OG0013115	XP_023601249.1	NP_001177663.1
OG0013116	XP_006094025.1	NP_573555.1
OG0013117	XP_006094019.1	NP_065636.2, XP_006535225.1
OG0013118	XP_014315675.2	NP_075997.1
OG0013119	XP_014315660.1	XP_006535065.1
OG0013120	XP_006093997.1	XP_011247866.1, NP_899107.1
OG0013121	XP_014315652.1	NP_722493.2
OG0013122	XP_006109843.3	NP_062810.1, XP_006535216.1
OG0013123	XP_006095703.1	NP_766300.1
OG0013124	XP_006103631.1	XP_006534926.1
OG0013125	XP_006103035.1	NP_082370.2
OG0013126	XP_023600104.1	NP_075624.2
OG0013127	XP_006103030.1	NP_081907.1
OG0013128	XP_014316134.1	NP_690052.2
OG0013129	XP_006094466.1	NP_031858.1
OG0013130	XP_023614417.1	NP_001156928.1
OG0013131	XP_023614413.1	NP_444317.1
OG0013132	XP_006094436.1	NP_033834.1
OG0013133	XP_006098766.1	NP_444346.3
OG0013134	XP_006088858.2	NP_075945.1
OG0013135	XP_006100258.1	XP_011247205.1, NP_776146.1
OG0013136	XP_023619589.1	NP_647459.1
OG0013137	XP_023609312.1	XP_006506776.1
OG0013138	XP_006088398.1	NP_038819.1, XP_036022093.1
OG0013139	XP_006088409.1	NP_114387.1, XP_006505270.1
OG0013140	XP_006088419.2	XP_006505234.1
OG0013141	XP_023609314.1	NP_001334008.1
OG0013142	XP_023609316.1	NP_001025156.3, XP_011239372.1
OG0013143	XP_006088440.1	NP_079657.1
OG0013144	XP_014310988.1	NP_001334000.1
OG0013145	XP_014304084.1	XP_030111433.1, NP_598686.2
OG0013146	XP_006090550.1	NP_062750.2
OG0013147	XP_023611093.1	NP_619623.2
OG0013148	XP_006090551.1	NP_062515.2
OG0013149	XP_014312843.1	NP_035168.1
OG0013150	XP_014304537.1	NP_795987.2
OG0013151	XP_023611103.1	NP_082735.2
OG0013152	XP_006099143.3	NP_001074443.1
OG0013153	XP_023606446.1	XP_006503623.1, NP_766035.1
OG0013154	XP_014307854.1, XP_006108462.1	NP_694756.1
OG0013155	XP_023606553.1	NP_001276456.1
OG0013156	XP_023606554.1	NP_083430.1, XP_006503674.1, NP_083417.1
OG0013157	XP_006085009.1	NP_001280735.1
OG0013158	XP_023606436.1	NP_001342591.1, NP_075535.1
OG0013159	XP_023606508.1	NP_034187.1
OG0013160	XP_023606524.1	NP_573499.2
OG0013161	XP_014307935.1	NP_001158277.1
OG0013162	XP_023604973.1	NP_001355800.1
OG0013163	XP_006085084.1	NP_001139668.1
OG0013164	XP_006085102.2	NP_032610.1
OG0013165	XP_014307965.1	XP_006515324.1
OG0013166	XP_014307973.1	XP_036013358.1, NP_758457.1
OG0013167	XP_023606550.1	NP_033265.4
OG0013168	XP_006088876.1	NP_001399862.1
OG0013169	XP_006088871.1, XP_006093887.1	NP_444320.2
OG0013170	XP_023609621.1	NP_694732.3
OG0013171	XP_006088827.1	NP_034583.1
OG0013172	XP_006088826.1	NP_034581.1
OG0013173	XP_006088831.1	NP_034579.3
OG0013174	XP_006088820.1	NP_663542.1
OG0013175	XP_023606809.1	NP_080280.3
OG0013176	XP_006085400.1	NP_001347188.1
OG0013177	XP_006085384.1	XP_006516607.1
OG0013178	XP_023618166.1	NP_076115.3
OG0013179	XP_006087301.1	NP_032217.2
OG0013180	XP_006110203.1	NP_062509.1
OG0013181	XP_006081817.1	NP_620394.2
OG0013182	XP_014310138.2	NP_808238.1
OG0013183	XP_023614240.1	XP_011238862.1, NP_001268884.1
OG0013184	XP_014319302.1	NP_001033005.1
OG0013185	XP_006087299.1	NP_001344106.1
OG0013186	XP_006107843.1	XP_006503313.1, NP_062362.1
OG0013187	XP_014320138.1	NP_038933.2
OG0013188	XP_006099189.1	NP_080307.1
OG0013189	XP_023618545.1	NP_001007574.1
OG0013190	XP_006099198.1	NP_705794.2
OG0013191	XP_006099209.1	NP_780455.2
OG0013192	XP_023600287.1	XP_006502835.1, NP_001074566.1
OG0013193	XP_014315906.1	NP_079820.2
OG0013194	XP_006094205.1	XP_006503097.1
OG0013195	XP_014315907.1	NP_001156005.1
OG0013196	XP_023614244.1	NP_659190.3
OG0013197	XP_006094224.1	NP_598644.1
OG0013198	XP_006094229.1	NP_001392727.1
OG0013199	XP_006094234.1	NP_001411870.1
OG0013200	XP_014306544.2	NP_035499.1
OG0013201	XP_006087382.1	XP_006503049.1
OG0013202	XP_006087366.1	XP_006503057.1
OG0013203	XP_023608589.1	XP_011238954.1
OG0013204	XP_006087350.1	NP_080555.1, XP_006503386.1
OG0013205	XP_014310024.1	NP_766286.2
OG0013206	XP_006087432.2	NP_001307474.1
OG0013207	XP_014310011.1	NP_034303.3
OG0013208	XP_023617702.1	NP_001116430.1
OG0013209	XP_023617651.1	NP_001355990.1
OG0013210	XP_006098241.1	NP_033504.2
OG0013211	XP_023617681.1	NP_032984.1
OG0013212	XP_023617638.1	XP_006503348.1
OG0013214	XP_023608447.1	NP_666264.1
OG0013215	XP_023608581.1	XP_011238770.1, NP_001116421.1
OG0013216	XP_006087517.1	NP_598437.2
OG0013217	XP_014310185.1	NP_001025161.1
OG0013218	XP_014305245.1	XP_006519104.1
OG0013219	XP_023604209.1	NP_001028977.1, XP_011243430.1
OG0013220	XP_006087459.1	NP_291096.2
OG0013221	XP_006084008.3	NP_082190.1
OG0013222	XP_006084100.1	NP_766142.2
OG0013223	XP_023605521.1	NP_001074504.1
OG0013224	XP_023605523.1	NP_001239270.1
OG0013225	XP_023605527.1	XP_006513698.1, NP_001357916.1
OG0013226	XP_006084029.1	XP_006513382.1, NP_032682.1
OG0013227	XP_006084031.1	NP_001136276.1
OG0013228	XP_006084042.2	XP_011241713.1
OG0013229	XP_006084044.1	NP_796342.2
OG0013230	XP_006084050.1	NP_666352.1, XP_006513695.1
OG0013231	XP_006084186.1	NP_067295.2
OG0013232	XP_006084184.1	NP_082184.1, XP_006514230.1
OG0013233	XP_006084183.1	NP_034531.1
OG0013234	XP_023605588.1	NP_001333989.1, XP_011241936.1
OG0013235	XP_006084173.1	NP_035735.2
OG0013236	XP_023605675.1	NP_080442.2
OG0013237	XP_006084161.1	NP_080190.1
OG0013238	XP_006084151.1	NP_663398.2
OG0013239	XP_006084150.1	NP_780367.2
OG0013240	XP_023605637.1	XP_006513108.1
OG0013241	XP_023605586.1	NP_082154.2
OG0013242	XP_006084142.1	NP_080346.1
OG0013243	XP_006109980.1	NP_032579.2
OG0013245	XP_023605611.1	XP_030101101.1
OG0013246	XP_006081794.1	NP_064655.4
OG0013247	XP_006081809.2	XP_006531305.1
OG0013249	XP_006081822.1	NP_001074709.1
OG0013250	XP_023610854.1	NP_001171244.1
OG0013251	XP_014311594.1	XP_036018694.1, NP_001344094.1
OG0013252	XP_006081879.1	NP_001139800.1
OG0013253	XP_006081911.1	NP_080628.1
OG0013254	XP_014311842.1	NP_001392095.1
OG0013255	XP_014311648.1	NP_001411845.1, NP_033416.2
OG0013256	XP_014316092.1	NP_031594.1
OG0013257	XP_006108681.1	NP_001342697.1
OG0013258	XP_006094814.1	NP_076069.2
OG0013259	XP_023614633.1	NP_001343304.1
OG0013260	XP_014322151.1	NP_001334051.1
OG0013261	XP_023604187.1	NP_084197.1
OG0013262	XP_006088367.1	NP_848776.2
OG0013263	XP_023609262.1	XP_017177113.1
OG0013264	XP_006088373.1	NP_775551.1
OG0013265	XP_006088375.1	NP_766480.1
OG0013266	XP_023609280.1	NP_001276585.1
OG0013267	XP_023605082.1, XP_023609310.1	XP_006505408.3
OG0013268	XP_014308594.2	NP_666126.1
OG0013270	XP_023603240.1	NP_001412498.1
OG0013271	XP_006106764.1	NP_598781.1
OG0013272	XP_006109845.2	NP_776109.1
OG0013273	XP_023603334.1	NP_062635.2
OG0013274	XP_006106854.1	NP_080356.1, NP_001349800.1
OG0013275	XP_023609580.1	XP_011239401.1, NP_666287.3
OG0013277	XP_014311317.1	NP_663551.2
OG0013278	XP_023609555.1	XP_006506619.1
OG0013279	XP_014321857.1	NP_808344.3
OG0013280	XP_023620332.1	NP_536692.1
OG0013281	XP_006101059.1	XP_006535860.1, NP_080167.3
OG0013282	XP_023599677.1	XP_006535745.1, NP_001074852.1
OG0013283	XP_006103272.1	NP_001028629.2, XP_011248078.1
OG0013284	XP_014318370.1	NP_032059.1
OG0013285	XP_023616567.1	XP_006509211.1, NP_997542.1
OG0013287	XP_014309114.1	NP_001074738.1
OG0013288	XP_006086308.1	NP_034336.2
OG0013289	XP_006086304.1	NP_082276.1
OG0013290	XP_014309111.1	XP_011240458.1, NP_080308.1
OG0013292	XP_023607637.1	NP_001355302.1
OG0013293	XP_023607587.1	NP_034474.4
OG0013294	XP_006086242.1	XP_006509097.1
OG0013295	XP_014309083.1	NP_080708.4
OG0013296	XP_023604164.1	NP_001371028.1
OG0013297	XP_006110052.2	NP_001034309.1
OG0013298	XP_006107494.1, XP_014318667.2	NP_001390879.1
OG0013299	XP_023603958.1	NP_081116.3
OG0013300	XP_023612900.1	XP_036009708.1
OG0013301	XP_023612946.1	XP_011240500.1
OG0013302	XP_023612896.1	XP_006509452.1, NP_776150.2
OG0013303	XP_014314595.2	NP_082249.1
OG0013304	XP_023615163.1	XP_036009877.1
OG0013305	XP_014321213.1	NP_666320.1
OG0013306	XP_006108647.3, XP_023601983.1	NP_705809.1
OG0013307	XP_006109946.1	NP_034220.2
OG0013308	XP_014318134.1	NP_065621.1
OG0013309	XP_023614936.1	NP_079897.2
OG0013311	XP_014316850.1	NP_780633.1
OG0013312	XP_023602317.1	NP_001348584.1
OG0013314	XP_014306698.2	NP_065582.3
OG0013315	XP_023602930.1	XP_006515313.1
OG0013316	XP_023599476.1	NP_001154878.1
OG0013317	XP_006096071.1	NP_598801.1
OG0013318	XP_006096079.2	XP_030102499.1, NP_001104588.1
OG0013319	XP_006091785.1	NP_766058.3
OG0013321	XP_023612233.1	NP_001153691.1
OG0013323	XP_023612194.1	XP_006515209.1, NP_001028660.2
OG0013324	XP_014302364.1, XP_023619208.1	NP_849209.1
OG0013325	XP_023619242.1	NP_034738.1
OG0013326	XP_023619250.1	NP_082759.1
OG0013327	XP_006099857.1	NP_083561.1
OG0013328	XP_006099865.1	XP_036020907.1
OG0013329	XP_006099860.1	NP_783606.2
OG0013331	XP_023619214.1	NP_001390328.1
OG0013332	XP_006099883.1	NP_001332939.1, NP_067265.1
OG0013333	XP_006099894.2	NP_001334255.1
OG0013334	XP_006094405.1	NP_082140.2
OG0013335	XP_006094412.1	NP_001156342.1
OG0013336	XP_006083512.2	NP_001303658.1, NP_081731.1
OG0013337	XP_023603407.1	NP_001344682.1
OG0013338	XP_023601961.1	NP_795937.1
OG0013339	XP_023603258.1	XP_036016462.1
OG0013340	XP_023601956.1	NP_001138924.1, XP_006524572.1
OG0013341	XP_006083487.2	XP_011244938.1, NP_082414.1
OG0013342	XP_023601923.1	XP_011244536.1
OG0013343	XP_014303878.1	NP_705732.1, XP_006524263.1
OG0013344	XP_006102871.1	NP_659067.2
OG0013345	XP_006100912.2	NP_647469.2
OG0013346	XP_006103067.1	XP_006500221.1, NP_853620.1
OG0013347	XP_014303813.1	NP_033569.2
OG0013348	XP_006107105.1	NP_001348334.1
OG0013349	XP_006104063.1	NP_083949.2
OG0013350	XP_023601067.1	NP_722473.1
OG0013351	XP_006106298.1	XP_006506279.1
OG0013353	XP_023619290.1	NP_001158141.1
OG0013354	XP_006099960.1	NP_063932.2
OG0013355	XP_006096866.1	NP_031543.3
OG0013356	XP_006096862.1	NP_932109.2
OG0013357	XP_006096858.1	NP_058037.2
OG0013358	XP_023616372.1	NP_031861.2
OG0013359	XP_006096867.1	XP_006506226.1
OG0013360	XP_006096816.1	XP_006505767.1
OG0013361	XP_023612800.1	NP_001288233.1
OG0013362	XP_014314445.1	NP_001396723.1
OG0013363	XP_014314443.1	NP_001343485.1
OG0013364	XP_006092555.1	NP_598620.2
OG0013365	XP_023612814.1	XP_011238405.1
OG0013366	XP_014318727.1	NP_033349.2
OG0013367	XP_006096929.1	NP_080505.1
OG0013368	XP_023619039.1	NP_032149.1
OG0013369	XP_006095244.1	NP_038869.1
OG0013370	XP_023604788.1	NP_001303680.1, NP_081817.2
OG0013371	XP_006095264.1	NP_001074762.1
OG0013372	XP_006095298.1	XP_030108439.1, NP_001020012.1
OG0013373	XP_006095312.1	NP_033362.2
OG0013375	XP_014316810.1	NP_001280644.1
OG0013376	XP_006095330.1	NP_766271.2
OG0013377	XP_006095342.1	NP_035786.1
OG0013378	XP_006095344.1	NP_001075953.1
OG0013379	XP_014316834.1	NP_001355582.1, NP_796224.2
OG0013380	XP_006108059.3, XP_023612781.1	NP_001152826.1
OG0013381	XP_006092597.1	NP_780607.2
OG0013382	XP_014314472.1	XP_006501764.1, NP_059093.3
OG0013383	XP_006088781.1	NP_001074612.1
OG0013385	XP_006098143.1	NP_034332.2
OG0013386	XP_014303217.2	XP_011245417.1
OG0013387	XP_006085427.1	NP_598826.3
OG0013388	XP_014308318.1	NP_808537.2
OG0013389	XP_023606832.1	NP_032156.2
OG0013390	XP_006085422.1	NP_080180.1
OG0013391	XP_023606778.1	NP_778171.2, XP_036013870.1
OG0013392	XP_006085423.1	NP_742118.3
OG0013393	XP_006085428.1	NP_057896.1
OG0013394	XP_006085433.1	XP_006514999.1
OG0013395	XP_006085509.2	NP_001351336.1
OG0013396	XP_014308301.1	NP_001360951.1
OG0013397	XP_023606859.1	NP_796297.2
OG0013398	XP_006085473.1	NP_033610.1
OG0013399	XP_023606875.1	NP_001074446.1
OG0013400	XP_023604320.1	XP_006535806.1
OG0013401	XP_023610488.1	XP_030098658.1, NP_061212.3
OG0013406	XP_014306171.1	XP_006536200.1
OG0013407	XP_006098130.1	NP_849221.2
OG0013408	XP_023617582.1	XP_011237828.1
OG0013409	XP_023612165.1	NP_808268.2
OG0013410	XP_006091688.1	NP_033063.1
OG0013412	XP_006091671.1	NP_076365.2
OG0013413	XP_023612317.1	NP_766223.2
OG0013414	XP_006091909.1	NP_443735.2
OG0013415	XP_006091912.1	NP_598913.1
OG0013416	XP_023612330.1	XP_006498688.1
OG0013417	XP_023612339.1	NP_080144.1
OG0013418	XP_023612288.1	NP_001028518.2, XP_006499531.1
OG0013419	XP_006091998.1	NP_067487.1
OG0013420	XP_023612298.1	NP_061298.2
OG0013421	XP_023612369.1	NP_001393097.1
OG0013423	XP_023612379.1	XP_030106062.1
OG0013424	XP_014314071.2	NP_766256.3
OG0013425	XP_023612407.1	NP_766257.3
OG0013426	XP_023612425.1	NP_036087.2
OG0013427	XP_023612444.1	NP_001407463.1
OG0013428	XP_023602719.1	XP_030101794.1
OG0013430	XP_023604030.1	NP_001343997.1
OG0013432	XP_023604511.1	NP_001361564.1
OG0013433	XP_023604452.1	NP_084497.1
OG0013435	XP_023604865.1	NP_034305.1
OG0013436	XP_006102532.1	NP_001347358.1
OG0013437	XP_023599598.1	NP_598427.1
OG0013438	XP_023611308.1	NP_079805.1
OG0013439	XP_006102559.1	NP_067460.1
OG0013440	XP_023599621.1	XP_036017269.1
OG0013441	XP_006102564.1	NP_035367.1
OG0013442	XP_014323308.1	NP_064336.1
OG0013443	XP_023599610.1	NP_081472.1
OG0013444	XP_006102568.1	NP_080996.2
OG0013445	XP_023599622.1	NP_031511.1
OG0013446	XP_023620842.1	NP_067262.1
OG0013447	XP_006101685.1	NP_063922.2
OG0013448	XP_023620850.1	NP_080829.1
OG0013449	XP_006101644.1	XP_030106658.1, NP_058578.3
OG0013450	XP_006101642.1	NP_001278009.1
OG0013451	XP_006101641.1	NP_034365.1
OG0013452	XP_006101633.1	XP_006531870.1, NP_001157824.1
OG0013453	XP_006101626.1	NP_080892.1
OG0013454	XP_023620844.1	NP_001108069.1, XP_030106561.1
OG0013455	XP_006101619.1	NP_001405272.1
OG0013456	XP_006101618.1	XP_006531729.1, NP_034739.2
OG0013457	XP_006101614.1	NP_076401.1
OG0013458	XP_023601413.1	NP_001278007.1
OG0013459	XP_006104400.1, XP_006104402.1	NP_001009546.1
OG0013460	XP_006104397.1	NP_081188.1, XP_006531894.1
OG0013461	XP_023601397.1	NP_062696.2
OG0013462	XP_006104393.1	NP_083243.1
OG0013463	XP_014302196.1	NP_001395209.1
OG0013464	XP_006106604.1	XP_006526620.1
OG0013465	XP_006105675.1	XP_006526667.1
OG0013466	XP_023604561.1	NP_001355625.1
OG0013467	XP_006105930.1	NP_058093.2
OG0013468	XP_006105939.1	NP_001074665.1
OG0013471	XP_006105950.1	NP_077218.1
OG0013472	XP_023604646.1	XP_006527475.1
OG0013473	XP_006107302.1	NP_001397148.1
OG0013474	XP_006108917.1	NP_001240772.1
OG0013475	XP_006098127.1	NP_032531.2
OG0013476	XP_006091989.1	NP_666804.2
OG0013479	XP_023599623.1	XP_006531826.1
OG0013481	XP_006081765.1	NP_778160.2
OG0013483	XP_023613650.1	NP_081953.2
OG0013484	XP_023610367.1	NP_001104774.1
OG0013485	XP_006081764.1	NP_542983.3, XP_036019246.1
OG0013486	XP_014310672.2	NP_080634.2
OG0013487	XP_006081734.1	NP_082416.2
OG0013488	XP_006081731.1	NP_001397550.1
OG0013489	XP_014312724.1	NP_001397392.1
OG0013490	XP_006081729.1	NP_780724.3
OG0013491	XP_014310378.1	NP_899044.3
OG0013492	XP_014312715.1	NP_001156983.1
OG0013493	XP_006081722.1	XP_036011329.1, NP_665824.1
OG0013494	XP_006106406.1	XP_006535598.1, NP_082086.2
OG0013495	XP_023602946.1	NP_062266.1
OG0013496	XP_006106407.1	NP_033958.2
OG0013497	XP_006105987.1	XP_006506667.1
OG0013498	XP_023599939.1	NP_056633.2
OG0013501	XP_023613634.1	NP_001343223.1
OG0013502	XP_023600887.1	XP_036019612.1, NP_035867.2
OG0013503	XP_006103945.3, XP_023619784.1	XP_006529471.1
OG0013504	XP_023600880.1	NP_001389242.1
OG0013505	XP_006100498.2	NP_001343458.1
OG0013506	XP_014309659.1	NP_032778.1, XP_011237337.1
OG0013507	XP_023608189.1	XP_017170400.1, NP_084200.1
OG0013508	XP_006098550.1	NP_083086.1
OG0013509	XP_023611904.1	XP_006498393.1
OG0013510	XP_006081750.1	NP_001391306.1
OG0013511	XP_023613862.1	XP_036022143.1, NP_001121564.1
OG0013512	XP_006089098.1	NP_079826.2
OG0013513	XP_006104911.1	XP_006511678.1, NP_001095098.2
OG0013514	XP_006106573.1	NP_001093932.1, XP_006509768.1
OG0013516	XP_014301910.1	NP_001096638.1
OG0013518	XP_006101211.1	NP_032681.1
OG0013519	XP_006101212.1	NP_038923.1
OG0013521	XP_014313147.1	NP_705775.2
OG0013522	XP_006107972.2	NP_001365320.1
OG0013523	XP_023619076.1	NP_001398710.1
OG0013524	XP_014321935.2	XP_006524096.1, NP_033430.1
OG0013526	XP_014323188.1	NP_766590.1
OG0013527	XP_023599509.1	NP_001334258.1
OG0013528	XP_006102428.1	NP_079627.3
OG0013529	XP_006091365.1	NP_062659.1
OG0013530	XP_006085809.1	NP_766266.3, XP_036018919.1
OG0013531	XP_006083848.1	NP_083042.1
OG0013532	XP_006083847.1	NP_598689.1
OG0013533	XP_006083854.1	XP_006506166.1
OG0013534	XP_023617919.1, XP_006083862.1	NP_079854.2
OG0013535	XP_006083996.1	NP_080652.2
OG0013536	XP_014306787.1	NP_034904.2
OG0013537	XP_023605194.1	XP_030110982.1
OG0013538	XP_006083906.1	NP_077168.2
OG0013539	XP_006083925.1	NP_001359193.1
OG0013540	XP_006083943.1	NP_081125.2
OG0013541	XP_023605463.1	XP_006506740.1
OG0013542	XP_006108312.2	NP_035628.1
OG0013543	XP_014301681.1	XP_036014155.1, NP_062717.2
OG0013544	XP_006104344.1	NP_056583.1
OG0013545	XP_006093824.1	NP_075368.1
OG0013546	XP_023609824.1	XP_036014225.1, NP_001357836.1
OG0013547	XP_006089110.3	NP_001412961.1
OG0013548	XP_023611519.1	NP_001357813.1, XP_017171732.1
OG0013549	XP_014313191.2	NP_001276615.1
OG0013550	XP_014313174.1	NP_795894.1
OG0013551	XP_023611420.1	NP_001074720.1
OG0013552	XP_023611515.1	NP_001361016.1
OG0013553	XP_006090877.1	NP_033419.1
OG0013554	XP_006104908.2	NP_083379.2
OG0013555	XP_014305734.1	NP_001230677.1
OG0013556	XP_006108255.3	NP_062716.1, XP_036020493.1
OG0013557	XP_023604597.1	NP_001357806.1, XP_030100302.1
OG0013558	XP_014303891.1	NP_076227.1
OG0013559	XP_006106173.1	NP_113569.1
OG0013560	XP_006106169.1	NP_001365850.1
OG0013562	XP_006108664.2	NP_766362.2
OG0013563	XP_023616329.1	NP_001239612.1
OG0013564	XP_006104202.1	NP_001074512.1, XP_030099856.1
OG0013565	XP_023601239.1	NP_001398108.1
OG0013566	XP_014302005.1	NP_001347235.1
OG0013567	XP_023603302.1	NP_899099.2
OG0013568	XP_014305175.2	NP_666372.1, XP_036010653.1
OG0013569	XP_006097182.1	XP_006512466.1, NP_201579.1
OG0013570	XP_006097188.1	NP_035736.2
OG0013571	XP_006100683.3	NP_079615.1
OG0013573	XP_006100480.1	XP_006509627.1, NP_573487.2
OG0013575	XP_006100493.2	NP_081094.2
OG0013576	XP_006100473.1	NP_114393.1
OG0013577	XP_006100468.1	XP_036010233.1
OG0013578	XP_006100440.1	NP_848886.1
OG0013579	XP_006100439.1	NP_001365728.1, NP_001403921.1
OG0013580	XP_014321272.1	NP_001389902.1
OG0013581	XP_023604098.1	NP_666323.2
OG0013582	XP_014320656.2	XP_006509800.1, NP_115933.2
OG0013583	XP_006099728.1	XP_036010138.1
OG0013584	XP_023619053.1	XP_006531149.1, NP_795914.3
OG0013585	XP_023619077.1	NP_001345953.1
OG0013586	XP_023619083.1	XP_036016381.1
OG0013587	XP_006099691.1	XP_006514211.1, NP_082151.1
OG0013588	XP_014320605.1	XP_006513485.3, NP_033226.1
OG0013589	XP_006100399.1	NP_061278.1
OG0013590	XP_006100400.1	NP_080119.1
OG0013591	XP_006100395.1	NP_001186522.1
OG0013592	XP_006100376.2	NP_918948.1
OG0013593	XP_014302721.2	NP_001357981.1
OG0013594	XP_006105087.2	XP_036010090.1, NP_064329.2
OG0013595	XP_006105092.1	NP_034192.1, NP_001355225.1
OG0013596	XP_023601907.1	NP_001116315.1
OG0013597	XP_006105076.1	NP_081067.2
OG0013598	XP_014302357.2	XP_036011193.1, NP_076111.2
OG0013599	XP_023601560.1	XP_011240927.1
OG0013600	XP_023601578.1	NP_001277228.1
OG0013601	XP_006106014.1	NP_080558.1
OG0013602	XP_006105787.1	XP_006510036.1
OG0013603	XP_014303317.1	XP_011240895.1
OG0013604	XP_006105804.1	NP_663391.2
OG0013605	XP_006104118.1	NP_001397167.1, NP_032345.2
OG0013607	XP_023601774.1	NP_536709.2
OG0013608	XP_006104919.1	NP_444407.1
OG0013609	XP_006104920.1	NP_001355305.1
OG0013610	XP_023604129.1	NP_001350168.1
OG0013612	XP_014302713.1	NP_062294.3
OG0013613	XP_006105066.1	NP_075691.1
OG0013614	XP_023609335.1, XP_014311023.1	NP_033023.1
OG0013615	XP_023601871.1	NP_663461.2
OG0013616	XP_023601884.1	NP_444444.2
OG0013617	XP_006105053.1	NP_080988.1
OG0013618	XP_023620400.1	NP_705779.1
OG0013619	XP_006101153.1	XP_036016453.1
OG0013620	XP_023620413.1	NP_083058.2
OG0013621	XP_006104890.1	NP_789799.1, NP_034322.3
OG0013622	XP_023601753.1	NP_001347213.1
OG0013623	XP_023601751.1	NP_543027.1
OG0013624	XP_006106980.2	NP_038761.1
OG0013625	XP_023603611.1	NP_080806.4
OG0013626	XP_023603610.1	NP_001397254.1
OG0013627	XP_006105974.1	NP_067476.2
OG0013628	XP_006105973.1	NP_031933.1
OG0013629	XP_023620443.1	NP_001361632.1
OG0013630	XP_014321985.1	NP_034852.3
OG0013631	XP_023620466.1	XP_006513905.2, NP_001075157.2
OG0013632	XP_023620452.1	XP_006513379.1, NP_067437.2
OG0013633	XP_014309130.1, XP_006109911.2	NP_001366013.1
OG0013634	XP_023599042.1	NP_001157619.1
OG0013635	XP_023599056.1	XP_006513561.1
OG0013636	XP_023599032.1	NP_001359169.1, NP_001359167.1
OG0013637	XP_006101856.1	NP_001334048.1
OG0013638	XP_023599039.1	NP_001366350.1
OG0013639	XP_023599054.1	NP_780659.2
OG0013640	XP_023599060.1	NP_001365926.1
OG0013641	XP_023599061.1	NP_001408352.1
OG0013642	XP_023599063.1	NP_001019710.1
OG0013643	XP_006107341.2	NP_035713.1
OG0013644	XP_006094840.1	NP_848820.4, XP_006540889.1
OG0013645	XP_006094657.1, XP_006094656.1	NP_667303.1
OG0013646	XP_006094722.1	NP_001359492.1
OG0013647	XP_014314657.1	NP_084537.2
OG0013648	XP_014314687.1	XP_017169090.1, NP_082289.2
OG0013649	XP_023613060.1	XP_006510729.1, NP_001074864.1
OG0013650	XP_014314660.1	NP_758493.2
OG0013651	XP_014314791.1	NP_082514.4
OG0013652	XP_023613154.1	NP_001156451.1
OG0013653	XP_023617955.1	NP_001394841.1
OG0013654	XP_014313339.1	XP_006507678.1
OG0013655	XP_006102941.1	NP_001349096.1
OG0013656	XP_014323707.2	XP_006508283.1, NP_082421.1
OG0013657	XP_023599986.1	XP_006507261.1
OG0013658	XP_006100509.1	NP_001355309.1
OG0013659	XP_006100523.1	XP_036009129.1, NP_942128.2
OG0013660	XP_006094554.1	NP_079881.2
OG0013661	XP_006105617.2	NP_035551.1
OG0013662	XP_006105618.2	NP_059067.2
OG0013663	XP_006105620.1	NP_084078.3
OG0013664	XP_023602332.1	NP_064408.2
OG0013665	XP_023610359.1	NP_068689.2
OG0013666	XP_014312133.1, XP_006089729.3	XP_017177792.1
OG0013667	XP_023610334.1	NP_064435.1
OG0013668	XP_006089701.3	NP_065635.1
OG0013669	XP_023610321.1	NP_067469.1
OG0013670	XP_006089698.1	NP_001361547.1
OG0013671	XP_006089697.1	NP_033542.2
OG0013672	XP_006089696.1	NP_033328.3
OG0013673	XP_023610315.1	XP_006507990.1
OG0013674	XP_006089678.1	NP_444477.2
OG0013675	XP_014312144.1	XP_006507901.1, NP_796356.2
OG0013676	XP_006093864.1	NP_780527.2
OG0013677	XP_023614672.1	NP_598501.1
OG0013678	XP_023614669.1	NP_001032995.1
OG0013679	XP_006091651.1, XP_006109418.2	NP_001121575.1
OG0013680	XP_023612286.1	NP_001020781.1, NP_001263327.1, NP_082112.3
OG0013681	XP_006091706.1	NP_899013.1
OG0013682	XP_006092835.1	NP_083582.2
OG0013683	XP_006108878.1, XP_006094592.1	NP_667296.2
OG0013684	XP_014309007.1	NP_035273.3, XP_006518768.1
OG0013685	XP_023620687.1	NP_033600.3
OG0013686	XP_023616591.1	NP_001363913.1
OG0013687	XP_006083622.1	NP_001230786.1, XP_036014670.1
OG0013688	XP_006083613.1	NP_079973.1
OG0013689	XP_023604249.1	NP_032436.1
OG0013690	XP_023619899.1, XP_023604649.1	NP_035636.1
OG0013691	XP_023604866.1	NP_001355951.1
OG0013692	XP_006083592.2	NP_001157611.1
OG0013693	XP_006083587.1	NP_081092.1
OG0013694	XP_006083581.1	NP_038773.1
OG0013695	XP_006083573.1	NP_079660.1
OG0013696	XP_023604011.1	XP_036014587.1
OG0013697	XP_006083567.1	NP_082182.1
OG0013698	XP_023603929.1	NP_080108.1
OG0013699	XP_014304087.1	NP_080750.1
OG0013700	XP_014304075.1	NP_001338876.1
OG0013701	XP_023607498.1	NP_001348568.1
OG0013702	XP_023607465.1	XP_030103918.1
OG0013703	XP_006086105.1	NP_951020.1
OG0013704	XP_006089902.1	NP_001073313.1
OG0013705	XP_006089893.1	NP_032955.2
OG0013706	XP_023619955.1	NP_001412704.1
OG0013708	XP_006086991.1	NP_663442.2
OG0013709	XP_023608244.1	NP_033444.1
OG0013710	XP_014309682.1	XP_006508822.1, NP_789819.2
OG0013711	XP_014309688.1	XP_011240384.1
OG0013712	XP_014322898.2	NP_001355787.1
OG0013713	XP_006102109.1	NP_033854.1
OG0013714	XP_006102111.1	NP_001389743.1, NP_001389745.1
OG0013715	XP_006099812.1	NP_031746.1
OG0013716	XP_006098004.1	NP_082253.1
OG0013717	XP_006098003.1	NP_034107.2
OG0013718	XP_014306457.1, XP_006087689.2	NP_064306.2
OG0013719	XP_014310283.1	NP_001035968.1
OG0013720	XP_006087602.1	XP_011241243.1
OG0013721	XP_006097155.1	NP_058549.1
OG0013722	XP_006097162.1	NP_081086.2
OG0013723	XP_023616643.1	XP_036010996.1
OG0013724	XP_023619952.1	NP_598482.2
OG0013725	XP_023619916.1	NP_598471.3, XP_006512325.1, NP_666124.1
OG0013726	XP_006100689.2	NP_001280577.1
OG0013727	XP_006099830.2	NP_001404765.1
OG0013728	XP_023619185.1	XP_006512384.1, NP_083011.2
OG0013729	XP_014320712.1	NP_659042.1
OG0013730	XP_023599469.1	XP_006512208.1, NP_001160116.1
OG0013731	XP_006087637.1	NP_666341.1
OG0013732	XP_006087638.1	NP_080312.1
OG0013733	XP_006087639.1	XP_036010981.1, NP_780589.3
OG0013734	XP_023608681.1	NP_077184.2
OG0013735	XP_023608676.1	NP_001382689.1
OG0013736	XP_023608734.1	XP_036020550.1, NP_033481.1
OG0013738	XP_023605021.1	NP_064389.2
OG0013739	XP_023605023.1	NP_775625.1
OG0013740	XP_006083717.1	NP_001344565.1
OG0013741	XP_023605028.1	XP_036011120.1, NP_081039.2
OG0013742	XP_023605283.1	XP_030100352.2, NP_001161395.1
OG0013743	XP_014306207.1	NP_001096077.1
OG0013744	XP_014306273.2	NP_001344368.1
OG0013745	XP_014306888.1	NP_001346669.1
OG0013746	XP_006083765.1	NP_780533.2
OG0013747	XP_023605052.1	NP_795953.2, XP_006511769.3
OG0013748	XP_023605328.1	NP_001154834.1
OG0013749	XP_006083788.1	NP_001093921.1
OG0013750	XP_006083792.1	NP_080111.1
OG0013751	XP_023605346.1	NP_083044.2
OG0013752	XP_006083823.1	NP_084495.2
OG0013754	XP_006083842.1	NP_001395472.1
OG0013755	XP_023607216.1	NP_001355808.1
OG0013756	XP_014308703.1	NP_035773.2
OG0013757	XP_023607149.1	NP_808577.3
OG0013758	XP_006088722.1	NP_001342059.1
OG0013759	XP_006088723.1, XP_006088736.1	NP_663514.2
OG0013760	XP_006088727.1	NP_001074698.1
OG0013761	XP_006088729.1	NP_001005509.1
OG0013762	XP_006096387.1	XP_011238469.2, NP_001074731.1
OG0013763	XP_023615947.1	XP_030108505.1, NP_808523.2
OG0013764	XP_006090402.2	NP_001160131.1
OG0013765	XP_006090379.1	NP_064321.2
OG0013766	XP_006090369.1	NP_613057.2
OG0013767	XP_023616638.1	NP_766516.2
OG0013768	XP_006098446.1	NP_034533.1
OG0013769	XP_023606581.1	NP_033534.2, NP_001408116.1
OG0013770	XP_006098015.1	NP_034870.1
OG0013771	XP_006097595.1	NP_036047.2
OG0013772	XP_023617048.1	XP_030108105.1
OG0013773	XP_006104259.1	NP_079590.1
OG0013774	XP_023608982.1	NP_032818.1
OG0013775	XP_006088033.1	XP_036014693.1
OG0013776	XP_006096503.1	NP_780322.2
OG0013777	XP_006096502.1	NP_031720.1
OG0013778	XP_006096479.1	NP_081917.1
OG0013779	XP_006089429.1	NP_001263329.1, XP_006500105.1
OG0013780	XP_006089430.1	XP_006499369.1
OG0013781	XP_006089433.2	XP_036018567.1, NP_083964.2
OG0013782	XP_014302455.1	NP_033354.2, XP_006499163.1
OG0013783	XP_023610266.1	NP_001276667.1
OG0013784	XP_023610125.1	NP_083340.2
OG0013785	XP_023610257.1	NP_001152848.1
OG0013786	XP_023610260.1	NP_598611.2
OG0013787	XP_006089627.2	XP_006500435.2
OG0013788	XP_006089470.2	NP_033254.2
OG0013789	XP_023610146.1	XP_011238014.1
OG0013790	XP_006089478.1	NP_083638.1
OG0013791	XP_023610171.1	NP_001393254.1
OG0013792	XP_006089504.1	NP_001349827.1
OG0013793	XP_006089514.1	NP_082064.3
OG0013794	XP_006089580.1	NP_001158135.1, XP_036018203.1
OG0013795	XP_023610272.1	XP_006499899.1, NP_001170910.1
OG0013796	XP_006102074.1	NP_941029.2
OG0013797	XP_014322891.1	NP_032515.2
OG0013798	XP_006085236.1	NP_082251.2
OG0013799	XP_006085237.1	NP_001359442.1, NP_665685.1
OG0013800	XP_006085240.1	NP_033434.2
OG0013803	XP_006091460.2	NP_001394210.1
OG0013804	XP_006091445.1	NP_848462.1
OG0013805	XP_006091438.1	NP_083646.1
OG0013806	XP_023611946.1	NP_569718.1
OG0013807	XP_023611926.1	NP_001078964.1, XP_006500546.1
OG0013808	XP_023617518.1	XP_036018302.1, NP_062809.2
OG0013809	XP_006098041.1	NP_035557.1
OG0013810	XP_006098031.1	XP_006500200.1, NP_001074177.1
OG0013811	XP_023618497.1	NP_084091.2
OG0013812	XP_023615211.1	NP_001342114.1
OG0013813	XP_006095484.1	NP_082434.1
OG0013814	XP_023601351.1	NP_001074640.1
OG0013815	XP_006104308.1	XP_006500694.1, NP_848865.4
OG0013816	XP_006104306.1	NP_036099.1
OG0013817	XP_023604590.1	NP_082755.1
OG0013818	XP_014304094.1	NP_001347264.1
OG0013819	XP_014305016.1	NP_776122.1
OG0013820	XP_014302069.1	XP_006500696.1
OG0013822	XP_023601318.1	NP_033159.1
OG0013823	XP_006104270.1	NP_076173.1
OG0013824	XP_006104274.1	NP_899004.1
OG0013825	XP_023601309.1	NP_001365934.1
OG0013826	XP_023601320.1	XP_006500641.1
OG0013827	XP_023616077.1	NP_796277.2, XP_011237904.1
OG0013828	XP_006096439.1	NP_619596.1
OG0013829	XP_023610149.1	NP_955008.2, XP_036017398.1
OG0013830	XP_023608852.1	NP_666358.2
OG0013831	XP_006083308.1	NP_808255.1
OG0013832	XP_006083633.1	NP_081614.1
OG0013833	XP_006085631.1	NP_001157042.1
OG0013834	XP_006085665.1	NP_083213.2
OG0013835	XP_006083674.1	NP_001411652.1
OG0013836	XP_014305210.1	XP_006504964.1
OG0013837	XP_006085551.1	NP_598659.3
OG0013838	XP_006085538.1	XP_006504989.1, NP_766475.2
OG0013839	XP_006085525.1	NP_033793.1
OG0013840	XP_014308361.1	NP_001108621.1
OG0013841	XP_006098332.1	NP_001034767.1
OG0013842	XP_006092163.1	NP_705827.2
OG0013843	XP_006092168.1	NP_663438.1
OG0013844	XP_023604737.1	XP_006519289.1
OG0013845	XP_023606965.1	XP_006519721.1
OG0013846	XP_006085561.1	NP_033402.2
OG0013847	XP_006085557.1	NP_084280.2
OG0013848	XP_006085544.1	NP_079958.3
OG0013849	XP_023608762.1	NP_001280566.1
OG0013850	XP_023611387.1	NP_001161453.1
OG0013851	XP_014312378.2	XP_036014741.1, NP_001074532.1
OG0013852	XP_006081989.1	NP_700463.3
OG0013853	XP_023611601.1	XP_006518945.1
OG0013854	XP_023611741.1	NP_001240741.1
OG0013855	XP_006082008.3	XP_036014462.1, NP_766192.1
OG0013856	XP_023614884.1	NP_067450.1
OG0013857	XP_006100810.1	NP_080607.2
OG0013858	XP_006100804.1	NP_598839.2
OG0013859	XP_006100799.1	NP_061251.1
OG0013860	XP_006100798.1	NP_067303.1
OG0013861	XP_023620085.1	NP_001291920.1
OG0013862	XP_014321660.1	XP_006519661.1, NP_850919.1
OG0013863	XP_006103249.1	NP_031535.2
OG0013864	XP_006082835.1	XP_006496526.3
OG0013865	XP_006082666.1	NP_079729.1
OG0013866	XP_006082850.1	NP_001306156.1
OG0013867	XP_006082705.1	NP_067611.2
OG0013868	XP_006082707.1	XP_006529141.1, NP_033734.3
OG0013869	XP_023618271.1	NP_001104784.1
OG0013870	XP_023618362.1	NP_001192320.1
OG0013871	XP_023618298.1	NP_001185502.1
OG0013872	XP_023614966.1	XP_006529103.1, NP_001268395.1
OG0013873	XP_006082859.1	NP_631891.1
OG0013874	XP_023618494.1	XP_006529127.1, NP_598566.3
OG0013875	XP_023615374.1	NP_001028464.1
OG0013876	XP_023599134.1	XP_006529653.1
OG0013877	XP_014322698.1	NP_080196.3
OG0013878	XP_006085528.1	NP_081795.1
OG0013880	XP_023602800.1	NP_001334318.1
OG0013882	XP_006109957.2	NP_001020732.1
OG0013885	XP_023609455.1	NP_001192012.1
OG0013887	XP_014303739.1	XP_036021216.1, NP_062409.1
OG0013888	XP_006106320.1	NP_035726.2
OG0013889	XP_006106316.1	NP_663346.1
OG0013890	XP_006106315.1	NP_001404824.1
OG0013892	XP_006103879.1	NP_659507.3, XP_006530432.1
OG0013893	XP_006110167.1	NP_808544.1
OG0013894	XP_023600813.1	NP_084205.3
OG0013895	XP_014301672.2	NP_598678.2
OG0013896	XP_023600808.1	NP_084126.1
OG0013897	XP_006103893.1	NP_080276.2
OG0013898	XP_023600809.1	NP_001357769.1, XP_030110402.1
OG0013899	XP_006105033.2	NP_780632.1, XP_006530179.1
OG0013900	XP_014302686.1	NP_035156.2
OG0013901	XP_006099085.1	NP_081159.1
OG0013902	XP_023618445.1	XP_030110094.1
OG0013903	XP_023618466.1	NP_852086.3, XP_006530414.1
OG0013904	XP_006099119.1	NP_001103462.1, NP_035332.1
OG0013905	XP_023602642.1	NP_001346073.1
OG0013907	XP_014319369.1	NP_035665.2
OG0013908	XP_023617770.1	NP_766309.2
OG0013909	XP_006096630.1	NP_067319.2
OG0013910	XP_023616208.1	NP_663539.1
OG0013911	XP_014317927.1	NP_067514.2
OG0013912	XP_006096602.1	NP_080780.1
OG0013913	XP_006096592.2	NP_031409.2
OG0013914	XP_006096633.2	NP_001365826.1
OG0013915	XP_006096578.1	XP_006530402.1
OG0013916	XP_006098374.2	NP_001153413.1
OG0013917	XP_006098383.1	NP_081081.1
OG0013918	XP_006098381.1	NP_001028374.1
OG0013919	XP_023617820.1	NP_001343550.1
OG0013920	XP_006102068.3	NP_001346317.1
OG0013921	XP_023618739.1	XP_006534908.1, NP_001254551.1
OG0013922	XP_023618735.1	NP_035028.2
OG0013923	XP_006104955.1	NP_598784.1
OG0013924	XP_023601795.1	XP_011242054.1, NP_082298.1
OG0013925	XP_006109747.2	NP_082135.2
OG0013926	XP_006104946.1	NP_694782.1
OG0013927	XP_006105602.1	NP_835362.2
OG0013928	XP_023602321.1	XP_017176280.1, NP_919321.2
OG0013930	XP_006106314.1	XP_011241675.1, NP_034491.2
OG0013931	XP_023618967.1	NP_038739.2
OG0013932	XP_006108612.1	XP_036016030.1, NP_001028336.1
OG0013933	XP_006099594.1	NP_034178.2
OG0013934	XP_023618962.1	NP_035158.2
OG0013935	XP_006099582.1	NP_080084.2
OG0013936	XP_023618957.1	XP_006522653.1
OG0013937	XP_006099619.1	NP_075837.3
OG0013938	XP_006099569.1	NP_001365723.1
OG0013939	XP_014301429.1, XP_006084102.1	NP_112539.2
OG0013940	XP_023600759.1	NP_001074543.1
OG0013942	XP_006096689.1	NP_077166.4
OG0013943	XP_023599216.1	NP_001390215.1, XP_006535218.1
OG0013944	XP_023615722.1	NP_073148.1, XP_036008152.1
OG0013946	XP_006084355.1	XP_017177096.1, NP_808455.2
OG0013947	XP_014317253.1	NP_666176.1
OG0013948	XP_006095842.1	NP_001020013.1
OG0013949	XP_023609303.1, XP_006085592.1	NP_031536.2
OG0013950	XP_014308415.1	NP_001355635.1
OG0013951	XP_023612472.1	XP_036021662.1
OG0013952	XP_023612451.1	NP_001028551.2, XP_006506301.1
OG0013953	XP_014317538.1	NP_035787.1
OG0013954	XP_006096160.1	NP_034349.1
OG0013955	XP_006096151.1	NP_598688.1
OG0013956	XP_006096129.1	XP_017176774.1
OG0013957	XP_006096127.1	XP_006506317.1, NP_795977.1
OG0013958	XP_006096125.1	NP_034334.1
OG0013959	XP_006096122.1	NP_079634.2
OG0013960	XP_023605591.1	NP_705817.2
OG0013961	XP_006084205.1	XP_030111162.1, NP_663366.2
OG0013963	XP_006084216.1	NP_001355624.1
OG0013964	XP_014307106.1	NP_032505.1
OG0013965	XP_023605751.1	NP_038562.2
OG0013966	XP_023605763.1	NP_031557.2
OG0013967	XP_006084246.1, XP_014303845.1	NP_038564.1
OG0013968	XP_006084249.1	NP_075632.3, NP_001106827.1
OG0013969	XP_006084264.1	NP_080543.2
OG0013970	XP_014307126.1	NP_034949.3
OG0013971	XP_006084272.1	XP_006505603.1, NP_032134.2
OG0013972	XP_014307183.1	NP_031987.3
OG0013973	XP_014307195.1	NP_001103384.1
OG0013974	XP_006084330.1	NP_080082.1, XP_006506548.1
OG0013975	XP_014307217.1	NP_997566.2
OG0013976	XP_023611314.1	NP_067446.1
OG0013977	XP_006090717.2	NP_083526.2
OG0013978	XP_006103054.1	NP_034786.1
OG0013979	XP_023600112.1	NP_064307.2
OG0013980	XP_006086837.1	XP_006507111.1
OG0013981	XP_023608081.1	NP_945318.2
OG0013982	XP_023608079.1	NP_001398564.1
OG0013983	XP_023608078.1	XP_006507126.1, NP_796166.2
OG0013984	XP_023608040.1	XP_006507077.1
OG0013985	XP_006086801.1	XP_011243998.1, NP_061273.1
OG0013986	XP_023608037.1	XP_017171930.1
OG0013987	XP_006086848.1	XP_030104725.1
OG0013988	XP_023608053.1	NP_001333714.1
OG0013989	XP_023608033.1	NP_032997.3
OG0013990	XP_006086841.1	NP_997416.2, XP_036015266.1
OG0013991	XP_023612044.1	NP_780460.3, XP_036015519.1
OG0013992	XP_006091527.1	NP_080629.1
OG0013993	XP_023612089.1	XP_017171904.1
OG0013994	XP_006091580.1	NP_038667.2
OG0013995	XP_006091596.1	NP_001398840.1
OG0013996	XP_023612103.1	NP_035841.1
OG0013997	XP_023612104.1	XP_011243999.1
OG0013998	XP_006091600.1	NP_082500.2
OG0013999	XP_014313718.1	NP_082291.1
OG0014000	XP_023612117.1	NP_034401.1
OG0014001	XP_023612132.1	NP_082456.1, XP_036015493.1
OG0014002	XP_006091630.1	NP_001002900.1
OG0014003	XP_006091626.1	XP_011243789.1
OG0014004	XP_006095714.1	XP_017172026.1
OG0014005	XP_006095725.1	NP_001257466.1
OG0014006	XP_023615422.1	XP_017172001.1
OG0014007	XP_006095879.1	NP_062391.3, XP_006521259.1
OG0014008	XP_006095751.1	NP_032500.2
OG0014010	XP_006095768.1	NP_997652.4, XP_006521177.1
OG0014011	XP_006095775.1	XP_030104299.1
OG0014012	XP_006095771.1	NP_663600.2
OG0014013	XP_006095848.1	NP_032298.1, XP_036015057.1
OG0014014	XP_006095846.1	XP_006520531.1
OG0014015	XP_006095877.1	NP_032826.1
OG0014016	XP_023620582.1	NP_899087.2, XP_006514069.1
OG0014017	XP_006090086.1	NP_001098671.1, XP_017173748.1
OG0014018	XP_006090052.1	NP_033371.2
OG0014020	XP_023601550.1	NP_033004.1, XP_006518791.1
OG0014021	XP_023601551.1	XP_036014873.1
OG0014022	XP_023601552.1	XP_006519017.1, NP_722495.3
OG0014023	XP_006097630.1	NP_848906.1
OG0014024	XP_006097624.1	NP_001157088.1
OG0014025	XP_006097618.1	NP_001029209.1
OG0014026	XP_014318011.1	NP_898867.1
OG0014027	XP_006090095.1	NP_062301.3
OG0014028	XP_023610685.1	NP_001365726.1
OG0014029	XP_006090089.1	NP_034745.1
OG0014030	XP_014312661.1, XP_006090113.2	NP_032271.1
OG0014031	XP_006090080.1	NP_291092.1
OG0014032	XP_014308810.1, XP_006090111.1	NP_780716.1
OG0014033	XP_006090076.2	NP_067290.2
OG0014034	XP_023610658.1	XP_011245474.1
OG0014035	XP_023610693.1	XP_011245721.2, NP_001363869.1
OG0014036	XP_006090051.1	XP_006527155.1, NP_036034.1
OG0014037	XP_006090050.1	NP_579930.1
OG0014038	XP_014312393.1	NP_001357696.1
OG0014039	XP_006090105.2	NP_056563.2, XP_030106689.1
OG0014040	XP_006090037.1	NP_082428.1
OG0014041	XP_006090018.1	NP_796293.2
OG0014042	XP_023610611.1	NP_001107034.1
OG0014043	XP_006101776.1	NP_109628.1, XP_011245709.1
OG0014044	XP_006101787.1	NP_080337.1
OG0014045	XP_006101790.1	NP_001074694.1
OG0014046	XP_006101794.1	NP_722491.2
OG0014047	XP_006101799.1	NP_068701.1, XP_006526978.1
OG0014048	XP_006095921.1	NP_766227.1
OG0014049	XP_023615563.1	XP_006526786.3
OG0014050	XP_006096000.1	NP_056567.2
OG0014051	XP_006095969.1	NP_031835.3
OG0014052	XP_006095976.2	NP_001157835.1
OG0014053	XP_023615575.1	NP_796316.2
OG0014054	XP_023615554.1	NP_001347561.1
OG0014055	XP_006088181.1	NP_031816.2
OG0014056	XP_023609134.1	XP_006526923.1
OG0014057	XP_006088203.1	NP_001390105.1
OG0014058	XP_023609098.1	NP_001157735.1
OG0014059	XP_023609112.1	XP_036017465.1
OG0014060	XP_006088214.1	NP_082391.1
OG0014061	XP_006088230.1	XP_006527440.1
OG0014062	XP_014322051.1	NP_034253.3
OG0014063	XP_006101276.1	NP_080713.2
OG0014064	XP_014320053.1	NP_038891.4
OG0014065	XP_006105926.1	NP_001025153.2
OG0014067	XP_006107345.1	NP_001389570.1
OG0014068	XP_006109489.2, XP_023604217.1	NP_001034623.1
OG0014070	XP_014301834.1	NP_082371.1
OG0014071	XP_006104043.1	NP_835216.3
OG0014072	XP_023604106.1	NP_080126.1
OG0014073	XP_023601026.1	NP_001289014.1
OG0014074	XP_014306415.2	NP_848784.1
OG0014075	XP_006108100.1	NP_075629.2
OG0014076	XP_023618428.1	NP_899112.2
OG0014077	XP_006099067.1	NP_033890.1
OG0014078	XP_023618432.1	NP_796235.4
OG0014079	XP_006086453.1	NP_808449.1
OG0014080	XP_006102206.3	NP_035728.2
OG0014081	XP_006103601.1	NP_032330.1
OG0014082	XP_023613544.1	NP_001277322.1
OG0014083	XP_023613536.1	NP_898849.1
OG0014084	XP_006085328.1	NP_598587.2
OG0014085	XP_006085358.1	NP_080810.2
OG0014086	XP_006085376.3	XP_006537725.1
OG0014087	XP_023606671.1	NP_001264078.1
OG0014088	XP_006090692.1	XP_006537682.1, NP_034411.2
OG0014089	XP_006090691.1	NP_056582.1
OG0014090	XP_023611248.1	NP_031851.3
OG0014091	XP_023611232.1	NP_780445.1
OG0014092	XP_006090673.1	NP_848486.1
OG0014093	XP_023611228.1	NP_032677.2
OG0014094	XP_023611266.1	NP_001095900.1
OG0014095	XP_006090663.1	XP_036019142.1
OG0014096	XP_006090660.1	XP_006495504.1
OG0014097	XP_006108786.1	NP_001074678.2
OG0014098	XP_006086427.1	XP_006495509.1
OG0014099	XP_006086425.1	NP_001398640.1
OG0014100	XP_023607681.1	NP_001355600.1
OG0014101	XP_006086347.2	NP_079561.1
OG0014102	XP_014309148.1	NP_001344001.1
OG0014103	XP_023607685.1	NP_079710.3
OG0014105	XP_023601912.1	XP_006530114.1, NP_031918.2
OG0014106	XP_023601932.1	NP_078771.1
OG0014107	XP_014321646.2	NP_079752.3
OG0014108	XP_023600601.1	NP_033918.1
OG0014110	XP_023600597.1	NP_082540.1
OG0014111	XP_006109839.1	NP_690025.3
OG0014112	XP_006093371.1	XP_030109691.1, NP_082775.1
OG0014113	XP_006093376.1	XP_006537631.1
OG0014114	XP_006105399.1	NP_001034645.1
OG0014115	XP_023602168.1	NP_918944.2
OG0014116	XP_006103602.2, XP_023599379.1	NP_032985.2
OG0014118	XP_006093096.2	NP_081205.1
OG0014120	XP_014310573.1	NP_034859.2
OG0014121	XP_006108406.1	NP_997089.1
OG0014122	XP_023608617.1	XP_017172189.1, NP_001306085.1
OG0014123	XP_006087569.1	NP_035710.2
OG0014124	XP_014314903.1	NP_033903.2, XP_006498685.1
OG0014125	XP_006093076.3	XP_006499168.1, NP_001001982.3
OG0014126	XP_023613239.1	NP_001028308.1
OG0014127	XP_006093108.1	NP_084388.2
OG0014128	XP_006093124.1	NP_598599.2
OG0014129	XP_023613288.1	NP_035873.2
OG0014130	XP_006093207.1	NP_081167.2
OG0014131	XP_006093141.1	XP_006498790.1, NP_038541.1
OG0014132	XP_014314993.1	XP_006499802.1
OG0014133	XP_023613370.1	NP_666085.2
OG0014134	XP_023613362.1	NP_001020542.1
OG0014135	XP_006093187.2	NP_001242984.1, NP_653128.2
OG0014136	XP_006105582.1	NP_083190.1
OG0014137	XP_023602308.1	NP_080053.1
OG0014138	XP_014308985.1	NP_001028428.2
OG0014139	XP_006086041.1	XP_006498847.1, NP_032256.3
OG0014140	XP_006086033.1	NP_083439.2
OG0014141	XP_023607413.1	NP_796324.1
OG0014142	XP_006086019.1	XP_006510944.1, NP_033156.1
OG0014143	XP_006085997.1	NP_705812.2
OG0014144	XP_006085996.1	NP_032288.1
OG0014145	XP_023607388.1	NP_082392.1
OG0014146	XP_006085979.1	NP_001344927.1
OG0014147	XP_023607381.1	NP_666336.3
OG0014148	XP_014308868.1	XP_006511639.1
OG0014149	XP_014315280.1	NP_001391612.1
OG0014150	XP_023613592.1	XP_017168555.1, NP_694759.1
OG0014151	XP_006107735.3	NP_001001295.2
OG0014152	XP_023620351.1	NP_001298027.1
OG0014154	XP_014321917.2	NP_081366.1
OG0014155	XP_006101133.1	NP_034323.1
OG0014156	XP_006105652.2	NP_780693.2, XP_006511157.3
OG0014157	XP_014302438.2	NP_079997.1
OG0014158	XP_023608934.1	NP_663591.3
OG0014159	XP_006087891.1	XP_006511438.1
OG0014160	XP_006087907.1	NP_795895.1
OG0014163	XP_006087964.1	NP_062625.2
OG0014164	XP_006087967.1	NP_620570.2
OG0014165	XP_006108408.1	NP_766109.1
OG0014166	XP_006093166.1	XP_006498797.1, NP_536707.2
OG0014167	XP_006086063.1	NP_778199.2
OG0014168	XP_014308919.1	XP_036011014.1, NP_001185718.1
OG0014169	XP_006093519.1	XP_036011252.1, NP_780415.1
OG0014171	XP_006107768.1	XP_017172672.1, NP_001357817.1
OG0014172	XP_006100004.1	NP_033776.1
OG0014173	XP_006104868.1	XP_006513278.1, NP_543121.1
OG0014174	XP_023601741.1	NP_084092.2, XP_006514358.1
OG0014175	XP_006090603.1	NP_001334174.1, XP_011244320.1
OG0014176	XP_023614666.1	NP_083079.1
OG0014177	XP_006093765.1	NP_938044.1
OG0014178	XP_006097066.1	NP_001106679.1
OG0014179	XP_006105876.2	NP_080642.1
OG0014180	XP_006105883.1	NP_033970.3
OG0014181	XP_014322730.1	NP_033467.2, XP_006523047.1
OG0014182	XP_023599086.1	NP_031860.1
OG0014183	XP_014322722.1	NP_001106860.1
OG0014184	XP_014322435.2	XP_006523176.1
OG0014185	XP_014301780.1	NP_032817.1
OG0014186	XP_014303574.1	NP_065647.1
OG0014187	XP_006103955.1	NP_079566.1
OG0014188	XP_023600898.1	NP_001398385.1
OG0014189	XP_014303067.1	NP_082520.2
OG0014190	XP_023619336.1	NP_001074524.1
OG0014191	XP_014320847.1	NP_083822.1
OG0014192	XP_006099982.1	NP_062777.2
OG0014193	XP_023619305.1	NP_001103461.1, XP_006513236.1
OG0014194	XP_006104867.1	NP_083937.1
OG0014195	XP_014302547.1	NP_766138.3
OG0014196	XP_006105243.1	NP_964000.2
OG0014197	XP_023602035.1	NP_032965.1
OG0014198	XP_023602739.1	XP_036018747.1
OG0014199	XP_006109046.1	XP_006502164.1, NP_082084.1
OG0014200	XP_023603627.1	XP_006501303.1
OG0014201	XP_006101431.2	NP_001396782.1
OG0014202	XP_023616219.1	NP_032238.2
OG0014203	XP_006096652.1	XP_006501881.1, NP_064661.2
OG0014204	XP_023618679.1	NP_083222.2
OG0014205	XP_023614155.1	XP_006501546.1
OG0014206	XP_023619694.1	NP_001028327.1, XP_006502118.1
OG0014207	XP_014321192.1	NP_036062.1
OG0014208	XP_006109782.1	NP_034210.2
OG0014209	XP_023606165.1	NP_035334.2
OG0014210	XP_014307498.1	XP_006534885.1
OG0014211	XP_023606081.1	NP_690016.1
OG0014212	XP_006084594.1	NP_665838.1
OG0014213	XP_006106737.2	XP_006535161.1
OG0014214	XP_006103591.1	NP_001346924.1
OG0014215	XP_006103560.1	NP_080833.1
OG0014216	XP_006091003.1	XP_006521745.1, NP_001106872.1
OG0014217	XP_006090596.1	NP_001406041.1
OG0014218	XP_023617855.1	NP_001334173.1
OG0014219	XP_023614620.1	NP_031783.2
OG0014220	XP_014319497.1	NP_062652.1
OG0014221	XP_006094767.1	NP_083091.1
OG0014222	XP_023610716.1	XP_006522606.1
OG0014223	XP_006090144.3	NP_766204.2
OG0014224	XP_023610729.1	NP_938039.3, XP_006522793.1
OG0014225	XP_014312488.1	NP_034946.1
OG0014226	XP_006094503.1	NP_001371150.1, NP_766099.3
OG0014227	XP_023614469.1	XP_006521970.1, NP_001032808.2
OG0014228	XP_006094511.1	XP_006522710.1
OG0014229	XP_006094516.1	NP_079608.1
OG0014230	XP_006094519.1	XP_036016025.1
OG0014231	XP_006096897.1	NP_001139797.1, XP_017172323.1
OG0014232	XP_006091021.1	NP_064656.2
OG0014233	XP_006090987.1	NP_796067.2
OG0014234	XP_006090998.1	NP_032251.2
OG0014235	XP_006092910.1	NP_647461.3
OG0014236	XP_006092909.2	XP_036015815.1, NP_766412.3
OG0014237	XP_023613067.1	XP_006522778.1, NP_780465.4
OG0014238	XP_006092887.2	NP_001297603.1
OG0014239	XP_006092876.1	NP_666044.1
OG0014240	XP_006084812.1	NP_941028.2, XP_006522263.1
OG0014241	XP_006084813.1	NP_001403957.1
OG0014242	XP_006084815.1	NP_001121568.1
OG0014243	XP_023609682.1	NP_001074606.1
OG0014244	XP_006084850.1	NP_001008231.1
OG0014245	XP_006081532.1	NP_663329.3
OG0014246	XP_023608981.1	NP_001035782.1
OG0014247	XP_023607580.1	NP_033774.1
OG0014248	XP_023607504.1	NP_075770.1
OG0014249	XP_006084957.1	NP_062647.2, XP_006535566.1
OG0014250	XP_006084942.1	XP_006535561.1, NP_080498.1
OG0014251	XP_006084930.1	NP_001404141.1
OG0014252	XP_006084985.3	NP_001334105.1
OG0014253	XP_006084915.1	NP_038880.1
OG0014254	XP_006084906.1	XP_030104899.1, NP_598862.1
OG0014255	XP_023606380.1	NP_001403697.1
OG0014256	XP_014307765.1	NP_001357822.1, NP_079910.1, NP_001357823.1
OG0014257	XP_006084885.1	NP_079969.1
OG0014258	XP_014307702.1	NP_775555.1
OG0014259	XP_006084825.1	NP_808386.2
OG0014260	XP_023606321.1	NP_001158084.1
OG0014261	XP_006102734.2	NP_032493.1
OG0014262	XP_023609686.1	XP_006501320.1
OG0014263	XP_023609671.1	NP_001296162.1, XP_017175099.1
OG0014264	XP_014311468.2	NP_001344457.1
OG0014265	XP_006088955.1	NP_032883.2, XP_006535474.2
OG0014266	XP_006088907.1	NP_032796.1
OG0014267	XP_014311436.2	XP_006535580.1
OG0014268	XP_023609678.1	NP_112474.2
OG0014269	XP_006088896.2	NP_848887.1
OG0014270	XP_006088892.1	NP_083426.1
OG0014271	XP_023607830.1	NP_705762.2
OG0014273	XP_023618518.1	XP_036013773.1, NP_001413117.1
OG0014274	XP_006099169.1	NP_001171340.1
OG0014276	XP_014314848.2	NP_001389941.1
OG0014277	XP_006092987.1	XP_017170843.1, NP_032130.2
OG0014278	XP_006092985.1	NP_001129049.1
OG0014279	XP_006092984.1	XP_036013794.1
OG0014280	XP_023612246.1	NP_001191972.1
OG0014281	XP_023603057.1	NP_062424.1
OG0014282	XP_006106533.1	NP_080066.1
OG0014283	XP_006107670.1	XP_011242665.1, NP_001357861.1
OG0014284	XP_006106534.1	NP_077793.1
OG0014285	XP_023602423.1	XP_011242635.1
OG0014286	XP_006105905.1	NP_631880.2
OG0014288	XP_006109881.2	NP_031993.1, XP_006498791.1
OG0014290	XP_023599218.1	NP_034597.2
OG0014291	XP_006083120.1	NP_001074180.1
OG0014292	XP_014322417.1	XP_011237824.1, NP_780722.2
OG0014293	XP_023599572.1	NP_001359430.1
OG0014294	XP_023599373.1	NP_001229307.1
OG0014295	XP_014301472.1	NP_034204.1
OG0014296	XP_023601267.1	NP_032012.1
OG0014297	XP_006083260.1	NP_068362.1
OG0014298	XP_023601211.1	XP_006499773.1
OG0014299	XP_006083259.1	NP_057928.1
OG0014300	XP_006083242.3	NP_033161.2
OG0014301	XP_023601076.1	NP_001019789.1
OG0014302	XP_023599326.1	NP_058562.1
OG0014303	XP_023599304.1	NP_001074557.1
OG0014304	XP_023610527.1	NP_082560.1
OG0014305	XP_023600960.1	NP_001074556.1
OG0014306	XP_023600778.1	XP_036018419.1
OG0014307	XP_023599285.1	XP_006499808.1, NP_796350.2
OG0014308	XP_006083212.1	XP_036018452.1, NP_081628.3
OG0014309	XP_006083211.2, XP_023600754.1	NP_766252.2
OG0014310	XP_023600706.1	NP_082869.2
OG0014311	XP_023599263.1	NP_001018052.1
OG0014312	XP_023600506.1	XP_006500376.1
OG0014313	XP_006083156.3	NP_001020264.1
OG0014314	XP_006083140.1	NP_766254.2
OG0014315	XP_006110218.1	XP_030106795.1
OG0014316	XP_006083110.1	XP_030106972.1
OG0014317	XP_006083104.1	NP_001041641.1
OG0014318	XP_023599437.1	NP_766008.2, NP_001277672.1
OG0014319	XP_006083090.1	NP_077758.1
OG0014320	XP_023617887.1	NP_780723.1, XP_006499528.1
OG0014321	XP_023618879.1	NP_001365348.1
OG0014322	XP_014317992.1	NP_001005423.1
OG0014323	XP_023617881.1	NP_001272768.1
OG0014324	XP_014319524.2	NP_666220.1
OG0014325	XP_006082419.2	XP_006495827.1
OG0014326	XP_006082428.1	NP_001028366.1
OG0014327	XP_014306505.2, XP_006082430.1	NP_001156786.1
OG0014328	XP_006082437.1	NP_001355696.1
OG0014329	XP_006082442.1	NP_001074650.1
OG0014330	XP_006082477.1	NP_061356.2
OG0014331	XP_006082483.2	NP_631889.1
OG0014332	XP_023616129.1	NP_001032814.1
OG0014333	XP_023618977.1	NP_084289.1
OG0014334	XP_006082510.1	NP_034082.1
OG0014335	XP_014317612.1	XP_011236801.1, NP_001091113.1
OG0014336	XP_014317721.1	XP_006495839.1
OG0014337	XP_023616578.1	XP_036018500.1
OG0014338	XP_006082540.1	XP_011236806.1
OG0014339	XP_006082549.1	NP_780419.2
OG0014340	XP_006082550.1	NP_080471.2
OG0014341	XP_006082571.1	XP_006496230.1
OG0014343	XP_006082578.1	XP_006496234.1
OG0014344	XP_023619110.1	XP_006495950.1, NP_033552.2
OG0014345	XP_023619129.1	NP_001034584.1, XP_006496053.1
OG0014346	XP_006082594.3	NP_034674.2
OG0014347	XP_023617156.1	NP_076221.1
OG0014348	XP_014318444.1	XP_036008391.1
OG0014349	XP_023619177.1	NP_001390042.1
OG0014350	XP_006082637.1	XP_036020538.1
OG0014351	XP_006082640.1	NP_033155.1
OG0014352	XP_023617598.1	NP_001104749.1
OG0014353	XP_006082642.1	NP_001074679.1
OG0014356	XP_023619093.1	NP_001366386.1, XP_011236823.1
OG0014357	XP_006103254.1	NP_056626.2, XP_036008186.1
OG0014358	XP_014301157.1	NP_079833.1
OG0014359	XP_023616466.1	XP_006496919.1, NP_808391.2
OG0014360	XP_006094887.1	NP_766105.2
OG0014361	XP_014316398.1	NP_083301.1, XP_030099079.1
OG0014362	XP_023614764.1	NP_061220.2
OG0014363	XP_006102848.1	NP_064409.3
OG0014364	XP_006094386.1	NP_075019.1
OG0014365	XP_023614362.1	XP_011237217.1
OG0014366	XP_023600853.1	NP_001365805.1
OG0014367	XP_006103765.2	NP_859421.1
OG0014368	XP_006103835.1, XP_023600770.1	NP_033089.2
OG0014370	XP_006103845.2	NP_001034682.1
OG0014372	XP_023600362.1	NP_694704.1
OG0014373	XP_014301167.1	NP_001005508.2
OG0014374	XP_023616479.1	NP_001347737.1, NP_032455.2
OG0014375	XP_023616480.1	XP_036009584.1, NP_082248.1
OG0014376	XP_023616464.1	NP_034175.2
OG0014377	XP_006094879.1	NP_598580.1
OG0014378	XP_006103924.1	NP_032276.1
OG0014380	XP_006082904.1	XP_011245889.1
OG0014381	XP_006083044.1, XP_006083043.1, XP_014308582.1	NP_001156663.1
OG0014382	XP_006085269.1	NP_080012.1
OG0014383	XP_006082108.1	NP_033896.2
OG0014384	XP_006082325.1	NP_001070832.1
OG0014385	XP_006087862.1	NP_034470.1
OG0014386	XP_006087725.1	NP_031953.1
OG0014392	XP_006088686.1	NP_062270.1
OG0014393	XP_006088659.1	NP_001171426.1
OG0014394	XP_006088641.1	NP_033889.2
OG0014395	XP_023609510.1	NP_065651.1
OG0014396	XP_006088629.1	NP_080208.2
OG0014397	XP_023609508.1	NP_839987.2
OG0014398	XP_006088613.1	NP_001408453.1
OG0014399	XP_023609504.1	NP_001156557.2
OG0014400	XP_023609450.1	NP_001028644.2
OG0014401	XP_014311141.1	NP_001074593.1
OG0014402	XP_006085678.2	NP_758511.1
OG0014403	XP_006085687.1	NP_001412931.1
OG0014404	XP_006085689.1	NP_001349810.1
OG0014405	XP_006085704.1	NP_997593.1
OG0014406	XP_014318336.1	XP_030107333.1, NP_001355647.2
OG0014407	XP_006090615.1	NP_058607.1
OG0014408	XP_023611145.1	XP_011245733.1
OG0014409	XP_023616712.1	NP_663602.1, NP_001155288.1
OG0014411	XP_006097212.1	NP_032849.2
OG0014412	XP_023616687.1	NP_001405266.1
OG0014413	XP_014318480.1	NP_076127.1
OG0014414	XP_006097230.1	NP_080413.2
OG0014415	XP_014318490.1	XP_006527732.1
OG0014416	XP_006097257.1	NP_001277553.1
OG0014417	XP_023616720.1	XP_030107268.1, NP_062528.2
OG0014418	XP_006096180.1	NP_001345298.1, NP_084112.1
OG0014419	XP_006096191.1	NP_062684.2
OG0014420	XP_014321968.1	NP_001361646.1
OG0014421	XP_006082909.2	NP_034963.2
OG0014422	XP_006082997.1	NP_038504.1
OG0014423	XP_023620147.1	NP_766520.2
OG0014424	XP_006082919.1	NP_032858.2
OG0014425	XP_006083001.1	XP_030107132.1, NP_033223.2
OG0014426	XP_006083011.1	XP_006528328.1
OG0014427	XP_006082894.1	NP_033556.2
OG0014428	XP_006082890.1	NP_001103227.1
OG0014429	XP_006082871.1	NP_080225.2
OG0014430	XP_006097055.1	NP_766369.2
OG0014431	XP_006084751.1	NP_001345982.1
OG0014432	XP_006082344.1	NP_666373.1
OG0014433	XP_023612688.1	XP_006528613.1, NP_038752.2
OG0014434	XP_006082298.1	NP_062369.1
OG0014435	XP_006082271.1	NP_001390316.1
OG0014436	XP_006082266.1	NP_001390505.1
OG0014437	XP_006082261.1	NP_064433.3
OG0014438	XP_014314581.1	XP_006541467.1, NP_083170.1
OG0014439	XP_006082234.1	NP_084167.3
OG0014440	XP_023614162.1	NP_001170795.1
OG0014441	XP_006082222.2	NP_080213.3
OG0014442	XP_006082390.1	NP_766518.3
OG0014443	XP_006082215.1	NP_001277414.1
OG0014444	XP_006082194.1	NP_001300617.1
OG0014445	XP_014314016.1	NP_001160120.1
OG0014447	XP_006082102.1	NP_690014.3
OG0014448	XP_006082095.1	NP_001277343.1
OG0014449	XP_006087813.1	NP_032057.2
OG0014450	XP_006087757.1	NP_598748.1
OG0014451	XP_006087743.1	XP_011245832.1
OG0014452	XP_023608786.1	NP_001390993.1
OG0014453	XP_014310364.1	NP_001167018.1
OG0014454	XP_023606223.1	NP_083223.1
OG0014456	XP_006087069.1	NP_035056.1
OG0014457	XP_006082150.1	XP_006541568.1, NP_001177261.1
OG0014458	XP_023600857.1	NP_848807.1
OG0014459	XP_023600404.1, XP_023600395.1, XP_023600398.1	NP_034599.2
OG0014460	XP_023605642.1	XP_006517505.1, NP_083619.1
OG0014461	XP_006081251.1	NP_080597.2
OG0014462	XP_023612509.1	NP_001365969.1, NP_083754.2, NP_001343460.1
OG0014464	XP_006091635.1	NP_001411124.1
OG0014465	XP_006105704.1	NP_667150.1
OG0014466	XP_006105706.1	NP_997118.1, NP_666833.1
OG0014467	XP_006087534.1	NP_666658.1
OG0014468	XP_023605232.1, XP_006106912.1	NP_766042.2
OG0014469	XP_006094709.1	NP_667254.1
OG0014471	XP_014320657.1	NP_032435.2
OG0014475	XP_014305101.2, XP_006107766.2	NP_036113.1
OG0014476	XP_014307128.1	NP_064385.1, XP_017177157.1, NP_001004159.1
OG0014477	XP_023600577.1	NP_080248.2
OG0014478	XP_023604776.1	XP_006504741.1
OG0014479	XP_006101230.1	NP_598763.1
OG0014480	XP_023604861.1	NP_001157047.1, NP_001157048.1
OG0014481	XP_006089688.1, XP_006109144.1	NP_001359370.1
OG0014483	XP_023602771.1	XP_030098952.1
OG0014485	XP_014316651.1	NP_001280677.2, NP_071709.3
OG0014486	XP_023600515.1	NP_808446.1
OG0014491	XP_014303854.1, XP_023602966.1, XP_014303855.1	NP_612175.1
OG0014509	XP_006098866.1	NP_663481.2
OG0014510	XP_014314819.1	NP_034234.1
OG0014511	XP_006086980.1	NP_035518.1
OG0014512	XP_006109876.2	NP_035578.3
OG0014513	XP_023612214.1	NP_035746.2
OG0014514	XP_014302848.1	NP_035705.1
OG0014515	XP_006083016.1	NP_080251.3
OG0014516	XP_006096047.1	NP_082173.3
OG0014517	XP_006086158.1	NP_080034.2
OG0014519	XP_006097052.1	NP_620090.1
OG0014520	XP_006082035.1	NP_033489.1
OG0014522	XP_006093883.1	XP_006540709.1
OG0014523	XP_006088797.1	NP_031498.1
OG0014525	XP_006097942.1	NP_032363.1
OG0014526	XP_006087714.1	NP_034403.1
OG0014527	XP_006085025.1	NP_031769.2
OG0014528	XP_006086751.1	NP_001104329.1
OG0014530	XP_014302387.1	NP_038721.1
OG0014531	XP_006093432.1	NP_059078.2
OG0014532	XP_006099666.1	NP_033851.1
OG0014533	XP_006089124.1	NP_001290173.1
OG0014534	XP_006094067.1	NP_031864.2
OG0014535	XP_014312707.1	NP_001277970.1
OG0014536	XP_006087010.1	NP_001281237.1
OG0014537	XP_006103504.2	NP_766157.1
OG0014538	XP_006088314.1	NP_001013430.2
OG0014539	XP_006085533.1	XP_011239323.1, NP_536716.2
OG0014540	XP_006109849.1	NP_780549.1
OG0014541	XP_006097989.1	NP_033404.1
OG0014542	XP_006083873.1	NP_663358.1
OG0014543	XP_023617667.1	NP_032943.2
OG0014544	XP_006103589.1	NP_067249.1
OG0014545	XP_006086199.2	NP_033500.1
OG0014546	XP_023620813.1	NP_034040.1
OG0014548	XP_006093324.1	NP_033957.1
OG0014549	XP_006089390.1	NP_742122.2
OG0014550	XP_006107289.1	NP_032062.1
OG0014551	XP_006105629.1	NP_034036.1
OG0014552	XP_006099785.1	NP_033064.1
OG0014553	XP_023601594.1	NP_035039.1
OG0014554	XP_006094703.1	NP_667286.1
OG0014555	XP_006088455.3	NP_038751.2
OG0014558	XP_023618905.1	NP_076120.2, XP_036009585.1
OG0014559	XP_006100232.1	NP_032326.3
OG0014563	XP_006104539.1	NP_001033588.1
OG0014565	XP_006099122.3	NP_001334377.1
OG0014567	XP_006087213.1	NP_058673.2
OG0014568	XP_014301729.1	NP_001265498.1
OG0014569	XP_023615259.1	NP_034095.1
OG0014570	XP_023609579.1	XP_017177063.1, NP_775604.3
OG0014572	XP_006104008.1	NP_694746.2
OG0014573	XP_006107074.1	NP_035501.2
OG0014574	XP_023607698.1	NP_035545.1
OG0014575	XP_014315607.2	NP_945196.2
OG0014576	XP_006106409.1	NP_001041672.1
OG0014577	XP_023610085.1, XP_006082386.1, XP_006083047.1	NP_080756.1
OG0014578	XP_014303489.1	NP_034160.1
OG0014579	XP_006086978.1	NP_034241.2
OG0014580	XP_023607123.1	NP_031518.2, NP_001292869.1
OG0014582	XP_023604193.1	NP_033182.1
OG0014583	XP_023601793.1	NP_444497.1
OG0014584	XP_014304416.1	NP_032186.2
OG0014585	XP_014304449.1	NP_034645.2
OG0014586	XP_006103186.1	NP_598544.2
OG0014587	NP_001288560.1	NP_058597.2
OG0014588	XP_006100844.1	NP_035670.2
OG0014589	XP_014305544.1	NP_082181.2
OG0014590	XP_006091062.1	NP_033835.1
OG0014591	XP_006107128.1	NP_001344263.1, NP_033931.4
OG0014592	XP_023600824.1	NP_780729.3
OG0014593	XP_006094824.1	NP_001001451.1
OG0014594	XP_006095451.1	NP_065249.3
OG0014595	XP_006081615.1	NP_032000.3
OG0014596	XP_014302229.2	NP_032868.2
OG0014597	XP_023608458.1	NP_035530.2
OG0014598	XP_006109934.2	NP_742117.2
OG0014599	XP_006093288.1	NP_034682.1
OG0014600	XP_006094843.1	NP_543129.3
OG0014601	XP_023613070.1	NP_001012783.3
OG0014602	XP_006100240.1	NP_997059.1
OG0014604	XP_006097937.1	NP_038633.1
OG0014605	XP_006082245.1	NP_058063.2
OG0014606	XP_023614635.1	NP_031636.1
OG0014607	XP_006092937.2	NP_034112.3
OG0014608	XP_006095477.1	NP_031583.2
OG0014609	XP_006103045.1	NP_079591.1
OG0014610	XP_006087300.1	NP_032216.1
OG0014612	XP_006094728.1	NP_034940.3, NP_001306915.1
OG0014613	XP_023619687.1	NP_031436.2
OG0014615	XP_006098850.1	NP_001028477.1
OG0014616	XP_006094349.1	NP_680087.1
OG0014617	XP_006092404.1	NP_080894.1
OG0014618	XP_006094999.1	NP_032497.1
OG0014620	XP_014305258.2	NP_035252.1
OG0014621	XP_006096332.1	NP_035317.1
OG0014622	XP_006098330.1	NP_032840.1
OG0014623	XP_006081964.1	NP_032304.2
OG0014624	XP_006106939.1	NP_001343503.1
OG0014625	XP_006089614.2	NP_001033022.1
OG0014626	XP_006099082.1	NP_001346155.1
OG0014627	XP_006109294.1	XP_030101450.1
OG0014628	XP_006106065.1	NP_032903.3
OG0014629	XP_006093794.1	NP_035831.2
OG0014630	XP_006091774.1	NP_031509.1
OG0014631	XP_006099910.1	NP_080072.2
OG0014632	XP_006091215.1	NP_079667.2
OG0014633	XP_023609785.1	NP_034307.1
OG0014634	XP_014320604.1	NP_062733.1
OG0014635	XP_014321114.1	NP_573461.2
OG0014636	XP_006100118.1	NP_058668.1
OG0014637	XP_006109939.1	NP_035082.1
OG0014638	XP_006081912.1	NP_080070.2
OG0014639	XP_023617238.1	NP_001268939.1
OG0014640	XP_023604248.1	NP_038753.1
OG0014642	XP_006093693.1	NP_032626.2
OG0014643	XP_006086362.1	NP_653132.1
OG0014644	XP_023615710.1	NP_034725.3
OG0014645	XP_006096683.1	NP_034020.1
OG0014647	XP_014315412.1	NP_033310.2
OG0014649	XP_023620423.1	NP_031471.2
OG0014650	XP_006096104.1	NP_033215.2
OG0014651	XP_006095755.1	NP_081287.1
OG0014652	XP_006095767.1	NP_666175.1
OG0014653	XP_006095750.1	NP_058575.2
OG0014654	XP_014316530.1	NP_203537.1
OG0014656	XP_023606761.1	NP_075553.2
OG0014659	XP_006099750.1	NP_001011737.1
OG0014660	XP_023614575.1	NP_667272.1
OG0014661	XP_006094637.1	NP_666467.1
OG0014662	XP_006096996.1	NP_666926.2
OG0014663	XP_006094671.1	NP_667257.2
OG0014664	XP_014316178.1	NP_667320.1
OG0014669	XP_014305027.1	NP_079666.1
OG0014671	XP_006104509.1	NP_038624.3
OG0014672	XP_006084488.1	NP_083805.1
OG0014673	XP_006103003.1	NP_035947.2
OG0014675	XP_023599339.1	NP_598504.1
OG0014676	XP_023616941.1	XP_036016919.1
OG0014677	XP_023616943.1	NP_001356062.1
OG0014678	XP_006090857.1	NP_001404766.1
OG0014679	XP_014309944.1	NP_598582.3
OG0014680	XP_014309917.1	XP_006529575.1
OG0014681	XP_014309882.1	NP_001014981.1
OG0014682	XP_014321832.1	NP_034903.2
OG0014683	XP_006085255.1	NP_001034303.3
OG0014684	XP_006084512.1	NP_848828.1
OG0014685	XP_023606008.1	XP_006512866.1
OG0014686	XP_023605974.1	XP_006512640.1
OG0014687	XP_006084489.1	NP_032848.1
OG0014688	XP_014307358.1	NP_062360.1
OG0014689	XP_014307456.1	NP_001392757.1
OG0014690	XP_006084465.1	NP_064345.1
OG0014691	XP_014307447.1	NP_083448.1
OG0014692	XP_014307303.2	NP_080681.1
OG0014693	XP_006084443.1	NP_796245.2, XP_017169459.1
OG0014694	XP_006103668.1	NP_597844.1
OG0014695	XP_023613984.1	NP_081069.1
OG0014696	XP_023613950.1	XP_011241382.1
OG0014697	XP_006093938.1	NP_081733.3
OG0014698	XP_006089239.1	NP_001074634.1
OG0014699	XP_006089237.1	NP_849239.2
OG0014700	XP_023609973.1	NP_084170.1, XP_006512985.1
OG0014701	XP_006089269.1	NP_079817.1
OG0014702	XP_006089282.2	NP_001028557.2
OG0014703	XP_014311741.1	XP_011241455.1
OG0014704	XP_023614920.1	NP_848781.1
OG0014706	XP_006105650.1	NP_766457.1
OG0014707	XP_023608174.1	NP_001289876.1
OG0014708	XP_014309628.1	NP_666207.3
OG0014709	XP_023608114.1	NP_034768.2
OG0014710	XP_006104351.1	NP_056641.2
OG0014711	XP_006094186.1	NP_067500.1
OG0014712	XP_014304166.1	NP_081014.1
OG0014713	XP_014323057.1	NP_001034268.1
OG0014714	XP_006103444.1	NP_663553.1
OG0014716	XP_014306048.1	XP_017167821.1, NP_082710.2
OG0014721	XP_023603752.1	NP_861541.2
OG0014724	XP_006088700.1, XP_023615395.1	NP_001277310.1
OG0014726	XP_014321846.1	NP_001004178.1
OG0014728	XP_023603787.1	NP_598710.1, XP_036009496.1
OG0014729	XP_023604269.1	NP_033127.1
OG0014730	XP_014305315.1	NP_778187.2
OG0014732	XP_006108882.1, XP_006109173.2	NP_109603.2
OG0014733	XP_006107051.1	NP_082820.1
OG0014734	XP_014304438.1	NP_058670.2
OG0014736	XP_006106970.1	NP_598488.2
OG0014738	XP_023602639.1	NP_081214.1, NP_001405856.1
OG0014742	XP_006108851.2	NP_035285.2
OG0014743	XP_023605257.1	NP_001407656.1
OG0014744	XP_014306315.1	NP_918953.2
OG0014745	XP_023603023.1	XP_006539579.1
OG0014746	XP_023603025.1	NP_001334511.1
OG0014747	XP_023604919.1	NP_031975.2
OG0014748	XP_006106199.1	NP_033072.2
OG0014749	XP_014301481.1	NP_001026837.1
OG0014751	XP_006102705.1	NP_001277416.1
OG0014752	XP_014318130.1	NP_659172.1
OG0014753	XP_006096785.1	NP_082693.1
OG0014754	XP_006096781.1	NP_036004.2
OG0014755	XP_014318120.1	NP_079892.1
OG0014756	XP_006096743.1	NP_071877.3
OG0014757	XP_006096746.1	NP_001293151.1, NP_035038.2
OG0014758	XP_014318084.1	XP_006540320.1
OG0014759	XP_006098669.1	NP_001074476.1
OG0014760	XP_006098690.1	NP_079824.2
OG0014761	XP_014319732.1	NP_705805.1
OG0014762	XP_023618122.1	NP_001028312.2
OG0014764	XP_006098731.1	NP_598454.2
OG0014765	XP_023603987.1	XP_006540247.1
OG0014766	XP_006096031.1	NP_080825.1
OG0014767	XP_006096038.1	NP_032846.2
OG0014768	XP_023615661.1	NP_001355316.1
OG0014769	XP_006086454.2	NP_853521.1
OG0014771	XP_006094337.1	NP_061279.2
OG0014772	XP_023609320.1	NP_112540.2
OG0014773	XP_006086458.1	NP_620395.2
OG0014774	XP_014315704.2	NP_036174.1
OG0014775	XP_006109664.1	NP_032084.2
OG0014776	XP_014322866.1	NP_082004.1
OG0014777	XP_023613852.1	NP_694795.1
OG0014778	XP_006098281.1	NP_001395029.1
OG0014779	XP_006098916.1	XP_030108104.1, NP_084339.1
OG0014780	XP_023607260.1	NP_848778.1
OG0014781	XP_006085868.1	NP_001107030.1, NP_081030.1, NP_001298137.1, NP_001159404.1
OG0014782	XP_023614161.1	NP_001393872.1
OG0014783	XP_006088468.1	NP_034712.3
OG0014784	XP_023609365.1	NP_840068.1
OG0014785	XP_006088494.1	NP_035933.2
OG0014786	XP_023609368.1	XP_017171136.1
OG0014787	XP_006109836.1	NP_001257575.1
OG0014788	XP_006086576.1	NP_001355580.1
OG0014789	XP_023607930.1	NP_036009.1
OG0014790	XP_006086540.1	NP_775559.2
OG0014791	XP_006109697.1	NP_444356.1
OG0014792	XP_006086498.1	NP_034541.2
OG0014793	XP_006086461.1	NP_081348.1
OG0014794	XP_006086460.1	NP_598898.2
OG0014795	XP_006105681.1	NP_082427.1
OG0014796	XP_006105688.1	NP_001074531.1
OG0014797	XP_006107491.1	NP_082763.3
OG0014798	XP_023603353.1	NP_690017.2
OG0014799	XP_006081487.2	NP_082318.2
OG0014800	XP_006081480.1	NP_079723.1
OG0014801	XP_006081479.1	NP_001347826.1
OG0014802	XP_006081626.1	NP_084260.1
OG0014803	XP_023607198.1	NP_001352267.1
OG0014804	XP_006081440.2	NP_068686.1
OG0014805	XP_006099272.1	NP_032213.2
OG0014806	XP_006108915.1	NP_032635.1
OG0014807	XP_006109367.3	NP_598715.2
OG0014809	XP_006103119.2	NP_081388.1
OG0014810	XP_023600168.1	NP_001297459.1
OG0014811	XP_014303497.2	NP_081556.3
OG0014812	XP_006107361.1	NP_062600.2
OG0014813	XP_023604384.1	NP_080103.1
OG0014814	XP_023602252.1	NP_062768.1
OG0014815	XP_006094265.3	NP_001009819.1
OG0014816	XP_006094277.1	NP_079728.2
OG0014817	XP_006094283.1	NP_598912.5
OG0014818	XP_006094305.1	NP_932143.2
OG0014819	XP_006094306.1	NP_001182659.1, XP_006502694.1
OG0014820	XP_006094313.1	NP_955009.1
OG0014821	XP_006094316.1	NP_035447.3
OG0014822	XP_023599995.1	NP_079921.2
OG0014823	XP_006097307.1	NP_082201.2
OG0014824	XP_023616741.1	XP_006538519.1
OG0014825	XP_023616773.1	NP_001342127.1
OG0014826	XP_006097355.1	NP_780516.1
OG0014827	XP_006097359.1	NP_035078.1
OG0014828	XP_006097361.1	NP_598645.2
OG0014829	XP_006102026.1	NP_077177.2
OG0014830	XP_023599209.1	NP_001034766.1
OG0014831	XP_023601195.1	NP_062706.2
OG0014832	XP_023614095.1	NP_839988.1
OG0014833	XP_023614111.1	XP_006538538.1
OG0014834	XP_023614145.1	XP_006538839.1
OG0014835	XP_014315696.1	NP_001075141.1
OG0014836	XP_023614087.1	NP_080062.5
OG0014838	XP_006108854.1	NP_775603.2
OG0014839	XP_023600973.1	NP_001408189.1
OG0014840	XP_023601710.1	NP_001078982.1
OG0014841	XP_014302508.1	NP_038896.2
OG0014842	XP_006108119.3	NP_035433.1
OG0014844	XP_006103778.1	NP_001034643.1
OG0014845	XP_023600726.1	XP_006539086.1
OG0014846	XP_023613828.1	NP_001297384.1
OG0014847	XP_023601035.1	NP_001156789.1
OG0014848	XP_006081247.1	NP_001392387.1
OG0014849	XP_006081250.1	NP_033209.1
OG0014850	XP_023605524.1	NP_766415.1
OG0014851	XP_006081256.1	NP_079957.2
OG0014852	XP_006081265.1	NP_082769.1
OG0014853	XP_006081604.1	NP_780704.1
OG0014854	XP_014309198.1	NP_082648.1
OG0014855	XP_006081297.1	NP_001033076.1
OG0014856	XP_006081344.1	NP_057877.1
OG0014857	XP_006109107.2	NP_080759.2
OG0014858	XP_006102886.1	NP_001156004.1
OG0014859	XP_006108668.3	NP_076397.2
OG0014860	XP_023604009.1	NP_084111.1
OG0014861	XP_014304860.1	NP_057930.2
OG0014862	XP_006107939.2	NP_666305.2
OG0014864	XP_023600478.1	NP_109630.1
OG0014867	XP_006109271.2	NP_038615.2
OG0014869	XP_006104151.1	NP_083554.2
OG0014870	XP_014301957.2	NP_620703.1
OG0014871	XP_023601189.1	NP_862905.1
OG0014873	XP_014301835.1	NP_077198.1
OG0014874	XP_006096670.1	NP_031550.2
OG0014875	XP_006109122.1	XP_011239086.1
OG0014876	XP_006088570.1	NP_780383.2
OG0014877	XP_006088587.1	NP_001164176.2
OG0014878	XP_006093325.1	XP_006503859.1
OG0014879	XP_006093329.1	NP_077175.1
OG0014880	XP_006095062.1	XP_030110777.1
OG0014881	XP_023604000.1	NP_001034193.2
OG0014882	XP_023602176.1	NP_080001.1
OG0014883	XP_006106131.1	NP_766297.2
OG0014886	XP_023601499.1	NP_034010.3
OG0014887	XP_023601524.1	NP_919238.1
OG0014888	XP_023602826.1	NP_083184.1
OG0014889	XP_006109808.2	NP_932771.1
OG0014890	XP_023602478.1	NP_001074589.1
OG0014892	XP_006104805.1	NP_598716.1
OG0014893	XP_023610389.1	NP_001191844.1
OG0014894	XP_006089784.1	NP_848793.1
OG0014896	XP_006090291.1	XP_006519326.1
OG0014897	XP_023610835.1	NP_081241.1
OG0014898	XP_006090279.2	NP_663434.2
OG0014899	XP_006090236.1	NP_001074716.1
OG0014900	XP_006100194.1	NP_067315.1
OG0014901	XP_006081208.1	NP_081766.1
OG0014902	XP_006081681.1	NP_083579.1
OG0014903	XP_014318891.1	NP_064352.2
OG0014904	XP_006097725.1	NP_035621.1
OG0014905	XP_023599249.1	XP_036012095.1, NP_080212.2
OG0014906	XP_006098652.1	NP_598778.1
OG0014907	XP_014311630.1	NP_766112.1
OG0014908	XP_023609850.1	NP_796049.1
OG0014909	XP_006104544.1	XP_006525992.1
OG0014910	XP_023616990.1	XP_006525761.1
OG0014911	XP_023615160.1	NP_034538.2
OG0014912	XP_023610807.1	NP_598860.2
OG0014913	XP_006090197.1	XP_011243630.1
OG0014914	XP_014312528.1	NP_573490.3
OG0014915	XP_006090169.1	NP_001291971.1
OG0014916	XP_006090155.1	NP_149065.2
OG0014917	XP_006081541.1	NP_079949.1
OG0014918	XP_014321012.1	NP_775594.1, NP_001347063.1
OG0014919	XP_006100165.1	NP_038915.1
OG0014920	XP_006105219.1	NP_062379.3
OG0014921	XP_006105220.1	NP_665684.2
OG0014922	XP_006105218.1	XP_036010875.1, NP_839976.1
OG0014923	XP_006094729.1	NP_038931.1
OG0014924	XP_023599719.1	NP_033789.1
OG0014925	XP_006096169.1	NP_064431.2
OG0014926	XP_006097427.1	NP_080290.3
OG0014927	XP_006087117.1	NP_001007224.1
OG0014928	XP_023611864.1	NP_031612.1
OG0014929	XP_023617796.1	XP_006510751.1
OG0014930	XP_006098364.1	NP_821170.1
OG0014931	XP_006098300.1	NP_001019310.1
OG0014932	XP_006098301.1	XP_006510278.1
OG0014934	XP_006106587.1	NP_080406.1
OG0014935	XP_023599015.1	NP_780398.2
OG0014936	XP_014322644.1, XP_006108916.2	NP_666334.2
OG0014937	XP_023617827.1	NP_083655.1
OG0014938	XP_023602084.1	NP_848759.1
OG0014940	XP_006106416.1	NP_068561.1
OG0014942	XP_023601384.1	NP_666097.3
OG0014944	XP_006103020.1	XP_011240798.1
OG0014945	XP_006093552.1	NP_038925.1
OG0014947	XP_014321579.1	NP_058056.2
OG0014948	XP_023619980.1	XP_006533626.1
OG0014949	XP_006102797.2	NP_848144.3
OG0014950	XP_006102798.1	NP_031599.2
OG0014951	XP_006102827.1	XP_006533740.1
OG0014952	XP_006102833.1	NP_083636.2
OG0014953	XP_006102838.1	NP_083507.3
OG0014956	XP_006105548.1	NP_001013432.1
OG0014957	XP_006102676.2, XP_023599714.1	NP_001400402.1
OG0014958	XP_006102655.1	NP_149030.2
OG0014960	XP_023604494.1	NP_666116.1
OG0014961	XP_023604495.1	NP_001075035.1
OG0014962	XP_023599628.1	XP_011247195.1
OG0014963	XP_006103908.1	NP_766531.2
OG0014964	XP_006104930.1	NP_619616.2
OG0014965	XP_023601787.1	NP_001355860.1
OG0014966	XP_006107279.1	NP_775655.1
OG0014967	XP_014312227.1	XP_011238902.1
OG0014968	XP_023610433.1	XP_006503371.1
OG0014969	XP_006096172.2	NP_034721.1
OG0014970	XP_006100086.1	NP_542122.1
OG0014971	XP_006100092.1	NP_536706.2
OG0014972	XP_006100088.1	NP_444502.2
OG0014974	XP_014306702.1	NP_056598.2
OG0014982	XP_006109419.3	NP_001355667.1
OG0014986	XP_014304683.2	NP_598549.1
OG0014987	XP_023603049.1	NP_780361.2
OG0014988	XP_014303674.1	NP_001401209.1
OG0014989	XP_023608314.1	NP_038547.2
OG0014990	XP_023608321.1	NP_032050.2
OG0014991	XP_006087082.1	NP_082347.1
OG0014992	XP_006087118.1	NP_766604.2
OG0014993	XP_006087119.1	NP_001277110.1
OG0014994	XP_006087130.1	NP_001028493.1
OG0014995	XP_014309839.1	NP_001185768.1
OG0014996	XP_006087140.1	NP_001032754.1
OG0014997	XP_006091295.1	NP_081846.3
OG0014998	XP_006091292.1	NP_001164214.1
OG0014999	XP_023611866.1	NP_082550.1
OG0015000	XP_023611808.1	NP_001116066.2
OG0015001	XP_006110175.1	NP_034947.1
OG0015002	XP_006091217.1	NP_079734.1
OG0015003	XP_006091214.1	NP_631975.3
OG0015004	XP_023611860.1	NP_001355245.1
OG0015005	XP_006099530.1	NP_663379.1
OG0015006	XP_006099508.1	NP_038668.2
OG0015007	XP_006099507.1	NP_075671.1
OG0015008	XP_006099500.1	NP_067488.1
OG0015009	XP_006099495.1	NP_062669.2
OG0015010	XP_006099547.1	NP_038505.2
OG0015011	XP_014320413.1	XP_006530585.2
OG0015012	XP_014320409.1	NP_001365894.1
OG0015013	XP_006099445.1	NP_081029.1
OG0015014	XP_023618846.1	NP_705810.2
OG0015018	XP_006104782.1	NP_001019309.1
OG0015019	XP_006100987.1	NP_035077.1
OG0015020	XP_006107262.1	NP_080177.1
OG0015021	XP_006093982.1	NP_034646.1
OG0015022	XP_006089880.1	NP_031862.1
OG0015023	XP_006109815.1	NP_598480.1
OG0015024	XP_023612891.1	NP_001074609.1
OG0015025	XP_023612785.1	XP_017175072.1, NP_001037847.1
OG0015026	XP_023609238.1	NP_033875.2
OG0015027	XP_006106267.1	NP_079838.1
OG0015028	XP_006106269.1	NP_036092.1
OG0015029	XP_023613222.1	NP_035769.1
OG0015030	XP_006081084.1	NP_032814.2
OG0015031	XP_023614306.1	NP_001075431.2
OG0015032	XP_006081091.1	NP_001365367.1
OG0015033	XP_006081094.1	NP_694801.2
OG0015034	XP_006081101.1	NP_032594.1
OG0015035	XP_006081106.1	NP_036132.1
OG0015036	XP_006081100.1	NP_001406102.1
OG0015037	XP_006081124.1	NP_001028485.1
OG0015038	XP_006097748.3	NP_058069.1
OG0015039	XP_014318899.1	NP_080008.1
OG0015040	XP_023617172.1	NP_035312.3
OG0015042	XP_014305940.1	NP_034432.1
OG0015044	XP_014305802.2	NP_598677.1
OG0015045	XP_006106095.1	NP_848715.1
OG0015046	XP_006103531.1	NP_780372.2
OG0015047	XP_006103391.1	NP_766334.1
OG0015048	XP_006103409.1	NP_001334586.1
OG0015049	XP_006103410.1	NP_766335.1
OG0015050	XP_014301192.1	NP_077190.2
OG0015051	XP_023602186.1	XP_006507783.1
OG0015052	XP_023602210.1	NP_001276467.1
OG0015053	XP_006085933.1	NP_035251.3
OG0015054	XP_006085932.1	NP_067621.3
OG0015055	XP_014308839.2	NP_001028345.1
OG0015056	XP_023604147.1	XP_006507527.1
OG0015057	XP_006101421.1	NP_080175.1
OG0015058	XP_006088259.1	NP_062526.1
OG0015059	XP_014310826.1	NP_001028552.1
OG0015060	XP_006100747.1	NP_062292.1
OG0015061	XP_023602052.1	NP_035076.1
OG0015062	XP_006096393.1	NP_001277930.1
OG0015063	XP_006090475.1	NP_076135.3
OG0015064	XP_006090482.1	NP_112459.1
OG0015066	XP_006100998.1	NP_081284.2
OG0015067	XP_023620259.1	NP_032769.2
OG0015068	XP_006100959.1	NP_663371.2
OG0015069	XP_006100955.1	NP_080960.1
OG0015070	XP_006100954.1	NP_001157417.1
OG0015071	XP_006100951.1	NP_075969.2
OG0015072	XP_006107148.1	NP_898973.2
OG0015073	XP_006107146.1	XP_036016652.1
OG0015074	XP_006104986.1	NP_082227.1
OG0015075	XP_006103754.2	NP_663385.2
OG0015076	XP_006103718.1	NP_001093924.1
OG0015077	XP_006103743.3	XP_030105753.1, NP_001074538.1
OG0015078	XP_006103760.2	NP_032139.1
OG0015079	XP_006092603.1	NP_081708.1
OG0015080	XP_023612847.1	NP_666248.1
OG0015081	XP_006092632.1	NP_031467.1
OG0015082	XP_006092647.1	NP_001276474.1
OG0015083	XP_014314520.1	NP_001074789.2
OG0015084	XP_023601942.1	XP_036018972.1
OG0015085	XP_006093963.1	NP_663521.1
OG0015086	XP_014315629.1	NP_848769.2
OG0015087	XP_023607574.1	NP_033870.1
OG0015088	XP_006086187.1	NP_001157672.1
OG0015089	XP_006086153.1	NP_766062.1
OG0015090	XP_023618644.1	NP_001357710.1
OG0015091	XP_023618647.1	NP_001165563.1
OG0015092	XP_006089044.1	NP_034630.1
OG0015093	XP_006089063.2	NP_033478.1
OG0015094	XP_014311587.1	NP_899247.3
OG0015096	XP_006089333.1	NP_001028512.2
OG0015102	XP_006089981.1	XP_006497318.1
OG0015103	XP_023610584.1	NP_034730.1
OG0015104	XP_006089973.1	NP_033605.1
OG0015105	XP_006089964.1	NP_848747.4
OG0015106	XP_006089961.1	NP_659129.2
OG0015107	XP_023610583.1	NP_084336.1
OG0015108	XP_023609702.1	XP_006529637.1
OG0015109	XP_006089077.1	NP_034813.2
OG0015110	XP_023610491.1	XP_006529513.1
OG0015111	XP_006089913.1	NP_080645.2
OG0015112	XP_023609733.1	XP_006496813.1
OG0015113	XP_014311497.1	NP_001191833.1
OG0015114	XP_014304308.1	XP_006496829.1, NP_001074759.1
OG0015115	XP_006097925.1	NP_084347.1
OG0015116	XP_006099675.1	NP_032002.1
OG0015117	XP_023619012.1	NP_663487.1
OG0015118	XP_006106635.1	NP_780505.1
OG0015119	XP_006104576.1	NP_001012330.1
OG0015122	XP_023617412.1	NP_001357785.1
OG0015123	XP_006097839.1	NP_291051.1
OG0015124	XP_023617299.1	NP_001025061.2
OG0015125	XP_023617364.1	NP_038719.2
OG0015126	XP_014318977.1	NP_084250.1
OG0015127	XP_023606629.1	NP_001355584.1
OG0015128	XP_023603573.1, XP_006085180.1	NP_079685.1
OG0015129	XP_023606576.1	NP_001401328.1
OG0015130	XP_006085207.1	NP_033334.2
OG0015131	XP_006091720.1	NP_001334438.1
OG0015132	XP_023612176.1	NP_001028617.2
OG0015133	XP_006104532.1	NP_001157081.1
OG0015134	XP_006105471.2	NP_663467.1
OG0015135	XP_006104523.1	NP_077144.2
OG0015136	XP_023609998.1	XP_006524231.1
OG0015137	XP_023610039.1	NP_001138664.1, XP_006524478.1
OG0015138	XP_023610002.1	XP_006523675.1
OG0015139	XP_006089351.1	NP_598446.2, XP_036016134.1
OG0015140	XP_006089362.1	NP_444491.1
OG0015141	XP_014307990.1	NP_001365773.1
OG0015143	XP_006085155.1	NP_803421.1
OG0015144	XP_006100130.1	NP_780413.1
OG0015145	XP_006102321.1	NP_081084.1
OG0015146	XP_006085940.1	NP_064683.2
OG0015147	XP_006109838.1	NP_848830.1
OG0015148	XP_006098485.1	NP_034364.1
OG0015149	XP_006100133.1	NP_034720.2
OG0015150	XP_006100131.1	NP_035316.1
OG0015151	XP_023619456.1	NP_997014.1
OG0015152	XP_006102331.1	NP_083270.2
OG0015153	XP_006102306.1	NP_077229.4
OG0015155	XP_006102283.1	NP_064339.2
OG0015156	XP_006102279.1	NP_001076444.1
OG0015157	XP_006102280.1	NP_062794.1
OG0015158	XP_023607319.1	NP_032884.2
OG0015159	XP_006085904.1	NP_082409.2
OG0015160	XP_023607288.1	NP_082590.2, XP_011242488.1
OG0015161	XP_014308791.1	XP_030102685.1
OG0015162	XP_014303231.1	NP_001156743.1
OG0015163	XP_023611365.1	NP_808474.2
OG0015164	XP_006087871.1	NP_666147.1
OG0015165	XP_014321103.1	NP_082403.2
OG0015166	XP_014320750.1	NP_766187.1
OG0015167	XP_006099643.1	NP_062759.2
OG0015168	XP_006096094.1	NP_032882.2
OG0015169	XP_014317491.1	NP_001351210.1
OG0015170	XP_006096085.1	NP_075764.1
OG0015171	XP_014323381.2	NP_109675.1
OG0015172	XP_023599680.1	NP_062758.3
OG0015173	XP_014323384.1	XP_006515932.1
OG0015174	XP_006091034.1	NP_666039.1
OG0015175	XP_023611658.1	NP_001008423.2
OG0015176	XP_006091097.1	NP_001334313.1
OG0015177	XP_006097685.1	NP_599008.3
OG0015178	XP_023617146.1	NP_083097.2
OG0015179	XP_006098501.1	NP_082908.2
OG0015180	XP_006098487.1	NP_660120.2
OG0015181	XP_006098483.1	NP_058047.1
OG0015182	XP_006098478.2	NP_001186772.1
OG0015183	XP_006087016.1	NP_666148.1
OG0015184	XP_023601631.1	XP_006515388.1
OG0015185	XP_014301026.1	XP_017170662.1
OG0015186	XP_006100568.1	NP_796114.1
OG0015188	XP_006100578.1	NP_001171312.1
OG0015190	XP_023601748.1	NP_082641.1
OG0015191	XP_023601742.1	NP_932140.2
OG0015193	XP_006109402.1	XP_006516241.1
OG0015194	XP_014305711.1	XP_036013090.1
OG0015196	XP_023605067.1	NP_001365427.1
OG0015200	XP_006095035.1	NP_001365439.1
OG0015201	XP_014319947.1	NP_150086.2
OG0015202	XP_014322807.2	NP_079768.2, XP_036012791.1
OG0015203	XP_014317011.1	NP_796156.3
OG0015205	XP_023604366.1	NP_038954.1
OG0015206	XP_006099025.1	NP_062380.2
OG0015207	XP_006099007.1	XP_006531996.1, NP_570928.1
OG0015208	XP_006105328.1	NP_034185.1
OG0015209	XP_006095651.1	NP_032737.1
OG0015210	XP_006095665.1	NP_083135.1
OG0015213	XP_006108954.1	NP_079678.1
OG0015214	XP_023604833.1	XP_006532807.1
OG0015216	XP_006108016.1	NP_035162.1
OG0015217	XP_006108017.1	NP_081090.1
OG0015220	XP_006109112.2	NP_001034256.1
OG0015221	XP_023600535.1	NP_001351006.1
OG0015222	XP_023600539.1	NP_077139.2
OG0015223	XP_006103472.1	NP_899108.3, XP_011247546.1
OG0015226	XP_023603064.1	NP_444503.2
OG0015227	XP_023614839.1	XP_036012601.1
OG0015228	XP_023612723.1	NP_034433.3
OG0015229	XP_006092483.1	NP_035398.2
OG0015230	XP_023612748.1	NP_062304.1
OG0015231	XP_006092495.2	NP_080170.1
OG0015232	XP_006092500.1, XP_014305803.2	NP_598463.2
OG0015233	XP_014314261.1	XP_006532738.1
OG0015234	XP_014314391.1	NP_796062.2
OG0015235	XP_006110222.1	XP_006534615.2
OG0015236	XP_006092214.1	NP_032976.1
OG0015237	XP_006092221.1	NP_001239377.1
OG0015238	XP_006092245.1	XP_006533113.1
OG0015240	XP_006105295.1	NP_620092.1
OG0015241	XP_006106153.1	NP_080042.1
OG0015242	XP_006092340.1	NP_683755.1
OG0015243	XP_006092387.1	NP_032087.2
OG0015245	XP_006092403.1	NP_080838.1
OG0015246	XP_014314316.1	NP_062317.1
OG0015247	XP_006092409.1	NP_031747.2
OG0015248	XP_006092423.1	XP_006532112.1
OG0015249	XP_006092426.1	NP_033012.1
OG0015250	XP_023612683.1	XP_006533709.1, NP_001074663.1
OG0015251	XP_006092470.1	NP_766153.1
OG0015252	XP_006092469.1	NP_080003.1
OG0015253	XP_006095049.1	NP_998895.2
OG0015254	XP_006095050.1	NP_075745.1
OG0015255	XP_006100876.1	NP_001074394.1
OG0015256	XP_006100846.1	NP_079835.1, XP_030101315.1
OG0015257	XP_023620161.1	NP_001103096.1
OG0015258	XP_014319960.1	NP_032405.3
OG0015259	XP_014319970.1	NP_598782.1
OG0015261	XP_023618376.1	NP_032294.2
OG0015262	XP_023618375.1	NP_034589.3
OG0015263	XP_006109670.1	NP_032293.1
OG0015264	XP_006098994.1	NP_758504.3
OG0015265	XP_023610245.1	NP_034081.1
OG0015266	XP_023602087.1	NP_758465.2
OG0015268	XP_023599979.1	XP_006532001.1
OG0015269	XP_006102925.1	NP_082075.2
OG0015270	XP_023599873.1	NP_082823.1
OG0015271	XP_006095639.1	NP_950173.1
OG0015272	XP_023615372.1	NP_001314739.1
OG0015273	XP_006095697.1	NP_031972.2
OG0015274	XP_006095681.1	NP_001389523.1
OG0015275	XP_006092278.1	NP_080467.3
OG0015276	XP_006092324.2	NP_033350.2
OG0015277	XP_006092296.1	NP_058606.3
OG0015278	XP_006092297.1	NP_080101.1
OG0015279	XP_023612511.1	NP_001033021.2
OG0015280	XP_014322799.2	NP_001013781.1
OG0015281	XP_006101990.1	NP_084500.1
OG0015282	XP_006099939.3	XP_006532059.1
OG0015283	XP_006095559.1	NP_062627.3
OG0015284	XP_006095568.1	NP_598467.1
OG0015285	XP_006095579.1	NP_035837.1
OG0015286	XP_006095578.1	NP_001161993.1
OG0015287	XP_006095588.1	NP_001391729.1
OG0015288	XP_014317074.1	NP_071708.2
OG0015289	XP_006095599.1	NP_001271156.1
OG0015290	XP_023615275.1	NP_001012309.1
OG0015291	XP_023615266.1	NP_848760.1
OG0015292	XP_023618604.1	NP_032776.1
OG0015293	XP_006099256.1	NP_080940.2
OG0015294	XP_014320172.2	NP_032876.1
OG0015295	XP_014320205.1	NP_001025109.1
OG0015296	XP_023618605.1	NP_081525.1
OG0015297	XP_014320188.1	NP_652762.2
OG0015299	XP_006105197.1	NP_083840.1
OG0015300	XP_006105200.1	NP_034483.1
OG0015301	XP_006107863.1	XP_006498485.1
OG0015308	XP_023604125.1	NP_001394979.1
OG0015312	XP_014306264.1	NP_079652.1
OG0015314	XP_023601440.1	NP_001160177.1
OG0015315	XP_023602497.1	XP_006498011.1
OG0015316	XP_006104843.1	NP_659133.1
OG0015318	XP_023601711.1	NP_579924.1
OG0015319	XP_006103234.1	NP_065062.1
OG0015320	XP_006103232.1	NP_808316.1
OG0015321	XP_014301038.2	XP_006498334.1
OG0015322	XP_006103182.1	NP_932118.1
OG0015323	XP_023599283.1	NP_570930.1
OG0015324	XP_023599289.1	NP_666231.1
OG0015325	XP_006096311.1	NP_077171.1
OG0015326	XP_006096321.1	NP_848893.2
OG0015327	XP_006091186.1	NP_080979.1
OG0015328	XP_023614831.1	XP_030101983.1
OG0015329	XP_023613754.1	NP_598758.2
OG0015330	XP_023613727.1	NP_032408.2
OG0015331	XP_023613705.1	NP_001028434.1
OG0015332	XP_006102467.1	NP_032223.2
OG0015333	XP_006103058.1	NP_077245.2
OG0015334	XP_014314851.1	NP_079742.1
OG0015335	XP_006093728.1	NP_904326.1
OG0015336	XP_006093698.1	XP_006513048.1
OG0015337	XP_023613780.1	NP_112542.1
OG0015338	XP_023613763.1	NP_001272714.1
OG0015339	XP_006093626.1	NP_001034089.1
OG0015340	XP_006093594.1	XP_017169241.1, NP_001191965.1
OG0015341	XP_006100741.1	XP_011241835.1
OG0015342	XP_023616429.1	NP_001074662.2
OG0015343	XP_006097956.1	NP_084151.2
OG0015344	XP_006095538.1	NP_666354.1
OG0015345	XP_006095531.1	NP_067427.1
OG0015346	XP_014316965.1	NP_077774.1
OG0015347	XP_014316964.2	NP_001414153.1
OG0015348	XP_006099219.1	NP_001028646.2
OG0015349	XP_006106436.1	NP_891558.1
OG0015350	XP_023604467.1	NP_001403078.1
OG0015353	XP_023603834.1	NP_848729.1
OG0015354	XP_006098564.1	NP_080263.1
OG0015355	XP_006098603.1	NP_035529.1
OG0015356	XP_023599558.1	NP_081507.1
OG0015357	XP_023599553.1	NP_666041.1
OG0015358	XP_014304342.1	XP_006521509.1, NP_082471.2
OG0015359	XP_006107324.2	XP_006521523.3
OG0015360	XP_006092772.1	NP_821136.1
OG0015361	XP_006092776.1	NP_001281207.1
OG0015362	XP_006092783.1	NP_598754.2
OG0015363	XP_006092814.1	NP_780660.1
OG0015367	XP_023601661.1	NP_080456.1
OG0015368	XP_023603034.1	NP_001152968.1
OG0015369	XP_006083460.1	NP_082852.1
OG0015370	XP_023602723.1	NP_034960.1
OG0015371	XP_006083529.1	NP_001093864.1
OG0015372	XP_014303798.1	NP_918943.1
OG0015373	XP_023602525.1	NP_080741.1
OG0015374	XP_006083377.1	NP_001390953.1
OG0015375	XP_006093039.1	NP_473382.1
OG0015376	XP_006093028.1	NP_034881.2
OG0015377	XP_006106438.2	NP_001153650.2
OG0015378	XP_006102491.1	NP_951062.1
OG0015381	XP_006086627.1	NP_035026.1
OG0015382	XP_006086596.1	NP_034410.3
OG0015383	XP_006090762.1	NP_034017.1
OG0015384	XP_006098799.1	NP_035144.1
OG0015385	XP_006086689.1	NP_032399.1
OG0015386	XP_014304214.1, XP_023603326.1	NP_001349654.1
OG0015387	XP_006102601.3	NP_035148.1
OG0015388	XP_023599648.1	XP_036012258.1
OG0015389	XP_014323339.2	NP_001388483.1
OG0015390	XP_023609817.1	XP_017169732.1
OG0015391	XP_006081700.1	NP_080907.1
OG0015392	XP_006081693.1	NP_080487.2
OG0015393	XP_006081197.2	NP_149026.1
OG0015394	XP_006081158.1	NP_001344392.1
OG0015395	XP_014310725.1	NP_079754.2
OG0015396	XP_014309816.1	NP_001074797.1
OG0015397	XP_023619547.1	NP_082193.2
OG0015398	XP_006100228.1	NP_694709.1
OG0015399	XP_006086662.1	NP_694757.1
OG0015400	XP_014309396.1	XP_030101626.1
OG0015402	XP_023607940.1	NP_001239416.1
OG0015403	XP_006086615.1	NP_084148.1
OG0015404	XP_006086607.1	NP_033316.2
OG0015405	XP_023607893.1	NP_001348065.1
OG0015406	XP_023607936.1	NP_659114.2
OG0015407	XP_006086592.1	NP_031939.1
OG0015408	XP_006086586.1	NP_821072.1
OG0015409	XP_006104082.1	NP_613061.1
OG0015411	XP_023614682.1	NP_001356010.1
OG0015412	XP_006094866.1	NP_848463.1
OG0015413	XP_006099394.1	NP_783578.1
OG0015414	XP_006093588.1	NP_080644.2
OG0015415	XP_006101289.1	NP_038718.2
OG0015416	XP_014319861.1	NP_035593.2
OG0015417	XP_006098837.2	NP_057898.2
OG0015418	XP_006098785.1	NP_001342367.1
OG0015419	XP_014319811.1	NP_080364.1
OG0015420	XP_006098777.1	NP_001292315.1
OG0015421	XP_014323514.1	NP_035701.3
OG0015422	XP_023599790.1	NP_766280.2
OG0015423	XP_023599811.1	NP_062309.2
OG0015424	XP_006102761.1	NP_081787.1
OG0015425	XP_023599800.1, XP_023599801.1, XP_023599803.1, XP_023599802.1	NP_001335037.1
OG0015426	XP_006102756.1	NP_001002787.1
OG0015427	XP_006103283.1	NP_525028.1
OG0015428	XP_023619861.1	NP_079789.1
OG0015429	XP_006110090.1	NP_001028478.1
OG0015430	XP_006096556.1	NP_001028373.2
OG0015431	XP_014317908.1	NP_035858.2
OG0015432	XP_006096547.1	NP_444409.1
OG0015433	XP_023616110.1	NP_034058.2
OG0015434	XP_006096537.1	NP_064382.3
OG0015435	XP_006088124.1	XP_006538043.1
OG0015436	XP_023609064.1	XP_011248370.1
OG0015437	XP_014310686.2	NP_848842.1
OG0015438	XP_006088092.1	NP_001342625.1
OG0015439	XP_023609036.1	NP_001357772.1
OG0015440	XP_006088063.1	NP_081573.1
OG0015441	XP_006099419.1	NP_077135.1
OG0015442	XP_006091151.1	NP_766282.1
OG0015443	XP_006091160.1	NP_084297.1
OG0015445	XP_023613481.1	NP_001342199.1
OG0015446	XP_006109710.1	NP_598883.1
OG0015447	XP_023600952.1	NP_080154.1
OG0015448	XP_023613140.1	NP_598423.1
OG0015451	XP_023601586.1	NP_034864.2
OG0015452	XP_006104683.1	XP_006524181.1
OG0015453	XP_006104656.1	NP_035023.3
OG0015455	XP_006104440.1	NP_062276.1
OG0015458	XP_006105502.1	XP_006524298.1
OG0015459	XP_006107743.1	NP_080339.1
OG0015460	XP_006104778.1	NP_001074238.1
OG0015461	XP_006104454.1	NP_001401270.1
OG0015462	XP_023601436.1	NP_001157213.1
OG0015463	XP_006104085.2	NP_001343194.1
OG0015464	XP_006103676.1	NP_033824.1
OG0015465	XP_006100609.1	NP_001170845.1
OG0015466	XP_006100610.1	NP_848472.2
OG0015467	XP_006100615.3	NP_001400081.1
OG0015468	XP_006100646.1	NP_033111.2
OG0015469	XP_014321473.1	NP_082474.1
OG0015470	XP_006098638.1	NP_001291885.1
OG0015471	XP_006093282.1	NP_001366002.1
OG0015472	XP_006090771.1	NP_031581.2
OG0015473	XP_006090786.1	NP_573498.1
OG0015474	XP_006089399.2	NP_598479.1
OG0015475	XP_014312705.2	NP_683743.2
OG0015476	XP_006090420.1	XP_006511121.1
OG0015477	XP_006090410.2	NP_032641.2
OG0015478	XP_006095399.1	NP_076303.3
OG0015479	XP_023615125.1	NP_062640.2
OG0015480	XP_023615116.1	NP_001028427.1
OG0015481	XP_006091857.1	NP_001355984.1
OG0015482	XP_006109926.3	NP_001398782.1
OG0015483	XP_006095895.1	NP_081018.1
OG0015484	XP_014317305.2	NP_032925.1
OG0015485	XP_014307255.1	NP_001161776.1
OG0015487	XP_006109190.1	NP_001399788.1
OG0015488	XP_014311885.1, XP_023605253.1	NP_080166.1
OG0015489	XP_014319149.1	NP_001355234.1
OG0015490	XP_023603819.1	NP_001334469.1
OG0015491	XP_006101338.1	NP_775579.2
OG0015495	XP_006088590.2	NP_032914.1
OG0015496	XP_006088526.1	NP_001018019.3
OG0015497	XP_023614427.1	NP_001290360.1
OG0015498	XP_023619390.1	NP_001355587.1
OG0015499	XP_023599104.1	NP_001333951.1
OG0015500	XP_006093411.1	NP_941008.2
OG0015501	XP_006093389.1	NP_780665.1
OG0015502	XP_006085293.1	NP_081488.1
OG0015503	XP_006085295.1	NP_034292.2
OG0015504	XP_006085300.1	NP_035060.1
OG0015505	XP_014308169.1	NP_081035.1
OG0015506	XP_006085315.1	NP_077169.1
OG0015507	XP_006086385.1	NP_080622.1
OG0015508	XP_006100335.1	XP_006521187.2
OG0015510	XP_006108094.1	NP_848761.2
OG0015511	XP_023604461.1	NP_666171.2
OG0015513	XP_014304182.1, XP_006107626.2	NP_663447.1
OG0015517	XP_023609433.1	NP_001028587.1
OG0015519	XP_006094046.1	NP_081154.1
OG0015520	XP_006094028.1	NP_001363893.1
OG0015521	XP_023614041.1	XP_036021371.1
OG0015522	XP_023614040.1	NP_001405020.1
OG0015523	XP_006094041.3	NP_001152990.2
OG0015524	XP_006095700.1	NP_722496.2
OG0015526	XP_006094474.1	NP_075541.1
OG0015527	XP_014316127.1	XP_006535172.1
OG0015528	XP_023614429.1	NP_033167.2
OG0015529	XP_023614412.1	NP_031976.1
OG0015530	XP_014304631.1	XP_006520723.1, NP_942588.1
OG0015531	XP_023604104.1	NP_001138568.1
OG0015532	XP_006088441.1	NP_031564.1
OG0015533	XP_014307982.1	NP_277057.1
OG0015534	XP_006088821.1	NP_031992.1
OG0015535	XP_006088788.1	NP_033847.1
OG0015536	XP_023619583.1	NP_001034136.1
OG0015537	XP_006088413.1	NP_079626.2
OG0015538	XP_006088423.1	NP_033485.1
OG0015540	XP_023609308.1	NP_001177390.1
OG0015541	XP_014312844.2	NP_034468.2
OG0015542	XP_006090562.1	NP_084124.1
OG0015543	XP_006090564.2	NP_444328.1
OG0015544	XP_006099147.1	NP_001156695.1
OG0015545	XP_006085128.1	NP_067432.2
OG0015546	XP_006085006.1	NP_064394.2
OG0015547	XP_006085129.1	NP_766467.2
OG0015548	XP_014307888.1	NP_663373.2
OG0015549	XP_023606498.1	NP_001388425.1
OG0015550	XP_006085053.1	NP_038771.1
OG0015551	XP_006085066.1	NP_034186.2
OG0015552	XP_006085067.1	NP_001071181.1
OG0015553	XP_006085080.1	XP_006505259.1
OG0015554	XP_023606443.1	XP_006515130.1
OG0015555	XP_023606531.1	NP_001348027.1
OG0015556	XP_006085103.1	NP_079588.1
OG0015557	XP_006085108.1	NP_079635.1
OG0015558	XP_006085112.1	NP_038492.1
OG0015559	XP_006085121.1	NP_001366075.1
OG0015560	XP_006085125.1	XP_006516433.1, NP_084237.1
OG0015561	XP_023609625.1	NP_001360918.1
OG0015562	XP_006088868.1	NP_080724.2
OG0015563	XP_023609630.1	NP_035033.1
OG0015564	XP_006109659.3	NP_032291.1
OG0015565	XP_006088828.1	NP_034584.1
OG0015566	XP_006088824.1	NP_001406347.1, NP_034586.1
OG0015567	XP_006088823.1	NP_034580.1
OG0015569	XP_014311357.2	NP_080093.1
OG0015570	XP_023609593.1	XP_006506356.1, NP_001161332.1, NP_001161333.1
OG0015571	XP_023609589.1	NP_001136253.1
OG0015572	XP_006096282.1	NP_780521.2
OG0015573	XP_006100253.1	NP_076142.3
OG0015574	XP_006100254.1	NP_076218.3
OG0015575	XP_006090568.1	NP_082030.1
OG0015576	XP_006087425.1	NP_598653.3
OG0015577	XP_006098201.1	NP_001074781.1
OG0015578	XP_023614239.1	NP_945198.2
OG0015579	XP_014310141.2	NP_032619.1
OG0015583	XP_006084049.1	NP_001408403.1
OG0015584	XP_023608743.1	XP_006501884.1, NP_067345.1
OG0015585	XP_023608652.1	NP_001357693.1
OG0015586	XP_006087286.1	XP_036020404.1, NP_083474.1
OG0015587	XP_006087292.1	NP_001012400.1
OG0015588	XP_006087298.1	NP_808240.2
OG0015590	XP_006099176.1	NP_570951.2
OG0015591	XP_014320162.1	NP_001390983.1
OG0015592	XP_006099208.2	NP_780432.1
OG0015593	XP_006094232.1	NP_036100.3
OG0015594	XP_023614230.1	NP_001107871.1
OG0015596	XP_023608548.1	NP_081526.1
OG0015597	XP_006087387.1	NP_766285.2
OG0015598	XP_006087378.1	NP_079610.1
OG0015599	XP_006087338.3	NP_851383.2
OG0015600	XP_006098208.1	NP_079917.1
OG0015601	XP_006098240.1	NP_666368.1
OG0015602	XP_023617680.1	NP_780453.1
OG0015603	XP_023617673.1	NP_608301.3
OG0015604	XP_023608576.1	NP_291095.1
OG0015605	XP_023608579.1	NP_937813.3
OG0015607	XP_006087522.1	NP_001074418.1
OG0015608	XP_006087515.1	NP_001028443.1
OG0015609	XP_023608602.1	NP_001011875.1
OG0015610	XP_006087454.1	NP_075923.2
OG0015611	XP_023605497.1	NP_033370.2
OG0015612	XP_006084028.1	NP_032683.1
OG0015613	XP_006084030.1	NP_001034443.1
OG0015614	XP_006084067.1	NP_080544.1
OG0015615	XP_006109766.1	NP_032543.2
OG0015616	XP_006084157.1	NP_892004.1
OG0015617	XP_023610502.1	NP_001242962.1
OG0015618	XP_014311315.1	XP_011238437.1
OG0015619	XP_023610913.1	NP_796234.1
OG0015620	XP_006081871.1	NP_058064.2
OG0015621	XP_006081872.1	NP_862897.1
OG0015622	XP_006081932.1	NP_064295.2
OG0015623	XP_023611094.1	XP_011238578.1
OG0015624	XP_006081882.1	NP_038522.2
OG0015625	XP_006081937.1	NP_001129561.1
OG0015626	XP_006084130.2	NP_780540.2, XP_036011377.1
OG0015627	XP_006081931.1	NP_808330.1
OG0015628	XP_023601984.1	XP_017171607.1, NP_001034214.1
OG0015630	XP_006102624.1	NP_941023.1
OG0015631	XP_006097092.1	NP_067344.2
OG0015632	XP_023616593.1	NP_083278.1
OG0015633	XP_023607584.1	NP_082274.1
OG0015634	XP_006094825.1	NP_647457.2
OG0015635	XP_023614662.1	NP_065248.1
OG0015636	XP_006088384.1	NP_001013384.1
OG0015637	XP_006106762.1	NP_080814.1
OG0015638	XP_023603333.1	XP_006514506.1
OG0015639	XP_006106860.1	NP_061358.1
OG0015640	XP_023609554.1	XP_006506820.1
OG0015641	XP_006101100.1	NP_694815.1
OG0015644	XP_023600037.1	NP_034264.1
OG0015645	XP_006097091.1	NP_950243.1
OG0015646	XP_023616592.1	XP_006509052.1
OG0015647	XP_006086317.1	NP_081207.1
OG0015648	XP_023607594.1	NP_031427.2, NP_001258987.1, XP_006509048.1
OG0015649	XP_006086297.1	NP_080397.1
OG0015650	XP_023607645.1	XP_036010246.1
OG0015651	XP_006086329.1	NP_001094972.1
OG0015652	XP_023607635.1	NP_080729.1
OG0015653	XP_023607600.1	NP_001074619.2
OG0015654	XP_014314584.1	NP_001361581.1
OG0015655	XP_006092729.2	NP_001359271.1
OG0015656	XP_006100365.2	NP_083845.1
OG0015657	XP_023619699.1	XP_006509489.1
OG0015659	XP_014316293.1	NP_001074770.2
OG0015660	XP_023620584.1	NP_918950.2
OG0015661	XP_006102415.1	NP_963289.3
OG0015662	XP_014321738.1	NP_033763.3
OG0015663	XP_023615082.1	NP_082038.2
OG0015666	XP_006091787.1	NP_083597.1
OG0015667	XP_006091754.1	NP_001191841.1
OG0015668	XP_023601580.1	NP_001257917.1
OG0015669	XP_023601579.1	NP_001161351.1
OG0015670	XP_006099872.1	NP_057912.2
OG0015671	XP_023619244.1	NP_067422.1
OG0015672	XP_023619263.1	XP_011239025.1
OG0015673	XP_006099891.1	NP_001120827.1
OG0015674	XP_006099892.1	NP_032040.1
OG0015675	XP_006099886.1	XP_006503720.3
OG0015676	XP_006094397.1	NP_783570.1
OG0015677	XP_006094419.1	XP_006523581.1
OG0015678	XP_006094428.1	NP_598508.2
OG0015679	XP_023602001.1	NP_001272869.1
OG0015680	XP_006083504.2	NP_659051.3
OG0015681	XP_023601950.1	NP_033257.2
OG0015682	XP_006102874.1	NP_796188.2
OG0015683	XP_006102875.1	NP_079572.2
OG0015684	XP_023601760.1	XP_006498677.1
OG0015685	XP_006104848.1	NP_033112.2
OG0015686	XP_006104065.1	NP_033114.3
OG0015687	XP_023602834.1	NP_062776.1
OG0015688	XP_023619291.1	NP_033469.1
OG0015689	XP_023617979.1	NP_001103234.1
OG0015690	XP_006096861.1	NP_034822.1
OG0015691	XP_006096857.1	NP_065644.2
OG0015692	XP_014318161.1	NP_076036.2
OG0015693	XP_006096859.1	NP_081020.1
OG0015694	XP_014318133.1	NP_659167.2
OG0015695	XP_023616397.1	NP_034261.1
OG0015696	XP_006092551.1	NP_080878.2
OG0015697	XP_006092534.1	NP_079955.1
OG0015698	XP_006092532.1	NP_081809.2
OG0015699	XP_006097564.1	NP_038514.1
OG0015700	XP_006097529.1	NP_035472.1
OG0015701	XP_006097830.1	NP_080815.1
OG0015702	XP_006109551.1, XP_014318228.1	NP_001156397.1
OG0015703	XP_006096990.2	NP_001074608.1
OG0015704	XP_023616460.1	NP_001155859.1
OG0015705	XP_006096942.1	NP_001009935.1
OG0015706	XP_006095239.1	NP_694693.1
OG0015707	XP_006095329.1	NP_032971.2
OG0015709	XP_006092582.1	NP_694731.1
OG0015710	XP_006092581.1	NP_033546.2
OG0015711	XP_006091784.1	NP_034900.4
OG0015714	XP_006102557.1	NP_996856.1
OG0015715	XP_006101713.1	NP_001277468.1
OG0015716	XP_006085414.1	NP_083547.1
OG0015717	XP_023606777.1	XP_006516829.1
OG0015718	XP_023606874.1	NP_032039.2
OG0015719	XP_006088260.1	NP_083102.1
OG0015720	XP_006108813.1	NP_036005.1
OG0015725	XP_023604799.1	NP_035658.1
OG0015726	XP_023617574.1	NP_034564.2
OG0015727	XP_006098122.1	NP_663504.1
OG0015728	XP_006091887.1	NP_001028346.1
OG0015729	XP_006091943.1	NP_080161.1
OG0015730	XP_006092000.1	NP_848870.2
OG0015731	XP_006092002.1	NP_080964.1
OG0015733	XP_014314072.1	NP_001334104.1
OG0015734	XP_023612418.1	XP_006498600.1
OG0015735	XP_023612426.1	NP_035292.2
OG0015736	XP_023612301.1	NP_898935.1
OG0015737	XP_006106184.1	NP_109650.1
OG0015738	XP_006097970.1	NP_031468.1
OG0015742	XP_023599620.1	NP_001001320.1
OG0015743	XP_014323312.1	NP_058629.2
OG0015744	XP_006101674.1	NP_997151.2
OG0015745	XP_006101671.3	NP_038484.1
OG0015746	XP_014322496.1	XP_006531773.1
OG0015747	XP_006101658.1	NP_780592.1
OG0015748	XP_023620864.1	NP_001001885.1
OG0015749	XP_006101652.1	NP_001390496.1
OG0015750	XP_006101648.1	NP_082899.1
OG0015751	XP_006110017.2	NP_941018.1
OG0015752	XP_006101616.1	NP_065237.3
OG0015753	XP_006101617.2	NP_852117.2
OG0015754	XP_006104406.1	NP_001074510.1
OG0015755	XP_006104409.1	NP_082730.2
OG0015756	XP_014302202.1	NP_038887.2
OG0015758	XP_006104377.1	NP_035354.1
OG0015760	XP_023603121.1	NP_001034583.1
OG0015761	XP_014303428.1	NP_080601.2
OG0015762	XP_014303441.1	NP_079739.1
OG0015763	XP_006105945.1	NP_789813.1
OG0015764	XP_023602545.1	NP_033773.1
OG0015766	XP_023602543.1	NP_035972.3
OG0015767	XP_006105946.1	NP_033099.3
OG0015769	XP_014304713.1	NP_758506.3
OG0015770	XP_006107297.1	NP_001264789.1
OG0015771	XP_006108695.1	NP_076220.2
OG0015773	XP_006103801.1	NP_034348.2
OG0015777	XP_023617751.1	NP_034263.2
OG0015778	XP_006081761.1	NP_444319.3
OG0015779	XP_014310591.1	NP_075991.1
OG0015780	XP_023610012.1	NP_001035489.2
OG0015781	XP_006082032.1	NP_848473.2
OG0015784	XP_006098864.1	NP_032407.1
OG0015785	XP_023613652.1	XP_011246265.1
OG0015786	XP_023600867.1	NP_001028213.1
OG0015787	XP_006100496.1	NP_803228.2
OG0015788	XP_006098546.1	NP_033424.1
OG0015789	XP_006109703.2	XP_030111246.1
OG0015790	XP_006104917.1	NP_083119.1
OG0015791	XP_006105117.1	NP_032442.1
OG0015792	XP_006104642.1	NP_080146.1
OG0015793	XP_014301912.2	NP_001025461.1
OG0015794	XP_023620415.1	NP_035747.1
OG0015795	XP_014320651.1	NP_766344.2
OG0015796	XP_023620394.1	NP_035613.2
OG0015797	XP_023599055.1	NP_941017.2, XP_006513682.1
OG0015798	XP_023599043.1	NP_569722.1, XP_006513350.1
OG0015799	XP_014323194.1	NP_082144.2
OG0015800	XP_006102429.1	NP_032907.1
OG0015801	XP_006091366.1	NP_075547.1
OG0015802	XP_006091370.1	NP_064348.1
OG0015804	XP_023605383.1	NP_033557.2
OG0015805	XP_023605403.1	XP_006506860.1
OG0015806	XP_014306791.1	NP_080234.2
OG0015807	XP_023605155.1	NP_001103976.1
OG0015808	XP_006083910.1	NP_598698.1
OG0015809	XP_006083924.1	NP_080641.1
OG0015810	XP_006083928.1	NP_001028376.1
OG0015811	XP_014306840.1	XP_006506845.1
OG0015813	XP_023619828.1	NP_780566.1
OG0015814	XP_023602017.1	NP_941014.1, XP_006506070.1
OG0015815	XP_006089111.1	NP_808292.1
OG0015816	XP_006090934.1	NP_848783.3
OG0015817	XP_006090898.1	NP_081187.3
OG0015818	XP_006090879.2	NP_073147.2
OG0015819	XP_023603041.1	NP_703189.3
OG0015821	XP_006108292.1	XP_006511698.1
OG0015822	XP_006108811.1	NP_062678.1
OG0015823	XP_006108251.1	NP_080179.1
OG0015824	XP_023603012.1	NP_080873.2
OG0015825	XP_006106178.1	NP_065266.1
OG0015826	XP_014306339.2	NP_079683.2
OG0015827	XP_023604159.1	NP_666339.2
OG0015828	XP_023619929.1	NP_001359467.1
OG0015829	XP_006100474.1	NP_001340859.1
OG0015830	XP_006100466.1	NP_001280724.1
OG0015831	XP_023619766.1	NP_808568.1
OG0015832	XP_023619771.1	NP_031815.2
OG0015833	XP_006100457.1	XP_006509840.1
OG0015834	XP_014321312.2	NP_619588.1
OG0015835	XP_006100438.1	NP_079853.1
OG0015836	XP_006100424.1	XP_011240550.1
OG0015837	XP_006100416.1	NP_075552.2
OG0015838	XP_006107649.3	NP_079672.1
OG0015839	XP_014320646.1	XP_006509629.1
OG0015840	XP_023619078.1	XP_036010293.1, NP_032001.2
OG0015841	XP_023619061.1	XP_006530852.1
OG0015842	XP_006099722.1	NP_653117.1
OG0015843	XP_023619074.1	XP_006524475.1
OG0015844	XP_014320615.1	NP_059504.2
OG0015845	XP_006100390.1	NP_077146.1
OG0015846	XP_023619726.1	XP_030099676.1, NP_083153.1
OG0015847	XP_014321235.1	NP_057880.2, XP_011246739.1
OG0015848	XP_006100382.1	NP_766090.2
OG0015850	XP_006109908.1	NP_034629.3
OG0015851	XP_006105101.1	NP_957679.1
OG0015852	XP_006105098.1	NP_001365823.1
OG0015853	XP_006105100.1	NP_899202.3
OG0015854	XP_006105097.1	NP_031617.1
OG0015855	XP_006105096.1	NP_079924.2
OG0015856	XP_006105086.1	XP_036009672.1
OG0015857	XP_006104618.1	NP_001297688.1
OG0015858	XP_014305872.1	NP_001074409.1
OG0015859	XP_006106006.1	NP_848734.1
OG0015860	XP_006105801.1	NP_001103770.1
OG0015861	XP_023601124.1	NP_899668.1
OG0015862	XP_006104114.1	NP_082187.1
OG0015863	XP_006104113.1	NP_001034913.1
OG0015864	XP_023601134.1	NP_058572.2
OG0015865	XP_006102504.1	NP_766506.4, XP_006510340.1
OG0015866	XP_023599125.1	NP_001355721.1
OG0015867	XP_006101950.1	NP_001036022.1
OG0015868	XP_006101941.1	NP_035722.2
OG0015869	XP_023620390.1	NP_034743.3
OG0015870	XP_006101161.1	NP_849257.1
OG0015871	XP_006101160.1	NP_081520.1
OG0015872	XP_006101155.1	NP_001182602.1
OG0015873	XP_023601755.1	XP_030105461.1
OG0015874	XP_014302576.1	NP_084075.1
OG0015875	XP_023603443.1	NP_084072.1
OG0015876	XP_023603444.1	NP_001397094.1
OG0015878	XP_006106971.1	NP_001366290.1
OG0015879	XP_023603613.1	NP_038692.1
OG0015881	XP_006106000.1	NP_079593.1
OG0015882	XP_023620445.1	NP_034232.1
OG0015883	XP_023604113.1	XP_006514197.1, NP_082105.3
OG0015884	XP_023599064.1	NP_038623.1
OG0015885	XP_014322654.1	NP_067540.1
OG0015886	XP_023599058.1	NP_001346561.1
OG0015887	XP_014322717.2	NP_683736.2
OG0015889	XP_014315546.1	NP_034996.2
OG0015890	XP_023614670.1	NP_001005232.1
OG0015891	XP_006098148.1	NP_001028353.1
OG0015892	XP_006092847.1	NP_789806.1
OG0015893	XP_006092832.1	NP_001158269.1
OG0015894	XP_006092829.1	NP_659182.1
OG0015895	XP_006092942.1	NP_032081.3
OG0015896	XP_014314793.1	NP_080580.1
OG0015897	XP_006092961.1	NP_081574.1
OG0015898	XP_006098522.1	NP_079791.2
OG0015899	XP_006091119.1	NP_780314.1
OG0015900	XP_014323709.1	NP_848750.3
OG0015901	XP_023599980.1	NP_034967.2
OG0015902	XP_014323721.1	NP_001182458.1
OG0015903	XP_006100510.1	NP_080286.2
OG0015904	XP_023619815.1	NP_001074585.1
OG0015906	XP_023614567.1	NP_001395058.1
OG0015907	XP_006094579.1	NP_033129.2
OG0015908	XP_006094625.1	NP_667024.1
OG0015909	XP_006094638.1	NP_001369348.1
OG0015910	XP_014316249.1	NP_031653.1
OG0015911	XP_006105616.1	NP_082720.1
OG0015912	XP_023602331.1	NP_001357732.1
OG0015913	XP_006105630.2	NP_079577.1
OG0015914	XP_023610352.1	XP_030098095.1
OG0015915	XP_023610358.1	NP_766496.2
OG0015916	XP_006089700.1	NP_852658.2
OG0015917	XP_006089677.1	NP_033457.2
OG0015918	XP_006089672.1	NP_776100.2
OG0015919	XP_014312081.1	NP_780488.2
OG0015920	XP_023610279.1	NP_663559.1
OG0015921	XP_023613892.1	XP_017177675.1
OG0015923	XP_023613929.1	XP_036008753.1
OG0015924	XP_006093863.1	NP_080712.1
OG0015925	XP_023613917.1	NP_082307.1
OG0015926	XP_006091652.1	NP_080547.1
OG0015927	XP_023613059.1	NP_034372.1
OG0015928	XP_006083572.1	NP_035743.2
OG0015929	XP_006083629.1	NP_001230090.1
OG0015931	XP_006083615.1	NP_001034194.1
OG0015932	XP_023604879.1	NP_001162007.1
OG0015933	XP_023604192.1	NP_796355.2
OG0015934	XP_006083550.1	NP_067518.2
OG0015935	XP_006098651.1	NP_444335.2
OG0015936	XP_006096429.1	NP_033899.2
OG0015937	XP_014309004.1	XP_036014595.1
OG0015938	XP_006089899.1	NP_083854.3
OG0015939	XP_006102008.1	NP_001347306.1
OG0015940	XP_023620688.1	NP_075363.1, XP_006519420.1
OG0015941	XP_006086981.1	NP_076134.1
OG0015942	XP_023608212.1	NP_997164.1, XP_036008140.1
OG0015943	XP_006086976.1	NP_775622.1
OG0015944	XP_023608236.1	NP_001074681.1
OG0015945	XP_006086953.1	NP_932148.1
OG0015946	XP_006102099.1	NP_001395934.1
OG0015947	XP_006102104.1	NP_033051.2, XP_006508797.1
OG0015948	XP_006109824.1	NP_081552.2
OG0015949	XP_023604886.1	NP_080874.2
OG0015950	XP_006083802.1	NP_035570.1
OG0015951	XP_006084818.1	NP_001403657.1
OG0015952	XP_006090400.2	NP_001158235.1
OG0015953	XP_006098007.1, XP_006109393.1	NP_722476.1
OG0015954	XP_006098012.1	NP_081290.1
OG0015955	XP_006097139.1	NP_001348949.1
OG0015956	XP_023619951.1	XP_006512122.1
OG0015957	XP_023619142.1	NP_083252.1
OG0015958	XP_023599470.1	NP_780323.2
OG0015959	XP_006102362.3	NP_082478.1
OG0015960	XP_006087650.1	NP_001165592.1
OG0015961	XP_006087661.1	NP_034266.2
OG0015962	XP_023608678.1	NP_001381921.1
OG0015963	XP_006087694.3	NP_067479.2
OG0015964	XP_023608683.1	NP_033435.2
OG0015965	XP_006083976.1	XP_006523646.1
OG0015966	XP_006083977.2	NP_083208.1
OG0015967	XP_006083756.1	NP_444389.2
OG0015968	XP_023605299.1	NP_082997.3
OG0015969	XP_006083766.1	NP_079968.2
OG0015970	XP_014306893.1	NP_077253.3
OG0015971	XP_014306469.1	NP_001028715.2
OG0015973	XP_023605146.1	XP_006511670.1, NP_001357811.1
OG0015974	XP_006085834.1	NP_083896.1
OG0015975	XP_006085838.1	NP_001108449.1
OG0015976	XP_006085842.1	NP_061233.2
OG0015977	XP_023609537.1	NP_001182622.1, XP_006510800.1
OG0015978	XP_014311282.2	NP_001028521.1
OG0015979	XP_006096370.1	NP_033200.2
OG0015980	XP_014320253.1	XP_030108561.1
OG0015981	XP_023610937.1	NP_082412.2
OG0015982	XP_014312657.1	NP_033013.3
OG0015983	XP_006090368.1	NP_058033.2
OG0015984	XP_006085239.1	NP_034788.1
OG0015985	XP_006091476.1	NP_001025463.1
OG0015986	XP_006091495.1	NP_083297.1
OG0015987	XP_023603962.1	XP_036013024.1
OG0015988	XP_006104260.1	NP_079766.3
OG0015989	XP_023601281.1	XP_006499574.1
OG0015990	XP_006104254.1	NP_084039.2
OG0015991	XP_006088046.1	NP_852082.2
OG0015992	XP_023608976.1	NP_001393313.1
OG0015993	XP_006088052.1	NP_001263418.1
OG0015994	XP_006088021.1	NP_038850.1
OG0015995	XP_006088020.1	NP_001033730.1
OG0015996	XP_023617875.1	NP_083424.1
OG0015997	XP_006096450.1	NP_085036.3
OG0015998	XP_014317802.1	NP_062670.2
OG0015999	XP_006089440.1	NP_077158.1
OG0016000	XP_006089613.1	NP_780335.1
OG0016001	XP_006089449.1	XP_006498846.1
OG0016002	XP_023610258.1	NP_001359292.1
OG0016003	XP_006089509.1	NP_663512.2
OG0016004	XP_006091489.1	NP_659140.2
OG0016005	XP_006091485.1	NP_001092801.1, XP_006498585.1
OG0016006	XP_006091452.1	NP_081061.1
OG0016007	XP_006091436.1	NP_001076443.1
OG0016008	XP_006098048.1	NP_694705.2
OG0016009	XP_006098042.1	NP_001347859.1
OG0016010	XP_023617504.1	NP_067384.2
OG0016011	XP_023617500.1	NP_001153802.1
OG0016013	XP_006103807.2	NP_071720.1
OG0016014	XP_006103948.1	NP_001078970.1
OG0016015	XP_006104298.1	NP_035611.3
OG0016016	XP_006096432.1	NP_808394.1
OG0016017	XP_006098325.1	NP_081140.1
OG0016018	XP_023608819.1	NP_001399512.1, NP_001034655.1
OG0016019	XP_014316545.1	NP_035051.1
OG0016020	XP_006082851.1	NP_082242.1
OG0016021	XP_014319517.1	NP_796279.2
OG0016022	XP_023603168.1	NP_062352.1
OG0016024	XP_023604930.1	NP_080501.2
OG0016025	XP_014308502.1	NP_766089.1
OG0016026	XP_023607022.1	NP_775558.2
OG0016027	XP_023607019.1	NP_573494.1
OG0016028	XP_006085540.1	XP_036021207.1, NP_001153165.1
OG0016029	XP_023617777.1	NP_034358.2
OG0016031	XP_014319379.1	NP_079928.2
OG0016032	XP_006092204.3	NP_082389.2
OG0016033	XP_006081958.1	NP_034532.3
OG0016034	XP_006081976.1	NP_035576.1
OG0016035	XP_006082013.1	NP_084255.2
OG0016037	XP_006095087.1	XP_036013618.1
OG0016038	XP_014316550.2	NP_032717.2
OG0016039	XP_023614870.1	NP_031428.2
OG0016040	XP_006095070.1	NP_033311.3
OG0016041	XP_006100784.2	NP_001412575.1
OG0016042	XP_006100777.1	XP_036014334.1
OG0016043	XP_023601985.1	NP_001345990.1
OG0016044	XP_014318879.1	XP_006496493.1
OG0016045	XP_023615254.1	NP_001392212.1
OG0016046	XP_006082838.1	NP_690879.1
OG0016047	XP_014319114.1	NP_071862.2
OG0016048	XP_006110056.1	NP_001138464.1
OG0016049	XP_006082693.1	NP_081633.1
OG0016050	XP_006082695.1	XP_006530015.1
OG0016051	XP_006110206.1	NP_660257.2
OG0016052	XP_014319536.1	NP_835220.1
OG0016053	XP_023615341.1	NP_001355651.1
OG0016054	XP_006083056.3	NP_780327.1
OG0016055	XP_006083062.2	NP_835152.1
OG0016056	XP_006099607.1	NP_001001999.1
OG0016057	XP_006099605.1	NP_038833.2
OG0016058	XP_006103422.1	NP_034181.2
OG0016059	XP_006106257.1	NP_035262.2
OG0016060	XP_023604719.1	NP_001136114.1
OG0016061	XP_014305938.1	NP_001365844.1
OG0016064	XP_023600807.1	NP_001028633.1
OG0016065	XP_023601859.1	XP_006530293.1
OG0016066	XP_014320066.1	NP_077178.1
OG0016067	XP_006099088.1	NP_796216.2
OG0016068	XP_023618454.1	XP_011246473.2
OG0016069	XP_023618441.1	NP_033786.1
OG0016070	XP_023618442.1	NP_034895.1
OG0016071	XP_006099095.1	NP_001155099.1
OG0016072	XP_006099102.1	NP_080405.1
OG0016073	XP_023616197.1	NP_937806.1
OG0016074	XP_006096616.1	NP_766307.2
OG0016075	XP_006096601.1	NP_001289377.1
OG0016076	XP_006096594.1	NP_780612.2
OG0016077	XP_023616173.1	NP_033353.2
OG0016078	XP_023617831.1	NP_001158045.1
OG0016079	XP_006106932.1	NP_084232.1
OG0016080	XP_014320297.1	NP_001074704.1
OG0016081	XP_006099360.1	NP_001288572.1
OG0016082	XP_006099350.1	NP_660251.1
OG0016083	XP_006109108.3	NP_620398.1
OG0016084	XP_006104952.1	NP_080451.4
OG0016085	XP_023601789.1	NP_075027.1
OG0016086	XP_023618955.1	XP_006513861.3, NP_001264061.1
OG0016087	XP_014305307.1	NP_075358.1
OG0016088	XP_023618991.1	NP_001258957.1
OG0016089	XP_006099606.1	NP_998779.2
OG0016090	XP_014320522.1	NP_033462.2
OG0016091	XP_014320515.1	NP_001159636.1
OG0016092	XP_023618923.1	XP_006522783.1
OG0016093	XP_006099581.1	NP_031790.2
OG0016096	XP_023615423.1	NP_001361154.1
OG0016097	XP_006095888.1	NP_034593.1
OG0016098	XP_006092182.2	NP_598701.2
OG0016099	XP_006092192.1	XP_036021959.1
OG0016100	XP_023612493.1	NP_666109.2
OG0016101	XP_023615705.1	NP_032047.4
OG0016102	XP_006096159.1	NP_001156330.1
OG0016103	XP_023615704.1	NP_958759.2
OG0016104	XP_006096128.1	NP_033959.1
OG0016105	XP_014307094.1	NP_031683.1
OG0016106	XP_023605593.1	NP_058541.2
OG0016107	XP_014307107.1	NP_038728.1
OG0016108	XP_014307154.1	XP_006505526.1, NP_001028294.1
OG0016109	XP_014307248.1	NP_808354.1
OG0016110	XP_023605792.1	NP_619589.2
OG0016111	XP_006084311.1	NP_001163950.1
OG0016112	XP_006084320.1	NP_080636.2
OG0016113	XP_006084323.1	NP_038574.3
OG0016114	XP_006084343.1	NP_080915.1
OG0016115	XP_006084353.1	NP_035629.2
OG0016116	XP_006084354.1	NP_766321.1
OG0016117	XP_006084368.1	NP_031631.3
OG0016118	XP_006084366.1	NP_001121562.1
OG0016120	XP_023611291.1	NP_034038.2
OG0016121	XP_006090719.1	NP_035504.2
OG0016122	XP_006086832.1	NP_079896.1
OG0016123	XP_006086827.1	NP_001074706.1
OG0016124	XP_023608057.1	NP_080091.1
OG0016125	XP_023608031.1	NP_036124.2
OG0016126	XP_014313623.1	NP_032928.1, NP_001162164.1
OG0016127	XP_006091551.1	NP_808384.2
OG0016128	XP_006091567.1	NP_766200.1
OG0016129	XP_006109624.2	NP_001013763.1
OG0016130	XP_014313691.1	NP_083374.1
OG0016131	XP_006091574.1	XP_006521408.1, NP_081243.1
OG0016132	XP_006091582.1	NP_001019873.1, XP_006521038.1
OG0016133	XP_006091599.1	NP_083512.2
OG0016134	XP_014313730.1	XP_011243931.1
OG0016135	XP_014317242.1	NP_083046.2
OG0016136	XP_006095747.1	NP_149064.1
OG0016138	XP_006095759.1	NP_998893.1
OG0016139	XP_023615409.1	NP_001276619.1
OG0016140	XP_006095793.1	NP_068359.1
OG0016141	XP_006095844.1	NP_034592.2
OG0016142	XP_006095889.1	NP_034596.1
OG0016143	XP_006095845.1	NP_783857.1
OG0016144	XP_006091632.1	NP_081580.2
OG0016145	XP_023610606.1	NP_082539.2
OG0016146	XP_006109875.1	NP_789742.2
OG0016147	XP_023609110.1	NP_031443.4
OG0016148	XP_023609096.1	NP_033374.2
OG0016150	XP_023605221.1, XP_023601648.1	NP_001157083.1
OG0016151	XP_006090092.1	NP_058550.1
OG0016152	XP_006090077.2	NP_064674.1
OG0016153	XP_006090065.2	NP_058557.2
OG0016154	XP_006090062.1	NP_062672.2
OG0016155	XP_006090055.1	NP_032554.2
OG0016156	XP_006090046.1	NP_081943.2
OG0016157	XP_006090040.1	XP_011245614.1
OG0016158	XP_006090033.1	NP_001347605.1
OG0016159	XP_006090024.1	NP_080428.1
OG0016160	XP_006090023.1	NP_080028.1
OG0016161	XP_014312386.2	NP_061250.2
OG0016162	XP_023610618.1	XP_006527543.1
OG0016163	XP_006090006.1	NP_032725.1
OG0016164	XP_006090005.1	NP_659123.2
OG0016165	XP_006101781.1	NP_001074546.1
OG0016166	XP_023599008.1	NP_001028515.1
OG0016167	XP_023599010.1	NP_035850.3
OG0016168	XP_006095958.1	NP_444330.2
OG0016169	XP_006095985.1	NP_001074740.1
OG0016170	XP_014317395.2	NP_067335.4
OG0016171	XP_023615570.1	NP_032044.2
OG0016172	XP_006095992.1	NP_033315.2
OG0016173	XP_006096007.1	NP_001156739.1
OG0016174	XP_006095998.1	NP_079972.1
OG0016175	XP_006088180.1	NP_001078859.1
OG0016176	XP_006088237.1	NP_034262.2
OG0016177	XP_006101279.1	NP_084473.1
OG0016178	XP_023604937.1	XP_006507203.1
OG0016180	XP_023603236.1	XP_011240203.1
OG0016182	XP_023618429.1	NP_036123.3, XP_006536255.1
OG0016183	XP_006099052.1	NP_444349.1
OG0016184	XP_006099053.1	NP_722478.2
OG0016185	XP_006109974.1	NP_001157957.1
OG0016186	XP_023617056.1	NP_068358.2
OG0016187	XP_006109885.3	NP_034472.1
OG0016188	XP_014323048.1	NP_038554.1
OG0016189	XP_006085346.3	NP_001104566.1
OG0016190	XP_023606669.1	NP_808398.1
OG0016191	XP_006090669.1	NP_775619.2
OG0016192	XP_006086452.1	NP_001028460.1
OG0016193	XP_006086420.1	NP_598593.1
OG0016194	XP_006086405.1	NP_034397.1
OG0016195	XP_006086401.2	NP_001382799.1
OG0016196	XP_006100776.1	NP_780615.2
OG0016197	XP_006105958.1	XP_006538272.1
OG0016198	XP_006105401.1	NP_001243071.1
OG0016199	XP_006093085.1	NP_775626.1
OG0016200	XP_023620352.1	NP_766034.2
OG0016202	XP_006087540.1	NP_598510.1
OG0016203	XP_023608659.1	NP_852081.2
OG0016204	XP_014310230.1	XP_036018243.1
OG0016205	XP_014310242.1	NP_080896.2
OG0016206	XP_006093192.2	NP_038747.2
OG0016207	XP_006093196.1	NP_082393.3
OG0016208	XP_023613242.1	NP_796131.1
OG0016209	XP_006093199.1	NP_666237.1
OG0016210	XP_014314945.1	XP_006499750.1
OG0016212	XP_014314965.1	NP_808513.2
OG0016213	XP_006093203.1	NP_001019316.1
OG0016214	XP_006093143.1	NP_083075.1
OG0016215	XP_006093177.1	XP_011237768.1
OG0016216	XP_006093170.1	NP_031978.2
OG0016217	XP_006093181.1	NP_001192298.1
OG0016218	XP_006086072.1	NP_062762.1
OG0016219	XP_006086059.1	XP_030104745.1
OG0016220	XP_006086055.1	NP_079889.2
OG0016221	XP_006086096.2	NP_036108.2
OG0016222	XP_006085977.1	XP_036010534.1
OG0016223	XP_006093465.1	NP_035279.2
OG0016224	XP_023613587.1	NP_057897.2
OG0016225	XP_006093442.1	NP_067320.2
OG0016226	XP_023613584.1	NP_659062.1
OG0016227	XP_006087886.1	NP_080511.2
OG0016228	XP_006087895.1	NP_001400450.1
OG0016229	XP_006087908.1	NP_083130.1
OG0016230	XP_006087940.1	NP_666335.1
OG0016231	XP_023613591.1	NP_001357800.1, XP_036010979.1
OG0016232	XP_014306278.1	NP_852467.1
OG0016233	XP_006108579.1	NP_082047.1
OG0016234	XP_006107428.1	NP_075869.2
OG0016235	XP_006093764.1	NP_084477.1
OG0016236	XP_006105878.1	NP_001074537.1
OG0016238	XP_023604132.1	NP_001404016.1
OG0016239	XP_006107315.1	NP_080386.3
OG0016240	XP_023601363.1	NP_032364.1
OG0016241	XP_006104326.1	NP_849211.3
OG0016242	XP_014302843.1	NP_033723.1
OG0016243	XP_006099980.1	NP_660134.1
OG0016244	XP_023619328.1	XP_006513979.1
OG0016245	XP_006096019.1	NP_033751.3
OG0016247	XP_006098102.1	NP_001035967.1
OG0016248	XP_006098103.1	NP_031960.1
OG0016249	XP_006101436.1	NP_001157059.1, NP_082183.2
OG0016250	XP_006096662.3	NP_001355681.1
OG0016251	XP_023614166.1	NP_849208.4
OG0016252	XP_006084637.1	XP_036020963.1
OG0016253	XP_023606079.1	NP_849185.2
OG0016255	XP_006090128.1	NP_081322.1
OG0016257	XP_006090142.1	NP_082956.2
OG0016258	XP_006094489.1	NP_001127952.1
OG0016259	XP_023611571.1	NP_032073.2
OG0016261	XP_006092905.1	NP_033497.1
OG0016262	XP_014314714.1	XP_006522395.1
OG0016263	XP_023613064.1	NP_079605.1
OG0016264	XP_006092871.1	NP_808301.3
OG0016265	XP_023606294.1	XP_006521824.1
OG0016266	XP_006084856.1	NP_001004151.1
OG0016267	XP_023601090.1	NP_001018041.2
OG0016268	XP_006084833.1	NP_001013783.1
OG0016269	XP_014308857.2	NP_032755.2
OG0016270	XP_006081634.1	NP_081311.1
OG0016271	XP_006081535.1	NP_941002.3
OG0016272	XP_006081516.1	NP_083154.1
OG0016273	XP_023607641.1	NP_001365876.1
OG0016274	XP_023606258.1	XP_011247990.1
OG0016275	XP_014307779.1	NP_001403931.1
OG0016276	XP_023606383.1	XP_030105017.1
OG0016278	XP_006084892.1	NP_001001881.1
OG0016279	XP_023606251.1	XP_017172339.1
OG0016280	XP_023606250.1	NP_038493.1
OG0016281	XP_006084853.1	NP_001346012.1
OG0016282	XP_006084837.2	NP_057883.1
OG0016283	XP_023606244.1	NP_898887.1
OG0016284	XP_023599775.1	NP_082119.1
OG0016285	XP_014311486.1	NP_001277998.1
OG0016286	XP_006088925.1	NP_085034.2
OG0016287	XP_006088913.1	XP_006535530.1
OG0016288	XP_023607138.1	NP_034355.2
OG0016289	XP_023607136.1	XP_006516731.1
OG0016290	XP_006085773.1	NP_084491.3
OG0016291	XP_023602049.1	NP_076331.2
OG0016292	XP_014301707.1	NP_031582.1
OG0016293	XP_023613183.1	NP_001311454.1
OG0016294	XP_006092983.1	NP_001157044.1
OG0016295	XP_006091828.1	NP_064314.2
OG0016296	XP_006091811.1	NP_001005422.1
OG0016297	XP_023612256.1	NP_001074894.1
OG0016298	XP_006091807.1	NP_001028364.1
OG0016299	XP_014303399.1	NP_064418.1
OG0016300	XP_006099404.1	XP_006516866.1, NP_083904.1
OG0016301	XP_023611893.1	NP_075885.1
OG0016302	XP_023599378.1	NP_033348.2
OG0016303	XP_006083232.1	NP_067306.1
OG0016304	XP_023599279.1	NP_034184.1
OG0016305	XP_014313482.1	NP_001342047.1
OG0016306	XP_023599561.1	NP_083999.1
OG0016307	XP_023601027.1	NP_853525.3
OG0016308	XP_023600676.1	NP_001185801.1
OG0016309	XP_006083175.1	NP_075544.1
OG0016310	XP_014302095.2	NP_032301.2
OG0016311	XP_006083151.1	NP_032300.2
OG0016312	XP_006083103.1	NP_035024.1
OG0016313	XP_023617884.1	NP_034060.2
OG0016314	XP_006083130.1	NP_001074502.1
OG0016316	XP_006110109.1	NP_034002.2
OG0016317	XP_023617882.1	NP_082875.1
OG0016318	XP_006082443.1	XP_030099043.1, NP_082822.1
OG0016319	XP_006082451.1	NP_001036099.1
OG0016320	XP_006082475.1	XP_006496111.1
OG0016321	XP_023618941.1	XP_017176813.1
OG0016322	XP_023618924.1	NP_032083.3
OG0016323	XP_023619034.1	NP_001355753.1
OG0016324	XP_023616614.1	XP_011236872.1
OG0016325	XP_006082546.1	NP_083436.2
OG0016326	XP_006082558.1	NP_001038998.1
OG0016327	XP_014320035.1	NP_034648.2
OG0016328	XP_006082593.1	NP_033544.1
OG0016330	XP_006082423.1	NP_620080.1
OG0016332	XP_006096975.1	NP_031596.1
OG0016333	XP_006103257.1	NP_062508.2
OG0016334	XP_014303937.1	NP_766238.1
OG0016335	XP_014306058.1	NP_080643.4
OG0016337	XP_006104754.1	NP_001034572.1
OG0016338	XP_023601627.1	NP_064377.2
OG0016339	XP_006104752.1	NP_001013400.1
OG0016340	XP_006103836.1	NP_033088.2
OG0016341	XP_006103318.1	NP_766235.1
OG0016342	XP_006096960.1	NP_080510.1
OG0016344	XP_023615800.1	NP_001002272.1
OG0016345	XP_006110007.2	NP_808414.2
OG0016346	XP_006082895.1	NP_085117.2
OG0016347	XP_023620619.1	NP_080410.3
OG0016348	XP_006084755.1	NP_071717.1
OG0016349	XP_006110137.1	NP_776140.1
OG0016350	XP_014314134.1	NP_038940.1
OG0016351	XP_023612269.1	XP_017174121.1
OG0016352	XP_006082137.1	NP_057906.2
OG0016353	XP_023612195.1	NP_001028532.1
OG0016356	XP_006088632.1	NP_032203.1
OG0016357	XP_006088621.1	NP_001277455.1
OG0016358	XP_006085673.1	NP_808419.1
OG0016359	XP_006085712.1	NP_031456.1
OG0016360	XP_023620914.1	NP_775590.2
OG0016361	XP_014312903.2	NP_081715.1
OG0016362	XP_006090631.1	NP_082334.1
OG0016363	XP_023616714.1	NP_001078862.1
OG0016364	XP_023616673.1	XP_011245754.1
OG0016365	XP_023616707.1	NP_033331.2
OG0016366	XP_023615767.1	XP_006528905.1
OG0016367	XP_006096204.2	NP_001361102.1
OG0016368	XP_006082910.2	NP_808457.1
OG0016369	XP_006082984.1	NP_034240.1
OG0016370	XP_006083039.1	NP_001028534.1
OG0016371	XP_023620160.1	NP_067496.2
OG0016372	XP_006082940.1	XP_006528223.1
OG0016373	XP_023620787.1	XP_030107021.1
OG0016374	XP_023620488.1	NP_033722.1
OG0016375	XP_006084764.1	NP_620081.1
OG0016376	XP_006084744.1	NP_080515.1
OG0016377	XP_023606216.1	NP_780655.2
OG0016378	XP_023612729.1	NP_795945.1
OG0016379	XP_006082405.2	NP_780535.1
OG0016380	XP_006082333.1	XP_006528681.1
OG0016381	XP_023612642.1	NP_001307875.1
OG0016382	XP_006082315.1	NP_058579.2
OG0016383	XP_014315762.1	NP_001075425.1
OG0016384	XP_006082164.1	NP_861416.1
OG0016385	XP_006082372.1	NP_001369236.1, NP_001034329.2
OG0016386	XP_006101483.1	NP_001018097.1
OG0016387	XP_014310423.1	NP_001157662.1
OG0016388	XP_006087792.1	XP_036017901.1
OG0016389	XP_006087746.1	NP_001025039.1
OG0016390	XP_006087732.1	NP_001171444.1
OG0016391	XP_023608777.1	NP_001075448.1
OG0016392	XP_006087716.1	NP_061264.1
OG0016393	XP_006096268.2	XP_030107238.1, NP_001028958.1
OG0016394	XP_006082971.1	NP_001107556.1
OG0016396	XP_014307453.1	NP_001007267.1
OG0016397	XP_006086235.1	NP_795907.1
OG0016398	XP_006109784.1	NP_001366172.1
OG0016401	XP_006094477.2	NP_663537.1
OG0016402	XP_023608143.1	XP_006517744.1
OG0016403	XP_006100973.1	NP_080230.2
OG0016404	XP_023615986.1, XP_006096402.1	NP_067403.2
OG0016405	XP_023612552.1	NP_001359388.1
OG0016406	XP_023605757.1	NP_038563.1
OG0016407	XP_023603506.1	NP_001157097.1, XP_011244958.1
OG0016408	XP_006103915.1	NP_001078909.1
OG0016410	XP_023599324.1	NP_081197.1
OG0016412	XP_006108088.1	NP_032006.1
OG0016413	XP_023605810.1	NP_808355.1, XP_011239631.2
OG0016415	XP_006095515.1	NP_062664.2
OG0016416	XP_006110190.1	NP_080117.1
OG0016417	XP_006110013.1	XP_017177084.1, NP_036143.1
OG0016420	XP_023615768.1	XP_017174081.1, NP_001276804.2
OG0016422	XP_006095822.2	NP_061257.1
OG0016423	XP_006104943.1	NP_080426.1
OG0016425	XP_014323234.2	NP_598851.2
OG0016426	XP_023619996.1, XP_023619995.1	NP_001157200.1
OG0016430	XP_006083028.1	NP_851836.2
OG0016432	XP_006106578.1	NP_084022.2
OG0016433	XP_006094250.1	NP_001092789.1
OG0016434	XP_006100896.2	NP_001351082.1, NP_001078969.2
OG0016435	XP_023602058.1	NP_808469.1, XP_006533645.1
OG0016442	XP_023604877.1	NP_076018.2
OG0016453	XP_006107111.3	NP_038592.3
OG0016454	XP_006101973.1	NP_038681.2
OG0016456	XP_023606666.1	NP_035413.1
OG0016459	XP_006100237.1	NP_067258.1
OG0016460	XP_006088483.1	NP_032138.3
OG0016462	XP_006099055.1	NP_067257.1
OG0016463	XP_006095883.1	NP_034798.2, XP_030104217.1
OG0016465	XP_006100027.1	NP_033340.3
OG0016466	XP_023619566.1	NP_031630.1
OG0016467	XP_023612614.1	NP_034540.1
OG0016468	XP_023602580.1	NP_075627.2
OG0016469	XP_006100333.3	NP_067357.1
OG0016470	XP_006093970.2	NP_444332.1
OG0016471	XP_006101408.1	NP_079639.1
OG0016472	XP_006095470.2	NP_032587.1
OG0016473	XP_014307241.1, XP_006084305.1	NP_996913.1
OG0016475	XP_006087212.1	NP_067426.1
OG0016477	XP_006096254.1	NP_032647.1
OG0016478	XP_006101292.1	NP_954608.1
OG0016479	XP_006097423.1	NP_035534.2
OG0016481	XP_014312237.1	NP_778201.1
OG0016482	XP_023600561.1	NP_001399217.1
OG0016483	XP_006109880.1	NP_068692.1
OG0016486	XP_023614528.1	NP_666472.2
OG0016490	XP_023608433.1	NP_667064.2
OG0016491	XP_014316296.1	NP_001343339.1
OG0016492	XP_006092088.1	NP_666913.1
OG0016493	XP_014313927.1	NP_666415.1, NP_666483.1
OG0016495	XP_006094599.1	NP_667310.2
OG0016500	XP_006091996.1, XP_014306319.1	NP_067343.1
OG0016502	XP_006107745.1	NP_001013854.2
OG0016506	XP_023616363.1	NP_035886.1
OG0016507	XP_006097460.1	NP_954667.1
OG0016508	XP_006087211.1	NP_663468.1
OG0016509	XP_006089248.1	NP_001156429.1
OG0016510	XP_006089263.1	XP_006512881.1, NP_079960.1
OG0016512	XP_023620348.1	NP_080796.1
OG0016513	XP_006101118.1	NP_898983.1
OG0016514	XP_006094196.1	NP_083198.1
OG0016515	XP_023604846.1, XP_023600434.1	NP_080388.2
OG0016516	XP_023600477.1	NP_722497.1
OG0016517	XP_006109405.1	NP_001034621.1
OG0016523	XP_006106196.1	NP_031411.1
OG0016525	XP_006102703.1	NP_001390439.1
OG0016528	XP_023618093.1	NP_071290.1
OG0016529	XP_006096045.1	NP_059090.3
OG0016530	XP_023614089.1	NP_001392348.1, NP_001029151.1
OG0016533	XP_014319907.2	NP_001375379.1, NP_001375380.1
OG0016534	XP_014309319.1	NP_001254725.1
OG0016535	XP_006086538.1	NP_079870.1
OG0016536	XP_023607819.1	NP_001003671.1
OG0016540	XP_014308197.1	NP_001389812.1
OG0016542	XP_006094091.1	NP_033907.1
OG0016543	XP_006094127.3	NP_666269.2
OG0016545	XP_006081610.1	NP_084513.3
OG0016548	XP_006106133.1	NP_038531.1
OG0016549	XP_023611902.1	NP_067342.1
OG0016550	XP_006081348.1	NP_075022.2
OG0016551	XP_014304144.1	XP_017167887.1
OG0016558	XP_014321010.1	NP_001193613.1
OG0016559	XP_023604923.1	NP_032222.1
OG0016561	XP_023602025.1	NP_056560.1
OG0016563	XP_023613684.1	NP_001004191.2
OG0016565	XP_006109682.1	NP_034555.3
OG0016566	XP_006101835.1	NP_001161064.1
OG0016568	XP_006093542.1	NP_001396139.1
OG0016569	XP_006102841.3	NP_001038991.1
OG0016571	XP_023610415.1	NP_001028945.2
OG0016572	XP_014305166.1	XP_006538909.1
OG0016576	XP_023600020.1	XP_017175520.1
OG0016577	XP_023603876.1	NP_663581.1
OG0016578	XP_023616874.1	XP_006531537.1
OG0016580	XP_006087116.1	NP_062519.2
OG0016582	XP_006099519.1	NP_082314.2
OG0016583	XP_023616873.1	NP_001007463.1
OG0016584	XP_014315023.1	NP_031968.1
OG0016585	XP_014310832.2	NP_032121.3
OG0016586	XP_023609177.1	NP_081397.1
OG0016587	XP_006088343.3	NP_109644.2
OG0016588	XP_023609236.1	NP_058081.2
OG0016589	XP_006081568.1	NP_081632.1
OG0016590	XP_023614526.1	NP_001382683.1
OG0016591	XP_006081107.1	NP_075811.2, XP_011239314.1
OG0016596	XP_006105369.1	NP_109616.1
OG0016598	XP_006090464.2	NP_080115.1
OG0016600	XP_014321775.2	NP_001156574.1
OG0016601	XP_023620205.1	NP_075749.1
OG0016608	XP_006089997.2	NP_079700.1
OG0016609	XP_006089007.2	NP_001028456.1
OG0016610	XP_006103261.2, XP_006086095.2	NP_001277621.1
OG0016612	XP_006106263.1	NP_001136203.1
OG0016614	XP_023610042.1	NP_796252.2, XP_006524479.1
OG0016615	XP_023610028.1	NP_796111.2
OG0016616	XP_023610036.1	XP_006525958.1, NP_659116.1
OG0016617	XP_006110081.1	NP_032185.1
OG0016618	XP_006085881.1	XP_006515596.1, NP_032727.2
OG0016621	XP_006085874.2	NP_080085.3
OG0016622	XP_006097041.1	NP_056589.1
OG0016623	XP_014313330.1	NP_001028321.1
OG0016624	XP_014309703.1	NP_665835.1
OG0016631	XP_006088152.2	NP_666486.1
OG0016633	XP_006095002.1	NP_058576.2
OG0016634	XP_006095009.1	NP_001093244.1
OG0016635	XP_006107710.1	NP_084520.3
OG0016636	XP_023605191.1	NP_033984.1
OG0016643	XP_006106827.1	NP_795876.1
OG0016645	XP_023612691.1	NP_083583.2
OG0016647	XP_023612740.1	XP_006533551.3
OG0016648	XP_006098987.1	NP_032296.2
OG0016650	XP_006101996.1	NP_080160.2
OG0016651	XP_006095554.1	NP_062282.2
OG0016652	XP_014317006.2	NP_080461.3
OG0016653	XP_006109276.1	NP_062792.2
OG0016657	XP_023605096.1	NP_828875.1
OG0016661	XP_006102137.1	NP_705788.1
OG0016662	XP_023600498.1, XP_023600499.1	NP_001156470.1
OG0016664	XP_006093640.1	NP_034695.1
OG0016665	XP_023613002.1	NP_001157086.1
OG0016666	XP_006095550.1	NP_001028505.1
OG0016667	XP_023618551.1	NP_080499.1
OG0016670	XP_006108949.1	XP_036015516.1, NP_083703.1
OG0016671	XP_006102461.1	NP_064667.2
OG0016672	XP_023605609.1	NP_079775.2
OG0016673	XP_014308640.1	NP_766527.3
OG0016675	XP_023599911.1	NP_001359345.1
OG0016678	XP_006104084.2	NP_080017.1
OG0016680	XP_023619565.1	NP_083381.1
OG0016681	XP_023607765.1	NP_001333661.1
OG0016682	XP_006104078.1	NP_808389.2
OG0016683	XP_006098181.1	NP_796322.1
OG0016684	XP_023618237.1	XP_006538058.1, NP_796169.2
OG0016685	XP_006096560.1	XP_006538373.1
OG0016686	XP_023616151.1	NP_899121.1
OG0016687	XP_006087271.1	XP_006503554.1
OG0016689	XP_023620549.1	NP_001030043.1
OG0016691	XP_023604359.1	NP_001028538.1
OG0016692	XP_006104673.1	NP_001357964.1, NP_683741.1
OG0016693	XP_023601621.1	NP_075952.1
OG0016695	XP_014306026.1	NP_001157291.1
OG0016696	XP_006093281.1	NP_001035116.1
OG0016698	XP_006089231.1	NP_084479.1
OG0016707	XP_023601252.1	NP_851840.1
OG0016709	XP_023606490.1	NP_079607.1
OG0016710	XP_006109737.1	NP_001366308.1
OG0016711	XP_006085063.1	NP_056644.1
OG0016712	XP_006085488.1	NP_919239.1
OG0016713	XP_023619584.1	NP_071868.2
OG0016714	XP_023618534.1	NP_035271.1
OG0016715	XP_023608604.1	NP_666877.1
OG0016717	XP_006087364.1	NP_080567.1
OG0016720	XP_006094800.1	NP_032869.2
OG0016722	XP_006101061.1	NP_056554.1
OG0016723	XP_006102623.1	NP_065595.2
OG0016724	XP_023600288.1	NP_064328.2
OG0016726	XP_023619702.1	NP_033532.1
OG0016731	XP_006094401.1	NP_084275.3
OG0016735	XP_023612892.1	XP_036019032.1, NP_899047.1
OG0016736	XP_006097976.1	NP_001138506.1
OG0016740	XP_014322456.1	NP_473383.1
OG0016741	XP_006104415.1	NP_941052.1
OG0016742	XP_023601418.1	NP_033032.1
OG0016743	XP_006091890.1	NP_666893.1
OG0016744	XP_023617581.1	NP_032033.2
OG0016745	XP_006098142.1	NP_032029.1
OG0016746	XP_006081742.1	NP_081834.1
OG0016747	XP_023602987.1	NP_001001495.2
OG0016748	XP_023613632.1	NP_082411.1
OG0016750	XP_023616641.1	NP_001002267.2
OG0016752	XP_023599045.1	NP_031935.3
OG0016753	XP_006101870.1	NP_075793.1
OG0016754	XP_006106574.1	NP_663573.1
OG0016757	XP_006109933.1	NP_032184.1
OG0016759	XP_023603044.1	NP_036006.1
OG0016761	XP_006107970.1	NP_796249.1
OG0016763	XP_006107758.1	NP_694812.1
OG0016764	XP_006110121.1	NP_034280.2
OG0016765	XP_023604722.1	XP_017168915.1
OG0016767	XP_023603612.1	NP_899001.1
OG0016769	XP_006101192.1	NP_001093387.1
OG0016771	XP_023603180.1	NP_067402.2
OG0016772	XP_023611691.1	XP_011239990.1
OG0016773	XP_006091116.1	NP_035140.1
OG0016776	XP_006083593.1	NP_001121565.1
OG0016777	XP_006083579.1	NP_997535.2
OG0016778	XP_014319684.1	NP_080009.1, NP_001345170.1, XP_017171619.1
OG0016779	XP_023607500.1	NP_808383.3
OG0016781	XP_014322904.2	NP_062394.2
OG0016782	XP_023603856.1	XP_006509217.1
OG0016783	XP_023604890.1	XP_011243363.2
OG0016785	XP_006099835.2	NP_034981.1
OG0016786	XP_006083773.2	NP_033301.1
OG0016790	XP_023601278.1, XP_023601279.1	NP_001028469.1
OG0016793	XP_006104255.1	NP_056569.2
OG0016794	XP_006088049.2	NP_001158285.1
OG0016795	XP_006109837.1	NP_031708.2
OG0016798	XP_023610256.1	NP_034356.1
OG0016800	XP_006089523.1	XP_006500370.1, NP_001130028.1
OG0016801	XP_006085231.1	NP_663610.1
OG0016802	XP_014316927.1	NP_783439.1
OG0016803	XP_006095514.1	NP_081579.2
OG0016806	XP_023610148.1	NP_001165111.1
OG0016810	XP_006082747.1	NP_034392.1
OG0016811	XP_006092172.1	NP_001388129.1
OG0016814	XP_023614912.1	XP_011246373.1
OG0016816	XP_023602640.1	NP_032525.1
OG0016817	XP_006106261.2	NP_033019.2
OG0016819	XP_006108356.1	NP_079947.1
OG0016821	XP_006096621.1	NP_001095016.3
OG0016829	XP_014320527.2	NP_001360867.1
OG0016830	XP_006099570.1	NP_071719.1
OG0016832	XP_006091638.1	NP_067254.1
OG0016833	XP_006095882.1	NP_444479.2
OG0016834	XP_023615438.1	NP_579935.1
OG0016836	XP_014307153.1	NP_001001179.2
OG0016837	XP_006084398.1	NP_001192292.1
OG0016838	XP_014307179.1	NP_001258512.1
OG0016839	XP_023605582.1	XP_036021636.1
OG0016840	XP_023608035.1	NP_001158065.1
OG0016842	XP_006095841.1	NP_034594.1
OG0016843	XP_006090745.2	NP_001229274.1
OG0016845	XP_006110182.1	NP_033508.1
OG0016846	XP_006088249.1	NP_997144.1
OG0016848	XP_006104048.1	NP_694423.1
OG0016850	XP_023610596.1	NP_899018.1
OG0016852	XP_014301833.1	NP_001164215.1
OG0016854	XP_006110078.1	NP_067535.3
OG0016855	XP_006102202.1	NP_001025476.1
OG0016856	XP_006085348.1	NP_064405.2
OG0016857	XP_006110148.1	NP_067486.2
OG0016860	XP_006087953.2	NP_598743.1
OG0016862	XP_006093174.1	NP_080594.2
OG0016866	XP_006099972.1	NP_001075164.1
OG0016867	XP_014304492.1	NP_001156613.1
OG0016868	XP_006104246.1	NP_766635.1
OG0016869	XP_006084684.1	NP_031526.1
OG0016870	XP_006110140.1	NP_780479.1
OG0016872	XP_006101435.1	XP_006502327.1
OG0016873	XP_006084703.2	NP_067407.1
OG0016874	XP_006084591.1	XP_006535342.1
OG0016876	XP_023606264.1	NP_808300.1
OG0016877	XP_006092915.1	NP_077784.2
OG0016878	XP_023604867.1	NP_081927.1, XP_011244314.1
OG0016880	XP_023613118.1	NP_082571.1
OG0016881	XP_023613076.1	NP_775615.2
OG0016882	XP_023613063.1	NP_899106.2
OG0016884	XP_006084835.1	NP_001095110.1
OG0016885	XP_023619672.1	NP_001161468.1
OG0016886	XP_006084896.1	NP_034273.1
OG0016887	XP_014308697.1	NP_032618.2
OG0016888	XP_006099163.1	NP_705757.1, NP_001361683.1
OG0016889	XP_014303289.1	NP_034507.2
OG0016890	XP_023602523.1	NP_079995.2
OG0016892	XP_006107997.1	NP_075626.1
OG0016893	XP_014308619.1	NP_032265.3
OG0016894	XP_006083237.1	NP_001334090.1
OG0016895	XP_023599236.1	NP_032299.1
OG0016896	XP_006082828.1	NP_694751.1
OG0016899	XP_023615089.1	NP_001075127.1
OG0016901	XP_006094948.1	NP_001298031.1
OG0016903	XP_023616465.1	XP_011237162.1, NP_001158197.1
OG0016904	XP_006109892.1	NP_038920.2
OG0016905	XP_023615769.1	NP_076277.1
OG0016906	XP_006082970.1	NP_001074605.1
OG0016907	XP_006082918.1	NP_032697.2
OG0016908	XP_006082872.1	NP_032927.1
OG0016910	XP_006082400.1	NP_001007577.1, XP_006528904.1
OG0016911	XP_006082399.1	NP_067462.1
OG0016914	XP_023607119.1	NP_001075136.1
OG0016915	XP_006097236.2	NP_035721.1
OG0016916	XP_006097253.1	NP_613068.1
OG0016917	XP_006096219.1	NP_061268.2
OG0016918	XP_023620848.1	NP_113561.2
OG0016919	XP_006082959.1	NP_061259.1
OG0016920	XP_006082886.1	NP_001161460.1
OG0016921	XP_006084747.1	NP_757340.1, XP_006528578.1
OG0016922	XP_006082350.1	NP_034427.2
OG0016923	XP_023614549.1	NP_001033004.1
OG0016924	XP_023613212.1	NP_034702.2
OG0016925	XP_023612174.1	NP_033601.2
OG0016926	XP_006087756.1	NP_031461.1
OG0016927	XP_006096234.1	NP_780331.1
OG0016929	XP_014317572.1	NP_853615.1
OG0016933	XP_023610259.1	NP_001127772.1
OG0016936	XP_006082561.1	NP_033433.1
OG0016937	XP_006109999.1	NP_001334468.1, NP_001390704.1, NP_001390702.1, NP_001390706.1, NP_001334467.1
OG0016940	XP_006093146.1	NP_808514.2
OG0016942	XP_006084534.1	NP_001010831.1
OG0016943	XP_023606310.1	NP_032174.2
OG0016945	XP_014323432.1	NP_082612.2
OG0016947	XP_006094610.1	NP_667033.2
OG0016948	XP_006094586.1	NP_666473.2
OG0016949	XP_014301427.1	NP_032625.2
OG0016950	XP_014310984.1	NP_001138832.1
OG0016951	XP_023601419.1	NP_001159391.1
OG0016952	XP_006083294.1	NP_079698.2, NP_001277589.1
OG0016954	XP_023601373.1	NP_536704.1
OG0016955	XP_023608123.1, XP_014306402.1	NP_001349441.1, NP_001349440.1, NP_001349442.1, NP_001030323.1, NP_001030322.1
OG0016956	XP_023604047.1	NP_001355764.1, XP_006538879.1
OG0016959	XP_006104913.1	NP_001355578.1
OG0016961	XP_006100387.1	NP_001278221.1
OG0016963	XP_014302646.1	NP_031771.1
OG0016965	XP_014301896.1	NP_076244.2, XP_006530024.1
OG0016979	XP_023602034.1	XP_006524093.1, NP_033388.1
OG0016982	XP_014319703.1	NP_001028303.1
OG0016983	XP_006102427.1	NP_001171529.1
OG0016988	XP_006089445.1	NP_001001444.1
OG0016990	XP_006086238.1	NP_080885.1
OG0016992	XP_006094693.1	NP_667295.1
OG0016994	XP_006105201.1	NP_666921.1
OG0016995	XP_006094660.1	NP_667300.1
OG0016998	XP_014316171.1	NP_667292.2
OG0017000	XP_006103075.1	NP_035170.1
OG0017001	XP_023604876.1	NP_001350953.1, NP_081584.1
OG0017002	XP_023616338.1	NP_940817.1
OG0017004	XP_006087248.1	NP_796002.1, XP_036017063.1
OG0017008	XP_014303084.1	NP_780610.2, XP_006516890.1
OG0017023	XP_014318680.2	NP_001034307.2
OG0017025	XP_023607818.1	NP_001003672.1
OG0017026	XP_023607804.1	NP_291061.1
OG0017027	XP_006086503.1	NP_291059.1
OG0017028	XP_006086501.1	NP_291060.1
OG0017030	XP_014315781.1	NP_001357580.1
OG0017031	XP_023602988.1	NP_038807.4
OG0017033	XP_014304145.1	NP_001361565.1
OG0017038	XP_014311663.1	NP_758462.2
OG0017042	XP_023599017.1	NP_001186882.1
OG0017043	XP_023613662.1	NP_083915.2
OG0017044	XP_023613691.1	NP_941077.2, XP_036010991.1
OG0017055	XP_006094933.1	NP_848806.2
OG0017057	XP_006087019.1	NP_035609.1
OG0017065	XP_006109896.1	NP_035925.2
OG0017069	XP_006095580.1	NP_032785.1
OG0017071	XP_023618580.1	NP_067269.1
OG0017078	XP_023602403.1	NP_906269.1
OG0017082	XP_006110138.1	NP_898996.2
OG0017085	XP_023613484.1	NP_001034212.1
OG0017087	XP_023602269.1	NP_081820.2, NP_001238810.1
OG0017092	XP_023600620.1	NP_796136.2
OG0017098	XP_014310246.1	NP_898853.2, XP_006519205.1
OG0017103	XP_023601982.1	NP_001032840.1
OG0017107	XP_006091802.1	NP_001033749.1
OG0017108	XP_014304011.1	NP_001106650.1
OG0017117	XP_023608546.1	NP_032032.1
OG0017119	XP_023603303.1	NP_080288.1
OG0017121	XP_023599504.1	NP_082204.1
OG0017122	XP_006090910.1, XP_023611444.1	NP_852055.1
OG0017123	XP_023603099.1	NP_932763.1
OG0017125	XP_023620447.1	XP_006513144.1
OG0017127	XP_006094628.1	NP_666971.1
OG0017128	XP_023611690.1	NP_001124165.1
OG0017130	XP_006102004.1	NP_083795.2
OG0017132	XP_014317725.2	XP_054875646.1
OG0017134	XP_006098017.1	NP_084335.1
OG0017136	XP_006096488.2	NP_038488.4
OG0017138	XP_006089636.1	XP_006499792.1, NP_001138823.1
OG0017139	XP_006091500.1	NP_001012722.1
OG0017140	XP_023612028.1	NP_001005425.1, NP_001366403.1, NP_001366404.1, NP_001366405.1
OG0017141	XP_023610251.1	NP_001365340.1
OG0017151	XP_014317244.1	NP_808385.2
OG0017163	XP_006094159.1	NP_080178.1
OG0017164	XP_014321205.1, XP_014321212.2	NP_036126.2, XP_030108487.1
OG0017165	XP_023606072.1	XP_011247910.1, NP_001365349.1
OG0017167	XP_014316142.1	NP_001152769.1
OG0017168	XP_006081564.1	NP_666169.1
OG0017169	XP_023606255.1	NP_941001.2
OG0017171	XP_006105909.1	NP_001156400.1
OG0017173	XP_014320758.1	NP_848868.1
OG0017174	XP_014310457.1	NP_778158.2
OG0017176	XP_006096213.1	NP_001004154.1
OG0017179	XP_006097296.1	NP_808582.3
OG0017180	XP_023619439.1	NP_955762.1
OG0017183	XP_023602620.1	NP_659083.2
OG0017184	XP_006084532.1	NP_001008429.1
OG0017185	XP_023620203.1	NP_062704.2
OG0017187	XP_006105692.1	NP_666834.1
OG0017188	XP_006084786.1	NP_001028643.2
OG0017189	XP_006105970.1	NP_081396.1
OG0017192	XP_006104261.1	NP_033210.1
OG0017193	XP_006104120.1	NP_001351438.1
OG0017194	XP_023599076.1	NP_001289428.1, NP_032530.1
OG0017197	XP_014316614.1	NP_775093.1
OG0017199	XP_023615022.1	NP_082843.2
OG0017200	XP_023603837.1	XP_030104110.1
OG0017202	XP_023614618.1, XP_006098443.1	NP_001028576.1
OG0017204	XP_023603667.1	XP_036015225.1
OG0017205	XP_006091196.1	NP_001386694.1, NP_001363973.1
OG0017209	XP_014310258.1	NP_001001808.2
OG0017213	XP_023619679.1	NP_033756.2, XP_006500982.1
OG0017216	XP_014304771.1	NP_001007569.1
OG0017217	XP_023619450.1	NP_991389.1
OG0017233	XP_023618221.1	NP_001139273.1, XP_011242774.1, NP_031823.1, NP_001139271.1, NP_031822.2
OG0017238	XP_014302847.1	NP_033389.2
OG0017240	XP_023602749.1	NP_032585.2
OG0017242	XP_006106027.1	NP_694755.1, XP_006508990.1
OG0017243	XP_006108456.1	NP_001182530.1
OG0017250	XP_006089753.1	NP_666934.1
OG0017251	XP_023603375.1	NP_667009.1
OG0017262	XP_006090349.1	NP_083008.1
OG0017268	XP_006106424.1	NP_034566.1
OG0017275	XP_006096420.1	NP_038722.3
OG0017276	XP_023611076.1	XP_030105031.1, NP_001311446.2
OG0017282	XP_023606580.1	NP_033091.1
OG0017293	XP_006098616.1	NP_067292.2
OG0017295	XP_023601769.1	NP_765979.3
OG0017296	XP_023610470.1	XP_017173492.1
OG0017301	XP_014321458.1, XP_006109541.1	NP_659106.2
OG0017304	XP_006107223.1	XP_011244046.1, NP_898922.2
OG0017306	XP_006094445.1	NP_001239590.1, XP_006535231.1
OG0017310	XP_023608453.1	NP_001001650.1
OG0017313	XP_014321742.1, XP_023620169.1	XP_054875644.1
OG0017326	XP_014322394.1, XP_023620779.1	NP_001358207.1
OG0017331	XP_014316173.1	NP_766493.1
OG0017332	XP_006094694.1	NP_081910.1
OG0017334	XP_006094673.3	NP_001357824.1
OG0017335	XP_023599254.1	NP_001094989.1, XP_006508883.1
OG0017338	XP_023610914.1	NP_001356234.1
OG0017340	XP_006109904.3	NP_035568.1
OG0017341	XP_014301790.1	NP_996914.1
OG0017349	XP_006101278.1	NP_848508.2
OG0017350	XP_006088242.2	XP_030106960.1, NP_001074545.1
OG0017354	XP_023606292.1	NP_598868.1
OG0017363	XP_006082915.1	NP_083434.1
OG0017364	XP_006082387.1	NP_081117.1
OG0017366	XP_006097059.1	NP_080372.1
OG0017373	XP_006091213.1	NP_080789.2
OG0017375	XP_006099234.2	NP_081412.1
OG0017376	XP_006102514.1	NP_667114.2, NP_667115.1
OG0017380	XP_006093065.1	NP_081136.1
OG0017381	XP_023617909.1	NP_001340430.1
OG0017383	XP_023599269.1	NP_080110.1, NP_001344149.1
OG0017401	XP_014301532.1	NP_001034127.1
OG0017403	XP_014305824.1	NP_775595.1
OG0017404	XP_006089417.1	NP_038507.1
OG0017406	XP_014302507.1	NP_001028546.1
OG0017410	XP_014322791.1	NP_031995.3, NP_001075426.1
OG0017431	XP_006086559.1	NP_957708.1
OG0017439	XP_006091991.2	NP_666872.2
OG0017453	XP_023608166.1	NP_081340.1
OG0017459	XP_023602299.1	NP_001369390.1
OG0017482	XP_023612790.1	NP_031722.1
OG0017486	XP_006104915.1	NP_001410771.1
OG0017487	XP_006106463.1	NP_080614.1
OG0017494	XP_006110028.1	NP_683753.1
OG0017498	XP_006094634.1	NP_667280.1
OG0017505	XP_014308079.1	NP_001138487.1
OG0017508	XP_023611312.1	NP_001138862.1
OG0017509	XP_023608036.1	NP_997126.2
OG0017514	XP_014308932.1	XP_036011073.1, NP_001360927.1
OG0017518	XP_006081531.1	NP_001138634.1
OG0017522	XP_006096198.1	NP_932773.2
OG0017536	XP_006085132.2	NP_084119.1
OG0017538	XP_023617361.1	NP_861538.1
OG0017544	XP_023602018.1	XP_006523427.1, NP_001104564.1
OG0017551	XP_023610254.1	NP_001032591.1
OG0017558	XP_014306510.1	NP_001411223.1
OG0017568	XP_014310047.1	XP_017175827.1, NP_001093936.2, XP_011238857.1, NP_001136247.1
OG0017570	XP_006099047.1	NP_034966.1
OG0017571	XP_014317574.1	XP_006528841.1, NP_780638.1
OG0017575	XP_023610269.1	NP_659139.2, XP_006499395.1
OG0017577	XP_006108121.1	NP_941037.2, XP_006513854.1
OG0017597	XP_006102021.2	NP_038734.1
OG0017598	XP_023613359.1	NP_001277766.1
OG0017603	XP_006094608.1	NP_667330.1
OG0017604	XP_006094699.1	NP_667259.2
OG0017620	XP_014304074.1	NP_001391611.1
OG0017628	XP_006095705.1	NP_001025468.1
OG0017659	XP_023607768.1	NP_035065.1
OG0017663	XP_006091636.1	NP_001001807.1
OG0017669	XP_023603098.1	NP_001357778.1
OG0017670	XP_006086198.1	NP_001355654.1
OG0017678	XP_023610944.1	NP_808253.1
OG0017690	XP_014322677.1	NP_035308.2
OG0017691	XP_023612783.1	NP_081301.2
OG0017694	XP_006110088.3	NP_083591.1
OG0017703	XP_023608436.1	XP_006503067.1, NP_001159499.1, NP_808336.1, NP_808532.1
OG0017704	XP_014306451.1, XP_023601234.1	NP_032720.2
OG0017733	XP_023603839.1	NP_080385.2
OG0017737	XP_006094712.1	NP_667306.1, XP_017177766.1
OG0017748	XP_023604432.1	XP_006541404.1
OG0017767	XP_006092086.2	NP_666894.1
OG0017771	XP_014322900.1	XP_036010347.1
OG0017790	XP_006084529.1	NP_036109.3
OG0017791	XP_006110000.1	NP_001365526.1, NP_001386742.1
OG0017802	XP_023620627.1	NP_001033006.1
OG0017843	XP_006085374.1	XP_036015188.1, NP_759010.1, NP_001344859.1
OG0017911	XP_023609334.1	NP_001034210.1
OG0017923	XP_006087587.2	NP_991388.2
OG0017924	XP_006093271.1	NP_081875.1
OG0017933	XP_014309354.2	NP_808441.2
OG0017939	XP_006108341.1	NP_001298719.1, XP_006507383.1
OG0017940	XP_023618676.1	NP_001078968.1, XP_006541529.1
OG0017978	XP_014311612.1	XP_011243166.1, NP_001380458.1
OG0017996	XP_014319704.1	NP_001028527.2
OG0018047	XP_014314349.1	XP_006534177.1
OG0018068	XP_006094328.1	NP_991392.1
OG0018082	XP_014308349.1	NP_001403209.1, NP_001346440.1, NP_001346434.1
OG0018159	XP_023600099.1	NP_034103.2
OG0018214	XP_014313404.1	NP_082860.2
OG0018244	XP_006101271.1	XP_006518858.1
OG0018276	XP_006082913.2	NP_083812.1
OG0018675	XP_014318039.2	NP_958798.2, NP_958797.2
OG0018939	XP_006107169.2, XP_023614876.1	NP_001343878.1
OG0019085	XP_006089322.1	NP_001405861.1
OG0020727	XP_014305078.2	NP_001276943.1
OG0020829	XP_006098949.3	XP_006500878.1
OG0020836	XP_006105396.1	XP_006514255.1
OG0020845	XP_006108598.1	XP_006530338.1
OG0020883	XP_006102275.2	XP_036011688.1
